---
0.039370
-0.000211
-0.017532
-0.999071
0.003918
0.000146
-0.010127
-0.051940
-0.002812
-0.004999
-0.001941
-0.035010
-0.999385
0.000000
---
0.037919
0.000211
-0.016814
-0.999139
-0.004829
-0.008223
-0.015059
-0.063059
0.020177
-0.058106
-0.000923
-0.033614
-0.999434
0.084148
---
0.037099
0.000366
-0.016491
-0.999175
-0.001441
0.001195
-0.018010
-0.009357
0.021588
-0.080935
-0.000465
-0.032984
-0.999456
0.101270
---
0.036108
0.000503
-0.016421
-0.999213
-0.001188
0.001328
-0.018015
-0.002455
0.002877
-0.118681
-0.000211
-0.032852
-0.999460
0.118391
---
0.035445
0.000518
-0.016505
-0.999235
-0.000116
0.001159
-0.008244
0.013612
-0.000810
-0.064852
-0.000116
-0.033021
-0.999455
0.135514
---
0.035005
0.000634
-0.016494
-0.999251
-0.003773
-0.003711
-0.010197
-0.023428
0.024791
-0.062508
0.000133
-0.033008
-0.999455
0.152634
---
0.034588
0.000819
-0.016278
-0.999269
-0.003385
-0.003293
-0.010211
-0.017555
0.010854
-0.033896
0.000521
-0.032590
-0.999469
0.169756
---
0.034419
0.000872
-0.016168
-0.999276
-0.000329
-0.001124
-0.012171
-0.018952
0.007633
-0.014610
0.000647
-0.032374
-0.999476
0.186880
---
0.034345
0.000846
-0.016184
-0.999279
0.000572
0.000800
-0.019983
0.006629
-0.001689
-0.010691
0.000572
-0.032403
-0.999475
0.204000
---
0.034359
0.000863
-0.016213
-0.999278
0.000603
0.000741
-0.019981
0.004156
0.003450
0.002428
0.000603
-0.032463
-0.999473
0.221459
---
0.034051
0.000984
-0.016079
-0.999290
-0.002056
-0.002905
-0.013153
-0.013721
0.012799
-0.050509
0.000873
-0.032202
-0.999481
0.238003
---
0.033694
0.001078
-0.016090
-0.999302
-0.002840
0.001950
-0.016082
0.014000
0.012109
-0.044344
0.001067
-0.032230
-0.999480
0.254879
---
0.033411
0.001208
-0.016177
-0.999310
-0.002579
0.001768
-0.016075
0.010007
0.011344
-0.033474
0.001327
-0.032412
-0.999474
0.271942
---
0.033253
0.001348
-0.016122
-0.999316
-0.002300
-0.002037
-0.013148
-0.007359
0.020434
-0.010424
0.001606
-0.032311
-0.999477
0.289854
---
0.033252
0.001370
-0.016028
-0.999318
0.000700
-0.001853
-0.011201
-0.004735
0.003473
0.037676
0.001676
-0.032126
-0.999482
0.305974
---
0.033549
0.001315
-0.015989
-0.999308
0.000590
-0.001772
-0.011204
0.000818
-0.026290
0.040057
0.001566
-0.032045
-0.999485
0.323371
---
0.034013
0.001190
-0.015984
-0.999293
0.005216
0.000200
-0.012182
0.001014
-0.018443
0.072263
0.001310
-0.032027
-0.999486
0.340279
---
0.034605
0.001092
-0.016076
-0.999271
-0.000853
0.002951
-0.011199
0.015058
-0.006526
0.089086
0.001100
-0.032205
-0.999481
0.356943
---
0.035185
0.001092
-0.016216
-0.999249
-0.003859
-0.010020
-0.009237
0.012461
0.004105
0.070062
0.001024
-0.032481
-0.999472
0.374463
---
0.035788
0.001190
-0.015733
-0.999235
-0.003632
-0.009069
-0.009268
-0.044416
0.011589
0.058074
0.001251
-0.031530
-0.999502
0.391187
---
0.036155
0.001263
-0.015597
-0.999224
-0.000558
-0.000012
-0.013182
-0.014792
0.015929
0.063513
0.001395
-0.031262
-0.999510
0.407214
---
0.036394
0.001257
-0.015457
-0.999217
0.002387
-0.000709
-0.012214
-0.011697
-0.011058
0.035112
0.001411
-0.030983
-0.999519
0.424363
---
0.036750
0.001202
-0.015414
-0.999205
0.002251
-0.000617
-0.012217
-0.003038
-0.000585
0.045433
0.001275
-0.030890
-0.999522
0.441483
---
0.037129
0.001286
-0.015528
-0.999189
-0.006382
0.004030
-0.017093
0.025863
0.018392
0.034111
0.001430
-0.031126
-0.999515
0.458604
---
0.037394
0.001429
-0.015663
-0.999177
-0.004174
-0.000156
-0.011224
0.009122
0.018357
0.029435
0.001685
-0.031406
-0.999505
0.475726
---
0.037820
0.001558
-0.015729
-0.999160
-0.003941
-0.000300
-0.011219
0.007217
0.013634
0.058934
0.001918
-0.031550
-0.999500
0.492851
---
0.038383
0.001629
-0.015891
-0.999135
-0.000883
0.002298
-0.011208
0.025096
0.008822
0.074371
0.002046
-0.031882
-0.999490
0.509972
---
0.039009
0.001619
-0.016028
-0.999109
0.004923
0.002025
-0.011200
0.021844
-0.012954
0.089433
0.001994
-0.032155
-0.999481
0.527095
---
0.039954
0.001554
-0.016245
-0.999068
-0.003079
-0.001333
-0.014116
-0.000007
0.010736
0.028043
0.001803
-0.032583
-0.999467
0.560330
---
0.040201
0.001629
-0.016298
-0.999057
-0.000015
0.000506
-0.014112
0.009588
0.008634
0.020069
0.001938
-0.032697
-0.999463
0.577452
---
0.040054
0.001638
-0.016341
-0.999063
0.000019
0.000420
-0.014109
-0.006263
-0.014385
-0.021331
0.001972
-0.032783
-0.999461
0.594573
---
0.039790
0.001544
-0.016290
-0.999074
0.004722
-0.002399
-0.012160
-0.001326
-0.017020
-0.044355
0.001792
-0.032673
-0.999465
0.611695
---
0.038908
0.001280
-0.016382
-0.999108
0.002256
0.002320
-0.011179
0.017275
-0.015432
-0.063866
0.001279
-0.032837
-0.999460
0.645943
---
0.038515
0.001309
-0.016395
-0.999123
-0.002537
-0.001612
-0.013131
-0.000056
0.005241
-0.054928
0.001369
-0.032862
-0.999459
0.663061
---
0.037973
0.001392
-0.016340
-0.999144
-0.004299
-0.001509
-0.011181
-0.006061
0.023795
-0.051638
0.001560
-0.032759
-0.999462
0.679180
---
0.037706
0.001480
-0.016246
-0.999156
-0.004130
-0.001328
-0.011186
-0.009333
0.008144
-0.032840
0.001729
-0.032578
-0.999468
0.696303
---
0.037467
0.001480
-0.016137
-0.999166
0.001747
-0.003064
-0.016076
-0.015459
-0.000268
-0.016297
0.001747
-0.032361
-0.999475
0.713421
---
0.037322
0.001455
-0.016128
-0.999172
0.000743
0.001841
-0.013147
0.008240
0.001088
0.006067
0.001720
-0.032339
-0.999476
0.730546
---
0.037289
0.001392
-0.016164
-0.999173
0.000592
0.001774
-0.013145
0.007710
-0.008128
-0.008553
0.001569
-0.032405
-0.999474
0.747666
---
0.037226
0.001309
-0.016239
-0.999174
0.004351
0.001630
-0.013141
0.006053
-0.007815
-0.001085
0.001421
-0.032550
-0.999469
0.764790
---
0.037161
0.001348
-0.016458
-0.999173
-0.003407
0.004121
-0.010197
0.021500
0.007990
0.006359
0.001476
-0.032988
-0.999455
0.781911
---
0.037253
0.001309
-0.016584
-0.999167
-0.003482
0.003872
-0.010189
0.012233
-0.021726
0.012951
0.001401
-0.033237
-0.999447
0.799033
---
0.037279
0.001208
-0.016688
-0.999165
0.004112
-0.000233
-0.010182
0.016636
-0.010480
-0.005849
0.001182
-0.033436
-0.999440
0.815148
---
0.037358
0.001132
-0.016821
-0.999160
0.002962
0.003410
-0.006267
0.017386
-0.013221
0.008165
0.001009
-0.033699
-0.999432
0.832272
---
0.037463
0.001036
-0.017032
-0.999152
0.002766
0.002996
-0.006254
0.013230
-0.015367
0.016140
0.000813
-0.034114
-0.999418
0.849393
---
0.037593
0.000905
-0.017191
-0.999145
0.004422
0.001711
-0.007220
0.019261
-0.017235
0.020519
0.000516
-0.034422
-0.999407
0.866514
---
0.037790
0.000722
-0.017339
-0.999135
0.003109
0.002405
-0.015023
0.012764
-0.024033
0.021822
0.000179
-0.034704
-0.999398
0.883635
---
0.037884
0.000646
-0.017524
-0.999128
0.000985
0.002039
-0.008174
0.028144
-0.005345
0.009011
0.000009
-0.035070
-0.999385
0.900759
---
0.037763
0.000669
-0.017611
-0.999131
0.000987
0.001866
-0.008168
-0.011112
0.017285
-0.012550
0.000011
-0.035243
-0.999379
0.917882
---
0.037622
0.000782
-0.017586
-0.999137
-0.005617
-0.003951
-0.010122
-0.003095
0.022395
-0.015892
0.000243
-0.035201
-0.999380
0.935005
---
0.037554
0.000880
-0.017566
-0.999140
0.002392
-0.003918
-0.010124
-0.005196
0.008908
-0.009097
0.000438
-0.035168
-0.999381
0.951119
---
0.037541
0.000837
-0.017403
-0.999143
0.002344
-0.003592
-0.010135
-0.024422
-0.004725
0.001666
0.000391
-0.034842
-0.999393
0.968332
---
0.037516
0.000863
-0.017219
-0.999147
-0.000532
-0.005179
-0.011124
-0.017938
0.011111
-0.003792
0.000445
-0.034476
-0.999406
0.985452
---
0.037431
0.001007
-0.017064
-0.999153
-0.001202
-0.002927
-0.013087
-0.015412
0.024154
-0.008145
0.000751
-0.034177
-0.999416
1.002666
---
0.037460
0.001292
-0.016956
-0.999153
-0.000630
-0.002728
-0.013094
-0.012351
0.033216
0.006287
0.001323
-0.033978
-0.999422
1.019732
---
0.037532
0.001490
-0.016915
-0.999151
-0.003176
0.000265
-0.015048
-0.002585
0.014724
0.013720
0.001707
-0.033915
-0.999423
1.037183
---
0.037685
0.001534
-0.016945
-0.999145
-0.000169
0.005083
-0.016999
0.015229
0.001223
0.002196
0.001784
-0.033979
-0.999421
1.053394
---
0.037846
0.001510
-0.017075
-0.999137
-0.000227
0.004827
-0.016990
0.011988
-0.011891
0.019369
0.001727
-0.034236
-0.999412
1.070516
---
0.038504
0.001568
-0.017129
-0.999110
-0.000134
-0.002122
-0.008197
0.010670
0.022252
0.131226
0.001819
-0.034348
-0.999408
1.087882
---
0.040348
0.002800
-0.014842
-0.999072
-0.030756
-0.105080
0.021941
-0.353941
0.140113
0.247349
0.004400
-0.029885
-0.999544
1.105249
---
0.042188
0.003361
-0.012746
-0.999023
-0.029520
-0.100947
0.021832
-0.323592
0.098464
0.320757
0.005636
-0.025751
-0.999653
1.121375
---
0.045485
0.003025
-0.006734
-0.998938
0.003474
-0.081113
-0.024305
-0.576083
-0.005835
0.310268
0.005427
-0.013730
-0.999891
1.139096
---
0.047809
0.002451
-0.004886
-0.998842
0.017119
0.031997
-0.023378
0.232697
-0.090934
0.237572
0.004424
-0.009995
-0.999940
1.155851
---
0.049816
0.002028
-0.006245
-0.998737
0.016131
0.029312
-0.023351
-0.069037
0.103290
0.162856
0.003435
-0.012680
-0.999914
1.173829
---
0.050689
0.002810
-0.005697
-0.998694
-0.025234
-0.008736
-0.007732
-0.067389
0.104626
0.094075
0.005040
-0.011666
-0.999919
1.189943
---
0.051424
0.003223
-0.004783
-0.998660
-0.024328
-0.006945
-0.007746
-0.113243
0.070274
0.090407
0.005946
-0.009875
-0.999934
1.207065
---
0.052265
0.003409
-0.003498
-0.998621
-0.009171
-0.013208
-0.017530
-0.253969
0.039702
0.107632
0.006454
-0.007349
-0.999952
1.223182
---
0.053224
0.003889
-0.001691
-0.998574
-0.008024
-0.009637
-0.017542
-0.223600
0.033676
0.140847
0.007601
-0.003777
-0.999964
1.240299
---
0.055006
0.004495
0.000691
-0.998476
-0.021215
-0.032307
-0.019490
-0.229061
0.035830
0.226810
0.009059
0.000896
-0.999959
1.257424
---
0.056361
0.004718
0.002414
-0.998396
-0.004958
-0.044543
-0.022405
-0.288807
0.042332
0.180528
0.009690
0.004285
-0.999944
1.274547
---
0.057472
0.004593
0.004904
-0.998324
-0.004918
-0.039568
-0.022371
-0.260216
0.001306
0.094046
0.009731
0.009260
-0.999910
1.291669
---
0.057976
0.004123
0.006171
-0.998290
0.024571
-0.010617
-0.004773
-0.156349
-0.039804
0.024220
0.008946
0.011844
-0.999890
1.308793
---
0.058156
0.004056
0.007550
-0.998271
0.005072
-0.023484
-0.007666
-0.146918
0.034964
0.018662
0.008978
0.014602
-0.999853
1.325917
---
0.058404
0.003802
0.008614
-0.998249
0.004686
-0.021331
-0.007635
-0.130884
0.010798
0.009022
0.008592
0.016755
-0.999823
1.343034
---
0.058417
0.004032
0.008792
-0.998245
-0.019243
0.014153
0.028507
-0.018219
0.020565
0.015434
0.009077
0.017082
-0.999813
1.360032
---
0.058735
0.004442
0.009032
-0.998223
-0.038899
-0.016671
-0.011516
-0.056278
0.112371
0.049293
0.009929
0.017508
-0.999797
1.376149
---
0.059846
0.005325
0.009613
-0.998147
-0.037049
-0.015627
-0.011477
-0.063552
0.050967
0.169893
0.011779
0.018552
-0.999758
1.393269
---
0.061415
0.006537
0.010572
-0.998035
-0.056937
-0.020715
-0.028011
-0.108604
0.133603
0.224763
0.014352
0.020301
-0.999691
1.410392
---
0.063547
0.007814
0.011496
-0.997882
-0.040557
-0.035667
-0.009379
-0.065182
0.256984
0.195992
0.017060
0.021950
-0.999614
1.427515
---
0.064799
0.009269
0.012705
-0.997774
-0.037476
-0.033464
-0.009271
-0.176648
0.153990
0.195445
0.020141
0.024154
-0.999505
1.444636
---
0.066510
0.009443
0.013926
-0.997644
0.006045
-0.027182
-0.143965
-0.075476
0.029377
0.129116
0.020694
0.026529
-0.999434
1.462764
---
0.067690
0.009059
0.013476
-0.997574
0.057983
0.052029
0.020059
0.071881
-0.056430
0.169496
0.019897
0.025662
-0.999473
1.478883
---
0.069604
0.008652
0.013151
-0.997450
0.057176
0.051398
0.020027
-0.078172
-0.011025
0.284558
0.019090
0.025030
-0.999504
1.496002
---
0.072239
0.008149
0.013737
-0.997259
-0.002269
-0.037257
0.001487
-0.076097
-0.059086
0.359239
0.018239
0.026220
-0.999490
1.512120
---
0.075159
0.007433
0.014609
-0.997037
0.015063
-0.030579
-0.017041
-0.111204
-0.053163
0.244073
0.017016
0.028015
-0.999463
1.529240
---
0.076690
0.006849
0.014950
-0.996919
0.013995
-0.029837
-0.017037
0.112899
-0.181166
0.161163
0.015948
0.028757
-0.999459
1.546364
---
0.077827
0.005886
0.014032
-0.996851
0.058843
0.055380
-0.017115
0.104746
-0.141496
0.144692
0.013921
0.027060
-0.999537
1.563481
---
0.078989
0.004687
0.012314
-0.996788
0.042542
0.059939
-0.012348
0.232017
-0.125466
0.146486
0.011292
0.023806
-0.999653
1.580608
---
0.080649
0.003527
0.010683
-0.996679
0.040009
0.056856
-0.012442
0.062183
-0.156123
0.178150
0.008759
0.020723
-0.999747
1.597729
---
0.082424
0.002912
0.010315
-0.996540
0.010437
-0.021914
-0.024184
0.031962
-0.058141
0.260488
0.007507
0.020079
-0.999770
1.614850
---
0.084804
0.003115
0.009615
-0.996346
-0.031229
0.031329
0.029501
0.093726
0.016169
0.373728
0.007834
0.018634
-0.999796
1.631974
---
0.088942
0.003715
0.008550
-0.995993
-0.036974
0.038834
-0.015451
0.123259
0.093861
0.419800
0.008924
0.016373
-0.999826
1.649096
---
0.092123
0.004132
0.007549
-0.995710
-0.036274
0.036727
-0.015477
0.128707
0.063667
0.367420
0.009625
0.014266
-0.999852
1.665211
---
0.094592
0.004372
0.006670
-0.995484
-0.000773
0.013427
-0.014521
0.116814
0.033056
0.283534
0.009969
0.012451
-0.999873
1.682331
---
0.096659
0.004687
0.006176
-0.995287
-0.000218
0.012365
-0.014528
0.042685
-0.058597
0.262544
0.010525
0.011388
-0.999880
1.699455
---
0.098780
0.004726
0.005843
-0.995081
0.017392
0.032183
-0.102426
0.047063
0.006466
0.261384
0.010556
0.010699
-0.999887
1.716579
---
0.100955
0.005012
0.005036
-0.994866
-0.003656
0.014871
-0.027243
0.089852
-0.072102
0.215061
0.010993
0.009012
-0.999899
1.733702
---
0.102581
0.004956
0.004364
-0.994703
0.002951
0.009616
0.021572
0.059276
-0.001721
0.199230
0.010763
0.007662
-0.999913
1.750822
---
0.104202
0.005101
0.003927
-0.994535
0.003149
0.008708
0.021567
0.061727
0.011747
0.221996
0.010962
0.006755
-0.999917
1.767944
---
0.106645
0.005286
0.004204
-0.994274
-0.021786
-0.019134
-0.046784
-0.017585
0.004853
0.247440
0.011417
0.007234
-0.999909
1.785066
---
0.108634
0.005342
0.004204
-0.994059
-0.000177
0.013057
-0.026275
0.014131
-0.010203
0.252685
0.011541
0.007197
-0.999908
1.801179
---
0.110840
0.005688
0.004179
-0.993813
0.000517
0.012907
-0.026268
0.010790
0.003529
0.279183
0.012235
0.007048
-0.999900
1.818302
---
0.112716
0.005785
0.003839
-0.993603
-0.005214
0.014141
-0.039943
0.041410
0.044509
0.210217
0.012364
0.006328
-0.999904
1.835424
---
0.113653
0.005497
0.003136
-0.993500
0.055584
0.045018
-0.000896
0.121539
-0.071289
0.070110
0.011639
0.004979
-0.999920
1.852546
---
0.114144
0.004561
0.002326
-0.993451
0.053542
0.043635
-0.000924
-0.174244
-0.143204
0.076278
0.009597
0.003596
-0.999948
1.869672
---
0.115256
0.002907
0.003697
-0.993325
0.044719
-0.040212
0.000044
-0.171710
-0.210218
0.130288
0.006634
0.006663
-0.999956
1.887100
---
0.116112
0.002177
0.004236
-0.993225
-0.031799
0.029381
-0.008744
-0.027881
-0.047659
0.108635
0.005310
0.007896
-0.999955
1.903210
---
0.116855
0.002383
0.004470
-0.993136
-0.031329
0.029804
-0.008738
-0.044373
0.037389
0.090104
0.005780
0.008319
-0.999949
1.920670
---
0.117850
0.002466
0.002871
-0.993024
-0.017863
0.073486
-0.016573
0.155789
0.018988
0.092345
0.005575
0.005127
-0.999971
1.937790
---
0.118492
0.002578
0.001490
-0.992951
0.010354
0.051180
-0.005842
0.187017
-0.008009
0.091485
0.005471
0.002352
-0.999982
1.954914
---
0.119218
0.002520
0.000386
-0.992865
0.009977
0.048981
-0.005846
0.021166
-0.017272
0.073588
0.005094
0.000153
-0.999987
1.972034
---
0.119373
0.002502
0.000244
-0.992846
-0.022317
-0.021507
-0.021472
0.009933
0.008918
-0.009415
0.005027
-0.000023
-0.999987
1.988149
---
0.118738
0.002411
0.000503
-0.992923
0.015656
-0.010263
0.043957
-0.038001
-0.011955
-0.105688
0.004914
0.000479
-0.999988
2.005274
---
0.117987
0.001987
0.000273
-0.993013
0.014770
-0.010623
0.043953
0.217508
-0.128478
-0.030838
0.004028
0.000119
-0.999992
2.022393
---
0.118362
0.001215
-0.001343
-0.992969
0.040176
0.036117
-0.024408
0.182364
-0.124173
0.088854
0.002090
-0.002946
-0.999994
2.039516
---
0.119400
0.000546
-0.001843
-0.992844
-0.011066
-0.030172
-0.014641
0.015609
-0.056422
0.137654
0.000652
-0.003805
-0.999993
2.056641
---
0.119941
-0.000122
-0.001434
-0.992780
0.027632
-0.071185
-0.023433
-0.122429
-0.062616
0.003705
-0.000688
-0.002825
-0.999996
2.073761
---
0.119796
-0.000752
-0.000473
-0.992798
0.026708
-0.069036
-0.023436
-0.146701
-0.064214
-0.016942
-0.001612
-0.000676
-0.999998
2.090887
---
0.119649
-0.001078
0.000669
-0.992815
0.008753
-0.039392
-0.017575
-0.149476
0.000155
-0.020609
-0.001989
0.001624
-0.999997
2.108008
---
0.119182
-0.001269
0.001765
-0.992870
0.008635
-0.037202
-0.017569
-0.094241
-0.011521
-0.100262
-0.002107
0.003814
-0.999991
2.124120
---
0.116734
-0.001855
0.002552
-0.993158
-0.004055
-0.002318
-0.021465
-0.083497
-0.016663
-0.390794
-0.003078
0.005495
-0.999980
2.141241
---
0.112743
-0.002118
0.002271
-0.993619
0.021697
0.006960
-0.009746
0.033408
0.013091
-0.585566
-0.003693
0.005006
-0.999981
2.158362
---
0.107601
-0.001365
0.002517
-0.994190
0.001720
-0.018135
-0.004866
-0.086484
0.048211
-0.653290
-0.002187
0.005303
-0.999984
2.175487
---
0.102896
-0.001678
0.003339
-0.994685
0.001251
-0.016450
-0.004855
-0.099816
-0.129492
-0.533992
-0.002655
0.006987
-0.999972
2.192612
---
0.098466
-0.001934
0.003843
-0.995131
-0.063629
-0.022237
-0.066369
-0.042899
0.055977
-0.395639
-0.003082
0.008037
-0.999963
2.209732
---
0.096301
-0.001582
0.004262
-0.995342
-0.043344
-0.005862
0.027385
-0.070914
0.146892
-0.289440
-0.002328
0.008786
-0.999959
2.226850
---
0.094047
-0.000953
0.004660
-0.995556
-0.042047
-0.005189
0.027389
-0.026582
0.036738
-0.251341
-0.001032
0.009459
-0.999955
2.243975
---
0.091938
-0.001525
0.005068
-0.995751
-0.001128
-0.014041
-0.020452
-0.050064
-0.107912
-0.267841
-0.002104
0.010373
-0.999944
2.260093
---
0.089983
-0.002241
0.004056
-0.995933
0.037266
0.070000
0.006879
0.328717
-0.195988
-0.245387
-0.003749
0.008476
-0.999957
2.277212
---
0.087598
-0.003049
0.001510
-0.996150
0.035214
0.065073
0.006859
0.175977
0.139299
-0.206395
-0.005802
0.003550
-0.999977
2.294336
---
0.086186
-0.002211
0.000122
-0.996277
-0.046382
0.023018
0.019541
0.190698
-0.003651
-0.179786
-0.004390
0.000557
-0.999990
2.311455
---
0.084854
-0.002319
-0.000930
-0.996390
-0.066312
0.020036
-0.002917
0.128695
0.077779
-0.189161
-0.004789
-0.001449
-0.999988
2.328578
---
0.082574
-0.002046
-0.001615
-0.996581
-0.065872
0.018578
-0.002916
0.074452
-0.039108
-0.271254
-0.004348
-0.002906
-0.999986
2.345700
---
0.080080
-0.002214
-0.003385
-0.996780
0.016530
0.073686
-0.058561
0.162104
-0.069184
-0.300795
-0.004954
-0.006393
-0.999967
2.362821
---
0.078026
-0.002627
-0.004837
-0.996936
-0.014790
0.016156
-0.053650
0.168281
-0.011399
-0.280217
-0.006001
-0.009235
-0.999939
2.379943
---
0.073736
-0.001987
-0.006149
-0.997257
-0.013657
0.013418
-0.053627
0.121413
0.072872
-0.429775
-0.004868
-0.011973
-0.999916
2.398073
---
0.070021
-0.002107
-0.006628
-0.997521
0.020259
0.003668
-0.006739
0.037876
-0.093018
-0.497507
-0.005132
-0.012934
-0.999903
2.413180
---
0.065804
-0.001953
-0.007508
-0.997802
-0.059573
0.045820
0.038206
0.122270
0.014090
-0.658684
-0.004886
-0.014726
-0.999880
2.430303
---
0.060307
-0.001744
-0.008574
-0.998142
-0.059196
0.043637
0.038239
0.154308
-0.017432
-0.691019
-0.004509
-0.016910
-0.999847
2.447427
---
0.045601
-0.001802
-0.010905
-0.998899
-0.015349
0.019393
-0.018310
0.085781
0.035704
-1.153384
-0.004607
-0.021623
-0.999756
2.481976
---
0.038832
-0.001651
-0.011240
-0.999181
-0.014944
0.018687
-0.018297
0.033108
-0.095522
-1.104389
-0.004202
-0.022329
-0.999742
2.498089
---
0.027407
-0.002039
-0.012140
-0.999549
-0.004741
0.026623
-0.023134
0.099085
-0.046097
-1.200710
-0.004741
-0.024158
-0.999697
2.515213
---
0.013935
-0.002940
-0.012914
-0.999815
0.003528
0.026993
-0.007462
0.130018
-0.186134
-1.593408
-0.006238
-0.025741
-0.999649
2.532943
---
0.000634
-0.003003
-0.012575
-0.999916
0.073079
0.011965
0.097991
-0.162897
-0.001485
-1.648131
-0.006022
-0.025144
-0.999666
2.550067
---
0.014745
0.003699
0.011379
0.999820
0.072047
0.014245
0.097943
-0.174955
0.089139
-1.953548
-0.007055
-0.022865
-0.999714
2.566180
---
0.029990
0.003927
0.012398
0.999466
-0.042268
0.029667
0.018893
0.080048
0.008149
-2.111030
-0.007112
-0.025020
-0.999662
2.583304
---
0.047476
0.003519
0.013430
0.998776
0.032322
0.090024
0.010151
0.111793
-0.062701
-2.016197
-0.005764
-0.027163
-0.999614
2.600427
---
0.066813
0.002894
0.014383
0.997658
0.034234
0.088102
0.010196
0.080754
0.057866
-2.031481
-0.003852
-0.029086
-0.999569
2.617547
---
0.081341
0.002713
0.015123
0.996568
-0.017598
0.060238
0.002425
0.072101
-0.029926
-2.189487
-0.002950
-0.030582
-0.999528
2.634673
---
0.101459
0.003171
0.015877
0.994708
0.033038
0.095700
-0.002405
0.074196
-0.130675
-2.297947
-0.003095
-0.032230
-0.999476
2.651765
---
0.122484
0.003897
0.017343
0.992311
0.032642
0.092555
-0.002298
0.267761
-0.072869
-2.660526
-0.003491
-0.035375
-0.999368
2.668884
---
0.151098
0.003876
0.018886
0.988331
-0.041014
0.047433
0.027111
0.143541
0.011165
-3.243046
-0.001952
-0.038505
-0.999257
2.685947
---
0.177787
0.003780
0.019743
0.983864
-0.002375
0.089689
0.031082
-0.040453
0.003802
-3.311768
-0.000422
-0.040194
-0.999192
2.703373
---
0.202410
0.004915
0.019038
0.979104
-0.003872
0.090613
0.031047
-0.079710
-0.260514
-2.784983
-0.001918
-0.039270
-0.999227
2.719488
---
0.228170
0.006419
0.017327
0.973446
-0.329782
0.246539
-0.046192
-0.226579
-0.346001
-2.816780
-0.004587
-0.036664
-0.999317
2.736975
---
0.248937
0.009141
0.006957
0.968452
-0.051351
0.557166
0.045186
-1.436291
-0.765438
-2.506591
-0.014241
-0.018029
-0.999736
2.753428
---
0.268345
0.011885
-0.006422
0.963228
-0.063454
0.581189
0.045287
-1.524545
-0.780744
-2.467735
-0.026344
0.005994
-0.999635
2.770549
---
0.290830
0.012899
-0.008935
0.956646
-0.035738
0.203931
-0.003414
-0.404850
-0.250805
-3.065439
-0.029879
0.009595
-0.999508
2.787975
---
0.315928
0.013133
-0.011141
0.948627
-0.028050
0.090963
0.014265
-0.231953
0.008210
-3.162832
-0.031956
0.012838
-0.999407
2.804092
---
0.345192
0.013017
-0.012805
0.938354
-0.029363
0.093169
0.014339
-0.188927
-0.021904
-3.161265
-0.033269
0.015044
-0.999333
2.821709
---
0.364694
0.013219
-0.013801
0.930931
-0.010265
0.069764
-0.012941
-0.181437
-0.081972
-3.190940
-0.034679
0.016053
-0.999270
2.838824
---
0.391020
0.013945
-0.014931
0.920155
0.006606
0.057585
-0.009907
-0.162595
-0.028565
-3.094736
-0.037339
0.016569
-0.999165
2.855948
---
0.418895
0.015013
-0.016117
0.907768
0.003187
0.057697
-0.009772
-0.105567
-0.154402
-2.953609
-0.040758
0.016682
-0.999030
2.873069
---
0.439560
0.016302
-0.017210
0.897900
0.000516
0.088841
-0.014501
-0.125972
-0.150245
-2.798540
-0.044406
0.016575
-0.998876
2.889182
---
0.459439
0.017537
-0.018246
0.887849
-0.033257
0.101246
-0.031922
-0.090144
-0.192205
-2.748286
-0.047906
0.016285
-0.998719
2.906305
---
0.478591
0.018725
-0.019047
0.877632
-0.036452
0.100471
-0.031776
-0.102144
-0.121419
-2.658483
-0.051100
0.015510
-0.998573
2.923342
---
0.496858
0.019704
-0.019704
0.867384
-0.047905
0.081986
-0.035556
-0.089382
-0.115731
-2.584782
-0.053764
0.014604
-0.998447
2.940487
---
0.518357
0.020805
-0.020391
0.854668
-0.061585
0.108990
-0.030529
-0.068923
-0.116921
-2.556649
-0.056702
0.013286
-0.998303
2.958099
---
0.533377
0.021789
-0.020902
0.845339
-0.037651
0.122448
-0.018685
-0.046368
-0.163772
-2.481302
-0.059135
0.012096
-0.998177
2.974216
---
0.551701
0.023172
-0.021428
0.833445
-0.040784
0.120501
-0.018516
-0.031679
-0.155217
-2.437919
-0.062268
0.010150
-0.998008
2.991947
---
0.568984
0.023978
-0.021831
0.821709
-0.056436
0.066209
-0.006686
-0.065577
-0.104078
-2.443465
-0.064249
0.008592
-0.997897
3.009067
---
0.587507
0.024839
-0.022209
0.808533
-0.063334
0.065321
-0.010475
-0.060935
-0.071820
-2.389187
-0.066263
0.006727
-0.997779
3.025946
---
0.603000
0.025446
-0.022510
0.797017
-0.064779
0.063789
-0.010387
-0.059368
-0.083494
-2.374065
-0.067709
0.005196
-0.997692
3.043067
---
0.617944
0.025540
-0.022685
0.785480
-0.073042
0.032392
-0.006455
-0.087877
-0.013626
-2.349350
-0.068159
0.004072
-0.997666
3.059612
---
0.633851
0.025422
-0.022784
0.772702
-0.073053
0.031303
-0.006458
-0.099929
0.019021
-2.286099
-0.068170
0.002982
-0.997669
3.076732
---
0.650349
0.025147
-0.022701
0.758880
-0.068672
0.030067
0.004249
-0.087504
0.034045
-2.228167
-0.067695
0.001747
-0.997705
3.093856
---
0.662892
0.024814
-0.022493
0.747965
-0.070847
0.032001
-0.006546
-0.077984
0.061655
-2.169513
-0.066941
0.000751
-0.997757
3.110980
---
0.675806
0.024389
-0.022188
0.736342
-0.067862
0.027055
-0.002708
-0.085336
0.071752
-2.118790
-0.065908
-0.000289
-0.997826
3.127337
---
0.688201
0.023999
-0.021909
0.724792
-0.066898
0.026071
-0.002771
-0.074761
0.060743
-2.060190
-0.064945
-0.001273
-0.997888
3.144457
---
0.702932
0.023538
-0.021587
0.710539
-0.073566
0.025906
-0.007725
-0.071552
0.044540
-2.003187
-0.063800
-0.002414
-0.997960
3.161582
---
0.712793
0.023266
-0.021378
0.700663
-0.062102
0.026086
-0.009722
-0.069073
0.044837
-1.962816
-0.063079
-0.003211
-0.998003
3.178706
---
0.724651
0.022904
-0.021093
0.688413
-0.061129
0.025144
-0.009780
-0.064264
0.046733
-1.908358
-0.062106
-0.004152
-0.998061
3.195735
---
0.737174
0.022598
-0.020804
0.675005
-0.066063
0.029924
-0.000066
-0.062118
0.032463
-1.845775
-0.061180
-0.005232
-0.998113
3.212887
---
0.744586
0.022418
-0.020616
0.666831
-0.066459
0.017547
-0.010840
-0.062729
0.042237
-1.811931
-0.060599
-0.005891
-0.998145
3.229948
---
0.756392
0.022013
-0.020134
0.653438
-0.065087
0.016449
-0.010915
-0.047646
0.058870
-1.755784
-0.059227
-0.006989
-0.998220
3.247588
---
0.765224
0.021522
-0.019612
0.643106
-0.059652
0.017677
-0.001234
-0.046884
0.089699
-1.686316
-0.057699
-0.007714
-0.998304
3.263979
---
0.775866
0.021014
-0.018984
0.630262
-0.070596
0.020620
-0.002302
-0.045933
0.059538
-1.654789
-0.055948
-0.008677
-0.998396
3.280945
---
0.784035
0.020701
-0.018545
0.620094
-0.069403
0.019836
-0.002361
-0.034429
0.053491
-1.623213
-0.054755
-0.009461
-0.998455
3.297947
---
0.791095
0.020467
-0.018138
0.611082
-0.059571
0.019083
-0.015106
-0.034205
0.064459
-1.621804
-0.053712
-0.010214
-0.998504
3.315437
---
0.799737
0.020086
-0.017571
0.599757
-0.049269
0.009457
-0.001505
-0.040341
0.061274
-1.606797
-0.052199
-0.011051
-0.998576
3.331461
---
0.806174
0.019757
-0.017215
0.591098
-0.048185
0.009003
-0.001556
-0.044154
0.055412
-1.583397
-0.051115
-0.011505
-0.998627
3.348796
---
0.816386
0.019667
-0.016867
0.576925
-0.032655
0.026413
-0.008423
-0.027482
0.011670
-1.533145
-0.050233
-0.012649
-0.998657
3.366007
---
0.823485
0.019534
-0.016576
0.566760
-0.073856
0.013963
-0.013336
-0.039779
0.022281
-1.528882
-0.049442
-0.013381
-0.998687
3.382124
---
0.830158
0.019426
-0.016382
0.556949
-0.073253
0.013337
-0.013357
-0.036033
0.003916
-1.478940
-0.048839
-0.014006
-0.998708
3.399796
---
0.835782
0.019354
-0.016285
0.548478
-0.040640
0.012856
-0.005556
-0.035066
0.013146
-1.448233
-0.048453
-0.014488
-0.998720
3.416919
---
0.843694
0.019191
-0.015745
0.536251
-0.061799
0.028447
-0.006580
-0.001752
0.066418
-1.392244
-0.047151
-0.015499
-0.998768
3.433950
---
0.849417
0.019183
-0.015252
0.527153
-0.042230
0.024507
-0.004658
0.008192
0.037496
-1.367531
-0.046136
-0.016509
-0.998799
3.451015
---
0.855774
0.019036
-0.014487
0.516796
-0.040565
0.023410
-0.004715
-0.010275
0.041508
-1.334146
-0.044471
-0.017605
-0.998856
3.467155
---
0.862528
0.019199
-0.013740
0.505458
-0.028464
0.024716
-0.024276
0.016823
0.071292
-1.338582
-0.043113
-0.019230
-0.998885
3.484949
---
0.868051
0.019627
-0.013465
0.495903
-0.002805
0.053499
-0.005703
0.037016
-0.069981
-1.322288
-0.042844
-0.020720
-0.998867
3.502405
---
0.872296
0.020208
-0.013437
0.488375
-0.003141
0.052088
-0.005658
0.057621
-0.027520
-1.320281
-0.043180
-0.022131
-0.998822
3.518522
---
0.878411
0.020927
-0.013433
0.477258
-0.013301
0.038554
0.039323
0.047204
-0.070475
-1.328291
-0.043575
-0.023946
-0.998763
3.535643
---
0.884428
0.021562
-0.013391
0.465987
-0.019368
0.030981
-0.021172
0.018695
-0.076160
-1.333258
-0.043782
-0.025659
-0.998712
3.552961
---
0.889374
0.022073
-0.013255
0.456456
-0.019315
0.029477
-0.021135
0.020373
-0.003946
-1.311474
-0.043729
-0.027163
-0.998674
3.570373
---
0.893909
0.022374
-0.013194
0.447495
-0.030916
0.014778
0.019904
0.002258
-0.027449
-1.267958
-0.043612
-0.028191
-0.998651
3.586433
---
0.898625
0.022579
-0.013087
0.437941
-0.045248
-0.001773
-0.007427
-0.007815
0.006292
-1.262646
-0.043295
-0.029117
-0.998638
3.603796
---
0.903662
0.022489
-0.012866
0.427461
-0.044434
-0.002304
-0.007446
-0.055348
0.028692
-1.224207
-0.042480
-0.029648
-0.998657
3.620947
---
0.907974
0.021979
-0.012513
0.418262
-0.047944
-0.007961
-0.022158
-0.059760
0.040221
-1.158889
-0.041109
-0.029445
-0.998721
3.638073
---
0.910620
0.021633
-0.012269
0.412495
-0.054842
-0.010721
-0.011458
-0.072040
0.068419
-1.134547
-0.040193
-0.029275
-0.998763
3.654888
---
0.915603
0.020925
-0.011728
0.401367
-0.052925
-0.010349
-0.011544
-0.084685
0.076248
-1.099023
-0.038277
-0.028904
-0.998849
3.672010
---
0.918534
0.020286
-0.011337
0.394658
-0.052465
-0.028315
-0.009662
-0.079687
0.069546
-1.022868
-0.036840
-0.028315
-0.998920
3.688859
---
0.922118
0.019350
-0.010703
0.386276
-0.060079
-0.029370
-0.017577
-0.082643
0.119062
-1.011907
-0.034689
-0.027417
-0.999022
3.705981
---
0.925511
0.018398
-0.010258
0.378134
-0.058293
-0.028250
-0.017667
-0.089237
0.094237
-0.962821
-0.032903
-0.026297
-0.999113
3.722981
---
0.928344
0.017567
-0.009708
0.371180
-0.052553
-0.027360
-0.009937
-0.092787
0.069372
-0.909027
-0.031068
-0.025407
-0.999194
3.739095
---
0.931600
0.016551
-0.009075
0.362994
-0.057244
-0.024250
-0.019795
-0.084730
0.094547
-0.867866
-0.028924
-0.024250
-0.999287
3.756982
---
0.933114
0.015996
-0.008656
0.359122
-0.055964
-0.023635
-0.019846
-0.080654
0.118827
-0.819250
-0.027644
-0.023635
-0.999338
3.773094
---
0.936216
0.014846
-0.007971
0.351021
-0.048788
-0.029038
-0.009198
-0.081118
0.094633
-0.778434
-0.025351
-0.022202
-0.999432
3.790858
---
0.938590
0.014030
-0.007506
0.344669
-0.040365
-0.018233
0.002459
-0.070722
0.064347
-0.727752
-0.023763
-0.021163
-0.999494
3.807978
---
0.940782
0.013500
-0.007098
0.338669
-0.022500
0.004798
-0.010277
-0.031708
0.045346
-0.695397
-0.022500
-0.020593
-0.999535
3.824982
---
0.942640
0.013185
-0.006747
0.333482
-0.021513
0.005034
-0.010303
-0.027722
0.056383
-0.673416
-0.021513
-0.020356
-0.999561
3.841092
---
0.944355
0.013073
-0.006458
0.328603
-0.020793
0.010805
-0.004458
-0.009032
0.030540
-0.642000
-0.020793
-0.020445
-0.999575
3.858129
---
0.946067
0.012949
-0.006123
0.323654
-0.019972
0.000952
-0.005449
-0.007904
0.027439
-0.636182
-0.019972
-0.020532
-0.999590
3.875281
---
0.947799
0.012855
-0.005891
0.318555
-0.019355
0.000868
-0.005459
-0.011218
0.023800
-0.634374
-0.019355
-0.020617
-0.999600
3.892951
---
0.949271
0.012839
-0.005701
0.314145
-0.020844
0.003619
-0.009371
-0.003814
0.017549
-0.632130
-0.018891
-0.020795
-0.999605
3.910071
---
0.951292
0.012786
-0.005399
0.307980
-0.020099
0.008296
-0.007427
0.006979
0.013109
-0.610545
-0.018146
-0.021001
-0.999615
3.926828
---
0.952739
0.012805
-0.005206
0.303475
-0.019645
0.008056
-0.007430
-0.000603
0.014568
-0.620412
-0.017692
-0.021241
-0.999618
3.943950
---
0.954558
0.012896
-0.004981
0.297704
-0.015236
0.009594
-0.008407
0.011524
0.019760
-0.617863
-0.017189
-0.021656
-0.999618
3.960951
---
0.955742
0.012962
-0.004817
0.293880
-0.016829
0.005400
-0.005477
0.009276
0.016027
-0.611674
-0.016829
-0.021944
-0.999618
3.978072
---
0.957358
0.013031
-0.004616
0.288575
-0.016362
0.005059
-0.005477
0.008899
0.010948
-0.582006
-0.016362
-0.022285
-0.999618
3.994126
---
0.958771
0.013088
-0.004400
0.283845
-0.020750
0.003766
-0.008408
0.006425
0.006369
-0.557287
-0.015867
-0.022601
-0.999619
4.012254
---
0.959962
0.013104
-0.004232
0.279792
-0.017412
0.004547
-0.008410
0.001549
0.016584
-0.555937
-0.015458
-0.022797
-0.999621
4.028341
---
0.961477
0.013138
-0.003978
0.274541
-0.016819
0.004263
-0.008412
0.006433
0.011886
-0.537851
-0.014866
-0.023081
-0.999623
4.045462
---
0.962588
0.013203
-0.003819
0.270622
-0.014507
0.006927
-0.010364
0.007263
0.012759
-0.527912
-0.014507
-0.023346
-0.999622
4.063072
---
0.963706
0.013248
-0.003709
0.266613
-0.005424
0.001834
-0.009387
-0.001137
0.003837
-0.512889
-0.014213
-0.023556
-0.999622
4.079093
---
0.965037
0.013283
-0.003631
0.261753
-0.005179
0.001657
-0.009386
-0.005890
0.007016
-0.499545
-0.013968
-0.023733
-0.999621
4.096958
---
0.966168
0.013290
-0.003483
0.257547
-0.012601
0.003459
-0.010365
0.005066
0.010945
-0.502436
-0.013578
-0.023885
-0.999623
4.114076
---
0.967161
0.013306
-0.003394
0.253794
-0.013323
0.003329
-0.012318
0.001599
0.009066
-0.511448
-0.013323
-0.024015
-0.999623
4.130187
---
0.968259
0.013330
-0.003294
0.249573
-0.013030
0.003173
-0.012318
0.004901
0.006754
-0.502354
-0.013030
-0.024171
-0.999623
4.147310
---
0.969397
0.013362
-0.003174
0.245113
-0.005875
0.002018
-0.005482
0.004679
0.010054
-0.486295
-0.012711
-0.024349
-0.999623
4.164982
---
0.970228
0.013392
-0.003093
0.241801
-0.010526
0.005782
-0.011341
0.005332
0.009386
-0.493367
-0.012479
-0.024492
-0.999622
4.181094
---
0.971257
0.013444
-0.002993
0.237636
-0.010254
0.005582
-0.011339
0.006194
0.009566
-0.483801
-0.012207
-0.024692
-0.999621
4.198096
---
0.972049
0.013476
-0.002889
0.234373
-0.016818
0.002497
-0.010362
0.004776
0.008448
-0.465862
-0.011936
-0.024847
-0.999620
4.215617
---
0.973195
0.013533
-0.002677
0.229567
-0.014360
0.006139
-0.008408
0.008566
0.007823
-0.450271
-0.011430
-0.025111
-0.999619
4.232983
---
0.973857
0.013540
-0.002578
0.226742
-0.014097
0.006047
-0.008409
0.004452
0.002197
-0.446308
-0.011167
-0.025203
-0.999620
4.249094
---
0.974754
0.013585
-0.002383
0.222856
-0.013631
0.003875
-0.010362
0.009025
0.015581
-0.411816
-0.010701
-0.025422
-0.999620
4.266219
---
0.975473
0.013621
-0.002248
0.219688
-0.016231
0.002736
-0.004502
0.002292
0.007504
-0.397821
-0.010371
-0.025584
-0.999619
4.283255
---
0.975995
0.013648
-0.002142
0.217353
-0.008161
0.006517
-0.010360
0.003848
0.005309
-0.381439
-0.010114
-0.025709
-0.999618
4.300402
---
0.977000
0.013734
-0.001991
0.212787
-0.007782
0.006238
-0.010357
0.014581
0.009657
-0.386474
-0.009736
-0.025988
-0.999615
4.317526
---
0.977531
0.013740
-0.001915
0.210335
-0.009527
-0.001643
-0.009381
0.001944
0.000910
-0.386411
-0.009527
-0.026057
-0.999615
4.334950
---
0.978412
0.013782
-0.001806
0.206194
-0.007259
0.000144
-0.010356
-0.000876
0.000018
-0.382656
-0.009212
-0.026224
-0.999614
4.352959
---
0.978899
0.013833
-0.001735
0.203868
-0.007095
-0.000007
-0.010353
0.016108
0.001893
-0.390985
-0.009048
-0.026374
-0.999611
4.369072
---
0.979658
0.013835
-0.001752
0.200190
-0.002133
0.000937
-0.004494
0.000302
-0.004340
-0.376446
-0.008969
-0.026407
-0.999611
4.385951
---
0.980284
0.013898
-0.001718
0.197097
-0.005919
0.005658
-0.010350
0.012507
0.002767
-0.372772
-0.008849
-0.026569
-0.999608
4.403621
---
0.980864
0.013941
-0.001665
0.194190
-0.005754
0.005522
-0.010348
-0.000102
0.002520
-0.372151
-0.008684
-0.026705
-0.999606
4.419680
---
0.981319
0.013959
-0.001678
0.191873
-0.002791
0.002546
-0.015230
0.000783
-0.001818
-0.363021
-0.008650
-0.026751
-0.999605
4.436827
---
0.982083
0.014048
-0.001687
0.187917
-0.003703
0.005266
-0.008389
0.009710
-0.010937
-0.347913
-0.008586
-0.026960
-0.999600
4.454256
---
0.982620
0.014101
-0.001656
0.185084
-0.003605
0.005130
-0.008386
0.000519
0.006225
-0.338960
-0.008488
-0.027096
-0.999597
4.470371
---
0.983085
0.014153
-0.001587
0.182598
-0.011225
-0.002832
-0.008383
0.006428
0.009889
-0.325704
-0.008295
-0.027246
-0.999594
4.488867
---
0.983543
0.014170
-0.001558
0.180110
-0.004284
0.005897
-0.011312
0.008140
0.002980
-0.332112
-0.008191
-0.027306
-0.999594
4.504981
---
0.984106
0.014254
-0.001505
0.177001
-0.004102
0.005682
-0.011308
0.007807
0.003203
-0.312943
-0.008009
-0.027521
-0.999589
4.521951
---
0.984564
0.014263
-0.001402
0.174436
-0.013603
0.000721
-0.010331
0.000277
0.007485
-0.295045
-0.007743
-0.027599
-0.999589
4.540079
---
0.984840
0.014301
-0.001365
0.172870
-0.004727
0.002582
-0.011306
0.003659
-0.002507
-0.290401
-0.007657
-0.027692
-0.999587
4.555130
---
0.985269
0.014362
-0.001269
0.170405
-0.004477
0.002406
-0.011303
0.007025
0.016695
-0.305423
-0.007407
-0.027867
-0.999584
4.572282
---
0.985833
0.014425
-0.001184
0.167103
-0.006196
-0.000698
-0.005440
0.009758
-0.000787
-0.292380
-0.007173
-0.028042
-0.999581
4.589862
---
0.986219
0.014511
-0.001132
0.164805
-0.006064
0.003006
-0.011295
0.012587
0.000810
-0.289241
-0.007040
-0.028244
-0.999576
4.606984
---
0.986598
0.014568
-0.001050
0.162513
-0.005847
0.002847
-0.011292
-0.000782
0.010723
-0.286720
-0.006824
-0.028403
-0.999573
4.623831
---
0.987092
0.014573
-0.001064
0.159486
-0.000940
-0.001080
-0.006409
-0.000846
-0.004556
-0.307699
-0.006799
-0.028424
-0.999573
4.640954
---
0.987480
0.014586
-0.001071
0.157063
-0.006699
-0.000150
-0.012268
0.002641
0.006472
-0.307118
-0.006699
-0.028470
-0.999572
4.657983
---
0.987855
0.014573
-0.000999
0.154689
-0.011358
-0.004072
-0.008362
-0.005683
0.012956
-0.299527
-0.006475
-0.028486
-0.999573
4.674099
---
0.988215
0.014536
-0.000953
0.152380
-0.011202
-0.004024
-0.008365
-0.010371
0.003002
-0.292027
-0.006319
-0.028438
-0.999576
4.691162
---
0.988618
0.014574
-0.000905
0.149737
-0.008135
0.006613
-0.013245
0.000962
0.002138
-0.291738
-0.006182
-0.028543
-0.999574
4.708309
---
0.989002
0.014636
-0.000837
0.147172
-0.005015
0.000600
-0.010312
0.007447
0.001494
-0.268219
-0.005991
-0.028697
-0.999570
4.725710
---
0.989305
0.014680
-0.000819
0.145116
-0.004880
0.000482
-0.010310
0.004739
0.000510
-0.258377
-0.005857
-0.028814
-0.999568
4.742828
---
0.989580
0.014729
-0.000722
0.143225
-0.004711
-0.000617
-0.009331
0.007410
0.005858
-0.245813
-0.005688
-0.028937
-0.999565
4.759865
---
0.989893
0.014745
-0.000669
0.141044
-0.005535
0.000301
-0.011283
-0.004886
0.009623
-0.236661
-0.005535
-0.028996
-0.999564
4.777015
---
0.990202
0.014784
-0.000657
0.138854
-0.005400
0.000199
-0.011281
0.002276
0.000663
-0.242593
-0.005400
-0.029098
-0.999562
4.793983
---
0.990443
0.014800
-0.000669
0.137128
0.003350
0.001147
-0.012256
-0.003936
-0.010176
-0.251474
-0.005439
-0.029126
-0.999561
4.810100
---
0.990750
0.014823
-0.000722
0.134887
-0.001527
0.002072
-0.004442
0.004834
-0.003598
-0.238504
-0.005433
-0.029178
-0.999560
4.827131
---
0.991056
0.014881
-0.000743
0.132613
-0.001521
0.001952
-0.004439
0.007091
-0.009077
-0.244697
-0.005427
-0.029298
-0.999556
4.844280
---
0.991296
0.014917
-0.000646
0.130806
-0.003305
-0.001073
-0.009320
0.005726
0.005669
-0.225368
-0.005258
-0.029393
-0.999554
4.861984
---
0.991508
0.014917
-0.000657
0.129183
-0.007103
-0.003046
-0.005413
-0.001515
0.000940
-0.232971
-0.005150
-0.029413
-0.999554
4.878099
---
0.991772
0.014877
-0.000559
0.127146
-0.006891
-0.002991
-0.005416
-0.007515
0.006962
-0.230188
-0.004938
-0.029358
-0.999557
4.895162
---
0.992034
0.014916
-0.000488
0.125083
-0.004717
0.003730
-0.010297
0.002106
-0.000636
-0.226530
-0.004717
-0.029473
-0.999555
4.912311
---
0.992265
0.014914
-0.000345
0.123239
-0.006351
-0.006068
-0.015180
-0.000694
0.013646
-0.208792
-0.004398
-0.029506
-0.999555
4.929953
---
0.992483
0.014856
-0.000299
0.121474
-0.006146
-0.005983
-0.015183
-0.003934
0.010907
-0.206055
-0.004193
-0.029420
-0.999558
4.947075
---
0.992624
0.014861
-0.000244
0.120317
-0.003062
-0.002106
-0.006394
0.005934
0.007015
-0.189799
-0.004038
-0.029449
-0.999558
4.963986
---
0.992831
0.014799
-0.000173
0.118604
-0.009759
-0.008832
-0.012257
-0.010902
0.006777
-0.184448
-0.003900
-0.029340
-0.999562
4.980097
---
0.993052
0.014654
-0.000122
0.116762
-0.002748
-0.002703
-0.010313
-0.008684
0.004485
-0.194219
-0.003724
-0.029070
-0.999570
4.997985
---
0.993214
0.014596
-0.000122
0.115379
-0.002538
-0.002612
-0.010316
-0.010939
0.007546
-0.201852
-0.003514
-0.028979
-0.999574
5.014100
---
0.993395
0.014517
-0.000000
0.113820
-0.005359
-0.002464
-0.008368
-0.006719
0.005573
-0.207804
-0.003406
-0.028831
-0.999579
5.031131
---
0.993622
0.014485
-0.000122
0.111825
-0.005215
-0.002416
-0.008369
-0.005345
0.003904
-0.199894
-0.003262
-0.028783
-0.999580
5.048282
---
0.993831
0.014452
-0.000000
0.109961
-0.000306
0.000576
-0.008371
-0.001363
-0.001916
-0.197724
-0.003236
-0.028721
-0.999582
5.065982
---
0.993985
0.014461
-0.000000
0.108561
-0.006210
0.002515
-0.007394
0.002726
-0.005696
-0.199646
-0.003281
-0.028735
-0.999582
5.082099
---
0.994167
0.014473
-0.000000
0.106880
-0.006162
0.002484
-0.007393
0.001173
-0.003487
-0.187974
-0.003232
-0.028766
-0.999581
5.099863
---
0.994356
0.014509
-0.000122
0.105098
-0.000288
0.001439
-0.011298
0.007205
-0.006740
-0.177174
-0.003218
-0.028835
-0.999579
5.116985
---
0.994467
0.014520
0.000122
0.104039
-0.008862
0.000414
-0.011297
0.002965
0.009223
-0.172589
-0.003003
-0.028883
-0.999578
5.133983
---
0.994612
0.014534
0.000122
0.102642
-0.000858
-0.002562
-0.012273
0.000718
-0.001178
-0.159415
-0.002811
-0.028929
-0.999578
5.150343
---
0.994763
0.014556
0.000000
0.101169
-0.000793
-0.002613
-0.012272
-0.000611
-0.002197
-0.151329
-0.002746
-0.028980
-0.999576
5.167465
---
0.994894
0.014521
0.000000
0.099880
0.001240
-0.004501
-0.008367
-0.009293
-0.003331
-0.120711
-0.002666
-0.028915
-0.999578
5.184985
---
0.994953
0.014505
0.000000
0.099285
0.001244
-0.000564
-0.009345
-0.003212
-0.002434
-0.131966
-0.002662
-0.028885
-0.999579
5.201525
---
0.995098
0.014537
0.000000
0.097816
0.001133
-0.000616
-0.009343
-0.002075
-0.008241
-0.126088
-0.002774
-0.028936
-0.999577
5.218649
---
0.995200
0.014544
0.000000
0.096773
-0.000845
-0.001608
-0.010319
-0.004455
-0.005048
-0.117881
-0.002798
-0.028952
-0.999577
5.235951
---
0.995286
0.014542
0.000000
0.095884
-0.003709
-0.001609
-0.014226
-0.000583
-0.006478
-0.131219
-0.002732
-0.028952
-0.999577
5.253138
---
0.995363
0.014542
0.000122
0.095087
-0.003705
-0.001609
-0.014225
-0.001813
-0.007874
-0.127929
-0.002728
-0.028953
-0.999577
5.269189
---
0.995499
0.014572
0.000000
0.093648
0.000308
0.005156
-0.009341
0.000257
0.004494
-0.131581
-0.002621
-0.029024
-0.999575
5.286255
---
0.995612
0.014601
0.000000
0.092431
-0.002604
0.000217
-0.008363
-0.003929
-0.006745
-0.146461
-0.002604
-0.029079
-0.999574
5.303524
---
0.995729
0.014659
0.000000
0.091157
-0.002563
0.000096
-0.008359
0.005038
-0.005915
-0.141422
-0.002563
-0.029201
-0.999570
5.320956
---
0.995846
0.014689
0.000000
0.089864
-0.006343
0.000022
-0.012264
0.007380
0.006057
-0.147986
-0.002437
-0.029275
-0.999568
5.338078
---
0.995926
0.014655
0.000000
0.088976
-0.001404
-0.004796
-0.003477
-0.008063
0.001034
-0.144244
-0.002380
-0.029210
-0.999570
5.354101
---
0.996031
0.014621
0.000122
0.087796
-0.001329
-0.004736
-0.003479
-0.001733
0.002034
-0.155206
-0.002306
-0.029150
-0.999572
5.371253
---
0.996152
0.014554
0.000000
0.086421
-0.002316
-0.003621
-0.008366
-0.009250
-0.009065
-0.145726
-0.002316
-0.029011
-0.999576
5.388865
---
0.996254
0.014463
0.000122
0.085258
-0.003279
-0.006370
-0.011300
-0.011412
-0.007028
-0.140574
-0.002303
-0.028831
-0.999582
5.406381
---
0.996374
0.014413
0.000122
0.083852
-0.003147
-0.006281
-0.011303
-0.001720
0.009107
-0.150997
-0.002171
-0.028742
-0.999584
5.422439
---
0.996477
0.014357
0.000000
0.082624
-0.005050
-0.002267
-0.007400
0.000996
-0.015445
-0.143487
-0.002120
-0.028634
-0.999588
5.439588
---
0.996581
0.014319
0.000000
0.081375
-0.004060
-0.003168
-0.010332
0.003734
-0.001786
-0.131984
-0.002107
-0.028559
-0.999590
5.456953
---
0.996673
0.014285
0.000000
0.080247
-0.004029
-0.003103
-0.010334
-0.005207
-0.001350
-0.135217
-0.002076
-0.028494
-0.999592
5.474075
---
0.996755
0.014257
0.000173
0.079221
-0.004003
-0.005975
-0.012289
-0.000125
-0.000149
-0.131877
-0.002050
-0.028436
-0.999593
5.490863
---
0.996838
0.014290
0.000122
0.078161
-0.000978
0.006646
-0.006428
0.003659
-0.000267
-0.120290
-0.001955
-0.028510
-0.999592
5.507983
---
0.996937
0.014345
0.000173
0.076884
0.002032
0.002621
-0.009354
0.007589
0.000052
-0.139297
-0.001874
-0.028629
-0.999588
5.524955
---
0.997025
0.014348
0.000173
0.075737
0.002074
0.002614
-0.009354
0.005049
-0.002702
-0.141138
-0.001832
-0.028636
-0.999588
5.542075
---
0.997115
0.014379
0.000122
0.074537
-0.005674
-0.002337
-0.009352
0.001008
0.000852
-0.162029
-0.001767
-0.028704
-0.999586
5.558102
---
0.997205
0.014390
0.000211
0.073310
-0.002666
0.001542
-0.015211
-0.003110
0.003061
-0.146909
-0.001689
-0.028732
-0.999586
5.575253
---
0.997316
0.014388
0.000244
0.071794
-0.002593
0.001541
-0.015211
-0.002105
-0.011149
-0.146697
-0.001617
-0.028733
-0.999586
5.592956
---
0.997376
0.014398
0.000244
0.070944
0.002284
-0.000429
-0.001538
0.002794
-0.001014
-0.133371
-0.001622
-0.028749
-0.999585
5.610077
---
0.997470
0.014453
0.000211
0.069609
-0.002559
0.000433
-0.008371
0.005600
0.007875
-0.134585
-0.001583
-0.028864
-0.999582
5.626131
---
0.997543
0.014495
0.000244
0.068547
-0.002503
0.000347
-0.008369
0.007920
-0.001695
-0.117008
-0.001526
-0.028949
-0.999580
5.643253
---
0.997620
0.014483
0.000244
0.067408
-0.004370
-0.004517
-0.011299
-0.001435
0.004265
-0.116942
-0.001440
-0.028931
-0.999580
5.660956
---
0.997679
0.014484
0.000273
0.066538
-0.004296
-0.004526
-0.011299
0.003750
0.004076
-0.124772
-0.001366
-0.028941
-0.999580
5.678080
---
0.997745
0.014455
0.000299
0.065542
-0.004206
-0.004475
-0.011301
-0.003563
0.001650
-0.107034
-0.001276
-0.028889
-0.999582
5.694133
---
0.997812
0.014448
0.000323
0.064521
-0.002163
-0.001532
-0.014231
-0.006581
0.006824
-0.110062
-0.001186
-0.028876
-0.999582
5.711283
---
0.997874
0.014381
0.000345
0.063570
-0.004964
-0.010193
-0.012281
-0.011584
0.012280
-0.100593
-0.001058
-0.028748
-0.999586
5.728956
---
0.997929
0.014281
0.000405
0.062711
-0.004865
-0.010001
-0.012287
-0.004262
0.005110
-0.117088
-0.000959
-0.028555
-0.999592
5.746079
---
0.997982
0.014269
0.000423
0.061869
-0.008671
0.004665
-0.013264
0.000684
0.003903
-0.101515
-0.000859
-0.028538
-0.999592
5.762954
---
0.998027
0.014253
0.000532
0.061140
-0.005581
-0.003122
-0.013265
-0.005375
0.014670
-0.100374
-0.000698
-0.028512
-0.999593
5.780077
---
0.998091
0.014156
0.000573
0.060116
-0.005442
-0.002937
-0.013270
-0.011692
-0.003042
-0.094568
-0.000560
-0.028328
-0.999599
5.796956
---
0.998133
0.014115
0.000634
0.059429
-0.004313
-0.005790
-0.006437
-0.001695
0.012853
-0.084645
-0.000406
-0.028251
-0.999601
5.814081
---
0.998172
0.014094
0.000634
0.058765
-0.000369
-0.001841
-0.011321
-0.003527
0.006418
-0.080140
-0.000369
-0.028209
-0.999602
5.830136
---
0.998213
0.014040
0.000646
0.058085
-0.000314
-0.001740
-0.011324
-0.006062
-0.004258
-0.075250
-0.000314
-0.028107
-0.999605
5.847283
---
0.998250
0.013999
0.000598
0.057444
0.000577
-0.001648
-0.014256
-0.010799
-0.007699
-0.059310
-0.000399
-0.028015
-0.999607
5.864987
---
0.998279
0.013953
0.000634
0.056949
-0.002274
-0.006446
-0.003516
-0.005263
0.006729
-0.072694
-0.000321
-0.027931
-0.999610
5.881102
---
0.998318
0.013949
0.000634
0.056267
-0.002230
-0.006439
-0.003516
0.000502
-0.001180
-0.079267
-0.000276
-0.027924
-0.999610
5.898984
---
0.998349
0.013951
0.000657
0.055712
-0.001202
0.000391
-0.010352
0.001738
0.002406
-0.074607
-0.000226
-0.027929
-0.999610
5.915103
---
0.998387
0.013952
0.000680
0.055034
0.004689
-0.000590
-0.009375
-0.005663
-0.002582
-0.074577
-0.000194
-0.027934
-0.999610
5.932952
---
0.998424
0.013949
0.000598
0.054347
-0.000306
0.000398
-0.010352
0.005834
-0.002718
-0.084046
-0.000306
-0.027922
-0.999610
5.949988
---
0.998466
0.013948
0.000598
0.053575
-0.000320
0.000402
-0.010352
0.002137
-0.002739
-0.085408
-0.000320
-0.027918
-0.999610
5.966833
---
0.998498
0.013963
0.000559
0.052975
-0.001323
0.004286
-0.011328
0.001699
-0.002990
-0.077050
-0.000346
-0.027940
-0.999610
5.983898
---
0.998537
0.013979
0.000598
0.052230
0.005585
0.001314
-0.002538
0.000800
0.003275
-0.075793
-0.000275
-0.027983
-0.999608
6.001443
---
0.998571
0.014032
0.000546
0.051558
0.005519
0.001214
-0.002535
0.004307
0.010934
-0.081591
-0.000340
-0.028083
-0.999606
6.017556
---
0.998603
0.014070
0.000532
0.050924
-0.003306
0.002119
-0.007416
0.006117
-0.009919
-0.066913
-0.000376
-0.028154
-0.999604
6.034985
---
0.998627
0.014106
0.000488
0.050439
-0.000420
0.001073
-0.007414
0.002922
-0.004899
-0.066064
-0.000420
-0.028224
-0.999602
6.051012
---
0.998658
0.014104
0.000423
0.049834
-0.000522
0.001082
-0.007414
-0.000767
-0.002376
-0.081604
-0.000522
-0.028215
-0.999602
6.068160
---
0.998696
0.014160
0.000366
0.049052
-0.000633
0.000979
-0.006435
0.002407
-0.002303
-0.086637
-0.000633
-0.028318
-0.999599
6.085956
---
0.998732
0.014180
0.000366
0.048312
-0.001610
-0.001994
-0.010340
0.003274
-0.011659
-0.090127
-0.000634
-0.028361
-0.999598
6.103446
---
0.998760
0.014161
0.000366
0.047720
-0.001568
-0.001955
-0.010341
-0.005279
0.003063
-0.085434
-0.000591
-0.028322
-0.999599
6.119470
---
0.998796
0.014161
0.000405
0.046976
-0.002462
0.000970
-0.007411
-0.004021
0.003620
-0.084926
-0.000509
-0.028327
-0.999599
6.136988
---
0.998831
0.014149
0.000386
0.046219
0.000407
0.000022
-0.014248
0.002065
-0.003721
-0.075459
-0.000570
-0.028298
-0.999599
6.153499
---
0.998856
0.014173
0.000386
0.045679
0.000435
-0.000027
-0.014246
0.005663
0.001054
-0.087489
-0.000541
-0.028348
-0.999598
6.170618
---
0.998892
0.014186
0.000323
0.044877
-0.001583
0.001900
-0.009363
0.003544
-0.010620
-0.086730
-0.000606
-0.028373
-0.999597
6.187834
---
0.998925
0.014234
0.000345
0.044113
-0.003497
-0.001123
-0.010337
0.006519
0.001863
-0.083066
-0.000567
-0.028467
-0.999595
6.205478
---
0.998950
0.014229
0.000345
0.043545
-0.003494
-0.001114
-0.010337
0.005272
-0.000507
-0.081782
-0.000564
-0.028458
-0.999595
6.221957
---
0.998984
0.014219
0.000345
0.042764
0.000466
-0.005002
-0.010338
0.000792
-0.003134
-0.071357
-0.000511
-0.028439
-0.999595
6.239081
---
0.999008
0.014175
0.000299
0.042212
-0.001496
-0.001982
-0.010340
-0.005990
-0.010138
-0.073163
-0.000519
-0.028350
-0.999598
6.255104
---
0.999032
0.014130
0.000323
0.041657
-0.001487
-0.001892
-0.010343
-0.004516
0.003106
-0.059584
-0.000510
-0.028259
-0.999601
6.272256
---
0.999059
0.014113
0.000299
0.041002
-0.000530
-0.001860
-0.005461
-0.005700
-0.002938
-0.071163
-0.000530
-0.028227
-0.999601
6.289836
---
0.999077
0.014109
0.000323
0.040575
-0.001444
0.005962
-0.009367
0.004028
0.003342
-0.065780
-0.000468
-0.028218
-0.999602
6.306957
---
0.999097
0.014121
0.000323
0.040068
-0.000453
-0.002850
-0.010343
0.002115
0.000813
-0.049893
-0.000453
-0.028241
-0.999601
6.324872
---
0.999120
0.014123
0.000366
0.039499
-0.000356
-0.002862
-0.010343
-0.000362
-0.000449
-0.051823
-0.000356
-0.028253
-0.999601
6.340990
---
0.999136
0.014173
0.000345
0.039070
-0.002358
0.003879
-0.014246
0.004812
-0.006851
-0.057752
-0.000405
-0.028348
-0.999598
6.357988
---
0.999150
0.014218
0.000299
0.038696
-0.001375
-0.003050
-0.010338
0.004146
0.001788
-0.055876
-0.000398
-0.028441
-0.999595
6.374104
---
0.999171
0.014215
0.000386
0.038143
-0.001317
-0.003045
-0.010338
-0.000777
-0.010571
-0.064882
-0.000340
-0.028436
-0.999596
6.391167
---
0.999192
0.014176
0.000323
0.037596
-0.003331
-0.006872
-0.013270
-0.003663
0.000548
-0.058913
-0.000402
-0.028356
-0.999598
6.408318
---
0.999214
0.014117
0.000345
0.037031
-0.001327
-0.000893
-0.009367
-0.003509
0.004769
-0.067346
-0.000350
-0.028237
-0.999601
6.426294
---
0.999229
0.014138
0.000386
0.036620
-0.001245
-0.000940
-0.009366
0.005042
0.011964
-0.064099
-0.000268
-0.028284
-0.999600
6.442409
---
0.999250
0.014091
0.000440
0.036060
-0.000141
-0.008662
-0.010345
-0.010322
-0.001139
-0.050820
-0.000141
-0.028193
-0.999602
6.459472
---
0.999270
0.014092
0.000457
0.035502
-0.000062
0.004029
-0.013274
0.003008
0.006771
-0.059544
-0.000062
-0.028198
-0.999602
6.476623
---
0.999290
0.014112
0.000405
0.034941
-0.000134
0.003993
-0.013273
0.001124
-0.006940
-0.068629
-0.000134
-0.028233
-0.999601
6.493958
---
0.999305
0.014124
0.000423
0.034486
-0.002055
0.000060
-0.008390
-0.003850
-0.001874
-0.045520
-0.000102
-0.028261
-0.999601
6.511078
---
0.999319
0.014138
0.000423
0.034078
0.000898
0.001985
-0.007412
-0.001906
0.003001
-0.052678
-0.000079
-0.028288
-0.999600
6.527107
---
0.999331
0.014186
0.000423
0.033705
0.000921
0.001891
-0.007410
0.002527
0.000503
-0.039463
-0.000056
-0.028383
-0.999597
6.544253
---
0.999341
0.014178
0.000440
0.033421
-0.003977
-0.003951
-0.011316
-0.003594
-0.001845
-0.037426
-0.000071
-0.028365
-0.999598
6.561988
---
0.999350
0.014180
0.000473
0.033124
-0.001944
-0.003958
-0.010340
-0.004387
0.000544
-0.030852
0.000010
-0.028372
-0.999597
6.578102
---
0.999360
0.014174
0.000503
0.032846
-0.001883
-0.003951
-0.010340
0.003008
-0.003137
-0.040452
0.000070
-0.028365
-0.999598
6.595167
---
0.999370
0.014155
0.000473
0.032538
0.000035
-0.000003
-0.006435
-0.006953
-0.000630
-0.028225
0.000035
-0.028323
-0.999599
6.612319
---
0.999379
0.014164
0.000473
0.032273
-0.000963
0.000957
-0.017176
0.005140
0.000583
-0.027860
0.000014
-0.028340
-0.999598
6.629958
---
0.999388
0.014173
0.000503
0.031981
-0.000918
0.000936
-0.017176
-0.003880
0.003240
-0.036266
0.000059
-0.028361
-0.999598
6.647021
---
0.999400
0.014129
0.000457
0.031632
-0.005790
-0.004833
-0.012296
-0.001245
0.001928
-0.032373
0.000069
-0.028270
-0.999600
6.663989
---
0.999406
0.014110
0.000473
0.031454
-0.002846
0.001065
-0.011320
-0.004340
0.000349
-0.023325
0.000084
-0.028232
-0.999601
6.680103
---
0.999417
0.014129
0.000559
0.031060
-0.002724
0.001023
-0.011319
0.004786
0.003860
-0.040234
0.000206
-0.028274
-0.999600
6.697958
---
0.999426
0.014152
0.000503
0.030782
0.001140
0.000003
-0.008388
0.001037
-0.008674
-0.057009
0.000163
-0.028317
-0.999599
6.715843
---
0.999439
0.014149
0.000546
0.030355
-0.002708
0.002934
-0.011318
-0.005912
0.001732
-0.054576
0.000222
-0.028316
-0.999599
6.732933
---
0.999457
0.014196
0.000559
0.029747
-0.002615
0.002840
-0.011315
0.004629
-0.002548
-0.060714
0.000314
-0.028410
-0.999596
6.749050
---
0.999469
0.014218
0.000585
0.029304
-0.000616
-0.002086
-0.007408
0.003341
0.004694
-0.054854
0.000360
-0.028453
-0.999595
6.765987
---
0.999483
0.014220
0.000503
0.028843
0.004154
0.001816
-0.009361
0.000257
-0.011649
-0.054806
0.000247
-0.028457
-0.999595
6.783022
---
0.999495
0.014258
0.000518
0.028410
0.004125
0.001743
-0.009359
0.006895
-0.001937
-0.054548
0.000219
-0.028530
-0.999593
6.799103
---
0.999509
0.014318
0.000503
0.027855
-0.002657
-0.003260
-0.009355
0.005481
0.001785
-0.053598
0.000272
-0.028651
-0.999590
6.816959
---
0.999523
0.014246
0.000532
0.027391
-0.001639
-0.004094
-0.009359
-0.006520
-0.007268
-0.049537
0.000314
-0.028508
-0.999594
6.834968
---
0.999533
0.014283
0.000532
0.027019
0.000306
-0.001238
-0.012287
0.005791
0.000581
-0.053431
0.000306
-0.028581
-0.999591
6.851021
---
0.999541
0.014302
0.000473
0.026689
0.000221
-0.001271
-0.012286
0.002026
-0.007865
-0.042006
0.000221
-0.028615
-0.999591
6.867166
---
0.999553
0.014251
0.000457
0.026281
0.005075
-0.001171
-0.008382
-0.004688
0.004063
-0.039862
0.000193
-0.028515
-0.999593
6.884959
---
0.999562
0.014257
0.000488
0.025932
-0.004681
-0.001183
-0.009359
0.001832
-0.004490
-0.041809
0.000202
-0.028527
-0.999593
6.902327
---
0.999569
0.014283
0.000423
0.025635
-0.004750
-0.001231
-0.009357
0.002980
-0.005603
-0.036746
0.000133
-0.028575
-0.999592
6.918440
---
0.999577
0.014291
0.000366
0.025339
0.002958
-0.001245
-0.008380
0.001824
-0.007813
-0.042037
0.000028
-0.028589
-0.999591
6.935990
---
0.999587
0.014245
0.000386
0.024938
-0.002904
-0.005058
-0.014242
-0.007185
0.005272
-0.040511
0.000026
-0.028495
-0.999594
6.952961
---
0.999595
0.014187
0.000323
0.024671
-0.002980
-0.004942
-0.014246
-0.000522
-0.003242
-0.035075
-0.000050
-0.028379
-0.999597
6.970083
---
0.999604
0.014197
0.000345
0.024289
-0.005843
-0.001056
-0.003503
0.000684
0.001548
-0.053454
0.000016
-0.028400
-0.999597
6.986139
---
0.999611
0.014220
0.000386
0.024007
-0.004809
-0.001105
-0.015220
0.003087
0.006431
-0.038486
0.000074
-0.028448
-0.999595
7.003502
---
0.999624
0.014162
0.000423
0.023495
-0.004696
-0.000991
-0.015224
-0.010457
0.005957
-0.043076
0.000186
-0.028334
-0.999599
7.020961
---
0.999633
0.014164
0.000473
0.023104
0.000338
-0.002952
-0.012294
0.003061
0.009475
-0.047223
0.000338
-0.028342
-0.999598
7.038083
---
0.999640
0.014183
0.000440
0.022779
0.006132
-0.000057
-0.008386
0.005851
-0.004472
-0.045001
0.000273
-0.028377
-0.999597
7.055967
---
0.999646
0.014186
0.000405
0.022492
0.006010
-0.000057
-0.008386
-0.002760
-0.012869
-0.028029
0.000150
-0.028377
-0.999597
7.072079
---
0.999653
0.014224
0.000323
0.022175
0.003968
0.001817
-0.007408
0.006908
-0.007506
-0.027347
0.000062
-0.028456
-0.999595
7.088870
---
0.999657
0.014244
0.000273
0.021976
0.004768
-0.001148
-0.014242
0.002176
-0.006865
-0.017742
-0.000115
-0.028491
-0.999594
7.105992
---
0.999660
0.014259
0.000211
0.021815
0.004688
-0.001175
-0.014242
0.006107
0.004348
-0.022979
-0.000194
-0.028519
-0.999593
7.122047
---
0.999664
0.014263
0.000273
0.021657
-0.001046
-0.000209
-0.014241
0.003651
0.009322
-0.020190
-0.000069
-0.028530
-0.999593
7.139201
---
0.999668
0.014255
0.000244
0.021470
-0.006920
-0.002145
-0.012289
-0.005179
0.008894
-0.014151
-0.000084
-0.028512
-0.999593
7.156961
---
0.999672
0.014250
0.000244
0.021298
-0.003009
0.001772
-0.007406
-0.000422
-0.011873
-0.018913
-0.000079
-0.028502
-0.999594
7.174083
---
0.999673
0.014268
0.000299
0.021204
-0.002947
0.001736
-0.007405
0.004439
0.005338
-0.008201
-0.000017
-0.028537
-0.999593
7.190564
---
0.999675
0.014241
0.000273
0.021141
0.000939
-0.004072
-0.009360
0.001030
0.000997
-0.009186
-0.000037
-0.028486
-0.999594
7.207686
---
0.999677
0.014247
0.000299
0.021046
0.003959
0.002753
-0.009360
0.002278
-0.006559
-0.005309
0.000053
-0.028497
-0.999594
7.224991
---
0.999678
0.014244
0.000299
0.020988
0.004007
0.002756
-0.009360
-0.000184
-0.006611
-0.009531
0.000100
-0.028494
-0.999594
7.241106
---
0.999680
0.014283
0.000323
0.020867
0.003928
0.002678
-0.008381
0.006423
-0.006640
-0.009276
0.000022
-0.028572
-0.999592
7.258138
---
0.999681
0.014324
0.000273
0.020823
0.004820
0.002597
-0.008379
0.005096
-0.006577
-0.005550
-0.000063
-0.028653
-0.999589
7.275288
---
0.999683
0.014389
0.000173
0.020665
0.004742
0.002471
-0.008375
0.002988
-0.004106
-0.010646
-0.000141
-0.028779
-0.999586
7.292930
---
0.999684
0.014358
0.000122
0.020632
0.001784
-0.006255
-0.009353
0.000643
-0.000328
-0.004519
-0.000169
-0.028716
-0.999588
7.310051
---
0.999686
0.014336
0.000000
0.020565
0.004596
0.001601
-0.008378
0.003627
-0.008624
-0.008624
-0.000286
-0.028672
-0.999589
7.326868
---
0.999687
0.014358
0.000000
0.020466
0.004510
0.001561
-0.008377
0.003534
0.001152
-0.008666
-0.000372
-0.028713
-0.999588
7.343991
---
0.999690
0.014418
0.000000
0.020287
-0.004291
0.002418
-0.004467
0.001758
-0.006107
-0.013667
-0.000385
-0.028832
-0.999584
7.360930
---
0.999693
0.014431
0.000000
0.020128
0.001582
-0.006396
-0.014232
0.001051
0.002789
-0.025054
-0.000371
-0.028857
-0.999584
7.378056
---
0.999700
0.014429
0.000000
0.019802
0.001520
-0.006390
-0.014232
-0.002650
-0.001190
-0.038577
-0.000433
-0.028850
-0.999584
7.394107
---
0.999706
0.014452
0.000000
0.019466
0.002456
-0.001557
-0.012278
0.004383
0.001264
-0.040157
-0.000474
-0.028901
-0.999582
7.411257
---
0.999713
0.014452
0.000000
0.019108
-0.006401
-0.001554
-0.007395
-0.000052
-0.000825
-0.045366
-0.000542
-0.028897
-0.999582
7.428961
---
0.999719
0.014454
-0.000000
0.018765
-0.006435
-0.001555
-0.007395
0.007558
-0.003473
-0.043910
-0.000576
-0.028898
-0.999582
7.446081
---
0.999725
0.014481
-0.000000
0.018446
0.000385
-0.001610
-0.011299
0.003783
0.000317
-0.033210
-0.000592
-0.028954
-0.999581
7.462989
---
0.999729
0.014470
-0.000000
0.018244
0.000342
-0.001588
-0.012277
-0.000958
-0.007732
-0.036122
-0.000634
-0.028931
-0.999581
7.479106
---
0.999735
0.014429
-0.000000
0.017948
0.000295
-0.001503
-0.012279
-0.011575
-0.007696
-0.027550
-0.000682
-0.028847
-0.999584
7.496961
---
0.999737
0.014409
-0.000000
0.017816
0.005112
-0.004394
-0.015210
0.002039
-0.005008
-0.011570
-0.000747
-0.028808
-0.999585
7.514084
---
0.999740
0.014376
-0.000000
0.017689
-0.003679
-0.004327
-0.013259
-0.005090
0.000443
-0.017457
-0.000750
-0.028741
-0.999587
7.530138
---
0.999743
0.014351
-0.000000
0.017550
-0.003713
-0.004277
-0.013260
-0.006872
-0.007103
-0.025315
-0.000783
-0.028691
-0.999588
7.547171
---
0.999746
0.014361
-0.000122
0.017367
-0.002655
-0.004297
-0.008377
0.001718
0.009836
-0.024289
-0.000702
-0.028711
-0.999587
7.564989
---
0.999750
0.014330
-0.000122
0.017182
-0.002627
-0.004237
-0.009355
-0.000928
0.002893
-0.030005
-0.000674
-0.028651
-0.999589
7.581107
---
0.999753
0.014307
-0.000000
0.017016
-0.002564
-0.004193
-0.009356
0.000377
0.001618
-0.023735
-0.000611
-0.028607
-0.999591
7.598136
---
0.999756
0.014348
-0.000000
0.016773
-0.002522
0.002563
-0.010330
0.005342
0.000515
-0.029118
-0.000569
-0.028687
-0.999588
7.615290
---
0.999759
0.014357
-0.000000
0.016589
-0.004429
-0.001364
-0.007400
-0.006255
0.000323
-0.030828
-0.000522
-0.028708
-0.999588
7.632958
---
0.999766
0.014348
-0.000000
0.016170
-0.004407
-0.001345
-0.007401
0.000456
-0.005326
-0.026760
-0.000500
-0.028688
-0.999588
7.649993
---
0.999770
0.014332
-0.000000
0.015942
0.000479
-0.000336
-0.010331
-0.004416
0.007073
-0.030488
-0.000498
-0.028656
-0.999589
7.666136
---
0.999773
0.014319
-0.000000
0.015799
0.000505
-0.006170
-0.010332
-0.001154
0.007410
-0.026048
-0.000471
-0.028631
-0.999590
7.683169
---
0.999778
0.014307
-0.000000
0.015467
-0.003378
-0.002240
-0.006427
-0.003976
-0.004700
-0.021182
-0.000448
-0.028607
-0.999591
7.701146
---
0.999782
0.014299
0.000122
0.015218
-0.003355
-0.002227
-0.006427
0.002194
-0.001006
-0.027154
-0.000426
-0.028594
-0.999591
7.717657
---
0.999785
0.014298
0.000000
0.015037
-0.002364
-0.000272
-0.012286
-0.001990
-0.004200
-0.008907
-0.000411
-0.028592
-0.999591
7.734963
---
0.999787
0.014256
0.000000
0.014933
0.000689
0.000790
-0.014242
-0.000103
0.000509
-0.020102
-0.000287
-0.028507
-0.999594
7.752939
---
0.999787
0.014274
0.000122
0.014920
0.000639
0.000752
-0.014241
-0.001394
-0.001726
0.007949
-0.000337
-0.028545
-0.999592
7.769053
---
0.999787
0.014303
0.000000
0.014858
0.003533
-0.000282
-0.011310
0.002291
-0.007588
-0.008583
-0.000373
-0.028602
-0.999591
7.785961
---
0.999789
0.014281
-0.000000
0.014783
-0.002402
-0.002188
-0.007405
-0.007728
-0.002026
-0.002380
-0.000449
-0.028556
-0.999592
7.803267
---
0.999790
0.014308
-0.000000
0.014682
-0.002386
-0.002241
-0.007403
0.000800
0.001486
-0.015111
-0.000433
-0.028608
-0.999591
7.819322
---
0.999793
0.014287
0.000000
0.014455
-0.009992
-0.003183
-0.013264
-0.004106
0.016837
-0.021216
-0.000226
-0.028574
-0.999592
7.836470
---
0.999797
0.014296
0.000122
0.014201
-0.003044
-0.004178
-0.011310
0.001822
0.005913
-0.039787
-0.000114
-0.028592
-0.999591
7.854419
---
0.999800
0.014304
0.000122
0.013969
-0.003063
-0.004192
-0.011310
0.003075
-0.001722
-0.038701
-0.000134
-0.028606
-0.999591
7.870532
---
0.999806
0.014217
0.000000
0.013604
-0.000134
-0.007922
-0.008385
-0.015082
0.005026
-0.040746
-0.000134
-0.028430
-0.999596
7.887838
---
0.999812
0.014140
0.000000
0.013300
-0.002023
-0.003864
-0.014249
-0.006386
0.006226
-0.034347
-0.000070
-0.028278
-0.999600
7.904963
---
0.999816
0.014102
0.000173
0.013011
-0.002008
-0.003786
-0.014251
-0.008704
0.004135
-0.024246
-0.000055
-0.028200
-0.999602
7.921996
---
0.999819
0.014088
0.000000
0.012824
-0.000031
-0.002783
-0.010345
-0.002517
-0.004397
-0.021655
-0.000031
-0.028174
-0.999603
7.938136
---
0.999821
0.014031
0.000122
0.012677
-0.003924
-0.004624
-0.011325
-0.009258
0.003117
-0.017501
-0.000017
-0.028062
-0.999606
7.955203
---
0.999824
0.013977
0.000211
0.012485
-0.003973
-0.004517
-0.011328
-0.002978
0.000889
-0.024858
-0.000067
-0.027954
-0.999609
7.972351
---
0.999827
0.013965
0.000000
0.012310
0.000901
-0.000584
-0.008399
-0.001789
0.011595
-0.016374
-0.000075
-0.027928
-0.999610
7.989472
---
0.999829
0.013967
0.000173
0.012118
-0.003919
0.000386
-0.013282
0.002685
-0.000568
-0.024071
-0.000013
-0.027934
-0.999610
8.006598
---
0.999832
0.013965
0.000000
0.011910
-0.003953
0.000393
-0.013282
-0.007222
0.000085
-0.018528
-0.000047
-0.027928
-0.999610
8.023658
---
0.999835
0.013902
0.000000
0.011709
-0.001111
-0.004364
-0.013285
-0.002131
-0.009774
-0.028503
-0.000134
-0.027801
-0.999613
8.040808
---
0.999838
0.013910
0.000000
0.011460
-0.004092
-0.000475
-0.015238
0.003179
-0.002695
-0.029198
-0.000186
-0.027818
-0.999613
8.057935
---
0.999841
0.013870
0.000000
0.011220
-0.004109
-0.000393
-0.015240
-0.009958
-0.007990
-0.020186
-0.000202
-0.027736
-0.999615
8.075052
---
0.999844
0.013858
0.000000
0.010972
-0.002129
-0.004275
-0.010358
-0.007399
0.001864
-0.034959
-0.000176
-0.027712
-0.999616
8.091199
---
0.999847
0.013836
0.000000
0.010707
0.002703
-0.003254
-0.011336
0.000884
-0.006702
-0.031846
-0.000227
-0.027668
-0.999617
8.108322
---
0.999849
0.013797
0.000000
0.010552
0.006586
0.004636
-0.012315
-0.003451
-0.004683
-0.008727
-0.000250
-0.027591
-0.999619
8.126267
---
0.999850
0.013814
0.000000
0.010408
0.006597
0.004603
-0.012314
0.000191
0.005171
-0.024440
-0.000239
-0.027623
-0.999618
8.142382
---
0.999853
0.013763
0.000122
0.010237
-0.001130
-0.008968
-0.012317
-0.004207
-0.000057
-0.015899
-0.000153
-0.027522
-0.999621
8.159415
---
0.999854
0.013763
0.000000
0.010136
0.000760
0.001774
-0.005481
0.003500
-0.008468
-0.017072
-0.000216
-0.027522
-0.999621
8.176567
---
0.999856
0.013796
0.000000
0.009928
0.000705
0.001711
-0.005479
0.002178
-0.001029
-0.021447
-0.000272
-0.027586
-0.999619
8.194480
---
0.999857
0.013770
0.000000
0.009811
-0.001161
-0.003123
-0.013293
-0.010146
0.004616
-0.016880
-0.000184
-0.027537
-0.999621
8.210596
---
0.999858
0.013779
-0.000000
0.009651
0.000707
0.001743
-0.010363
0.007346
0.000589
-0.017568
-0.000270
-0.027554
-0.999620
8.227629
---
0.999860
0.013806
-0.000000
0.009460
0.000698
0.001688
-0.010361
0.004805
0.004272
-0.035028
-0.000279
-0.027609
-0.999619
8.244785
---
0.999863
0.013793
0.000000
0.009148
-0.004141
0.002687
-0.013291
0.002071
0.002546
-0.015711
-0.000234
-0.027586
-0.999619
8.261964
---
0.999865
0.013797
-0.000000
0.008978
-0.000249
-0.006105
-0.011338
-0.001892
-0.000628
-0.023666
-0.000249
-0.027589
-0.999619
8.278995
---
0.999866
0.013805
-0.000000
0.008746
-0.000333
-0.006120
-0.011338
-0.000684
-0.006747
-0.028904
-0.000333
-0.027605
-0.999619
8.295018
---
0.999868
0.013797
-0.000000
0.008555
0.000631
0.001708
-0.012315
-0.001443
-0.002577
-0.021863
-0.000346
-0.027589
-0.999619
8.312168
---
0.999870
0.013831
-0.000122
0.008305
-0.003316
-0.000315
-0.012313
0.002266
0.002516
-0.023160
-0.000386
-0.027659
-0.999617
8.329962
---
0.999871
0.013851
-0.000122
0.008124
-0.003374
-0.000354
-0.012312
-0.000866
-0.002532
-0.026477
-0.000444
-0.027698
-0.999616
8.347084
---
0.999873
0.013835
-0.000000
0.007943
-0.001317
-0.001297
-0.013289
0.000409
0.005882
-0.015507
-0.000340
-0.027664
-0.999617
8.363965
---
0.999875
0.013806
-0.000000
0.007654
-0.003267
-0.005145
-0.013291
-0.006193
0.006646
-0.038963
-0.000337
-0.027606
-0.999619
8.381970
---
0.999878
0.013766
-0.000000
0.007449
-0.003268
-0.005064
-0.013293
-0.006846
-0.001535
-0.026776
-0.000339
-0.027525
-0.999621
8.398510
---
0.999879
0.013741
-0.000000
0.007289
-0.003288
-0.004044
-0.016224
0.001816
-0.007602
-0.025913
-0.000358
-0.027482
-0.999622
8.414629
---
0.999881
0.013750
-0.000000
0.007051
-0.005177
0.007660
-0.012317
0.003350
0.001977
-0.023743
-0.000294
-0.027497
-0.999622
8.431665
---
0.999882
0.013806
-0.000000
0.006760
-0.005165
0.007550
-0.012314
0.007216
-0.010057
-0.025623
-0.000282
-0.027606
-0.999619
8.448813
---
0.999883
0.013828
-0.000000
0.006583
-0.007020
0.000668
-0.011336
0.004667
0.005960
-0.021263
-0.000184
-0.027652
-0.999618
8.465995
---
0.999883
0.013869
0.000000
0.006495
-0.006946
-0.000393
-0.011334
0.008311
0.007953
-0.011664
-0.000110
-0.027737
-0.999615
8.482019
---
0.999883
0.013904
0.000000
0.006345
-0.002900
0.002467
-0.008402
-0.001493
0.016213
-0.022757
0.000030
-0.027807
-0.999613
8.499995
---
0.999883
0.013940
0.000122
0.006228
-0.002829
0.002398
-0.008400
0.006987
0.005246
-0.011772
0.000101
-0.027876
-0.999611
8.516109
---
0.999883
0.013965
0.000000
0.006244
0.000133
-0.004489
-0.009376
-0.000760
0.008272
-0.002062
0.000133
-0.027926
-0.999610
8.533965
---
0.999883
0.013968
0.000122
0.006257
-0.000829
0.000386
-0.015235
0.001923
0.001569
0.005658
0.000147
-0.027935
-0.999610
8.551027
---
0.999882
0.014000
0.000173
0.006303
-0.000887
0.000322
-0.015233
0.004284
-0.004323
0.007585
0.000090
-0.027998
-0.999608
8.567813
---
0.999882
0.013988
0.000173
0.006392
0.001056
-0.002583
-0.010351
-0.004416
0.002019
0.010918
0.000079
-0.027974
-0.999609
8.584965