---
0.894522
0.015897
-0.009754
-0.446635
0.006516
-0.001020
-0.002234
0.001304
0.027229
0.010598
-0.003250
-0.037153
-0.999304
0.000000
---
0.894518
0.016356
-0.008870
-0.446645
-0.003213
-0.001054
-0.000284
-0.004806
0.060579
-0.001518
-0.001260
-0.037186
-0.999308
0.033237
---
0.894555
0.017037
-0.008139
-0.446558
-0.011066
0.002290
-0.013935
0.029411
0.104330
0.010532
0.000652
-0.037749
-0.999287
0.050359
---
0.894732
0.017692
-0.007322
-0.446193
-0.010009
-0.003038
-0.009032
0.020132
0.106476
0.058867
0.002686
-0.038194
-0.999267
0.067848
---
0.894818
0.018081
-0.006665
-0.446015
-0.008496
-0.003148
-0.009023
0.005107
0.069967
0.027200
0.004199
-0.038304
-0.999257
0.084971
---
0.894675
0.019081
-0.005374
-0.446278
0.007413
-0.003786
-0.012886
-0.022335
-0.004039
-0.058271
0.007413
-0.038942
-0.999214
0.119152
---
0.894472
0.018953
-0.005324
-0.446690
0.007408
-0.003505
-0.012897
-0.017004
0.002458
-0.050057
0.007408
-0.038661
-0.999225
0.135267
---
0.894257
0.018668
-0.005258
-0.447134
0.000458
-0.003908
-0.012920
-0.025404
-0.002964
-0.057607
0.007293
-0.038088
-0.999248
0.152390
---
0.894012
0.018587
-0.005385
-0.447625
0.003101
0.003937
-0.010970
0.012350
-0.022004
-0.071066
0.007007
-0.038055
-0.999251
0.169513
---
0.893517
0.018906
-0.005345
-0.448598
-0.001380
0.003411
-0.011923
0.024248
0.020584
-0.071115
0.007409
-0.038582
-0.999228
0.203756
---
0.893311
0.018969
-0.005265
-0.449007
-0.000185
-0.002486
-0.015826
-0.002947
0.006983
-0.023883
0.007628
-0.038619
-0.999225
0.220876
---
0.893265
0.018605
-0.005435
-0.449113
0.006999
-0.001988
-0.009014
-0.020763
-0.031932
0.014735
0.006999
-0.038121
-0.999249
0.255122
---
0.893322
0.018304
-0.005610
-0.449009
0.001530
-0.001609
-0.012939
-0.018819
-0.025151
0.025454
0.006413
-0.037742
-0.999267
0.271235
---
0.893369
0.018170
-0.005700
-0.448920
0.001249
-0.001449
-0.012947
-0.007514
-0.020012
0.015405
0.006131
-0.037582
-0.999275
0.288360
---
0.893534
0.017781
-0.005902
-0.448604
0.002474
-0.002890
-0.008087
-0.018053
-0.036216
0.042195
0.005404
-0.037070
-0.999298
0.305480
---
0.894158
0.017311
-0.006521
-0.447369
-0.003009
0.005199
-0.011034
0.025271
0.015285
0.049865
0.003827
-0.036793
-0.999316
0.373969
---
0.894436
0.017773
-0.006279
-0.446799
-0.002190
0.001657
-0.004172
0.015579
0.028462
0.040414
0.004646
-0.037406
-0.999289
0.407208
---
0.894553
0.017867
-0.006289
-0.446560
0.001775
0.000502
-0.012954
0.008071
-0.002014
0.030892
0.004705
-0.037584
-0.999282
0.424330
---
0.894663
0.017869
-0.006371
-0.446338
-0.001309
-0.000552
-0.006116
0.005871
-0.009882
0.018638
0.004550
-0.037662
-0.999280
0.441451
---
0.894679
0.017877
-0.006385
-0.446306
-0.001325
-0.000578
-0.006115
-0.003059
0.002145
0.007116
0.004534
-0.037687
-0.999279
0.458575
---
0.894737
0.017770
-0.006328
-0.446194
-0.000350
-0.003266
-0.010031
-0.012680
0.002474
-0.007049
0.004533
-0.037446
-0.999288
0.476002
---
0.894672
0.017670
-0.006310
-0.446330
0.005460
-0.000143
-0.007108
-0.007341
-0.015696
-0.029052
0.004483
-0.037252
-0.999296
0.493124
---
0.894617
0.017505
-0.006420
-0.446445
0.005119
0.000056
-0.007117
-0.015061
-0.029507
-0.017132
0.004143
-0.037054
-0.999305
0.509239
---
0.894562
0.017348
-0.006629
-0.446557
-0.002228
0.000153
-0.013959
-0.005787
-0.034760
-0.023708
0.003631
-0.036956
-0.999310
0.526361
---
0.894450
0.017268
-0.006795
-0.446782
0.000343
0.000147
-0.006147
0.004317
-0.020828
-0.030663
0.003273
-0.036963
-0.999311
0.543482
---
0.894323
0.017169
-0.006871
-0.447040
0.000131
0.000256
-0.006152
-0.019346
-0.018916
-0.029948
0.003061
-0.036854
-0.999316
0.560604
---
0.894234
0.017069
-0.006835
-0.447222
0.000110
-0.003440
-0.011043
-0.013665
0.005383
-0.006258
0.003040
-0.036643
-0.999324
0.577729
---
0.894210
0.016960
-0.006810
-0.447274
0.002015
0.000687
-0.011051
-0.007468
0.001043
-0.004338
0.002991
-0.036422
-0.999332
0.594849
---
0.894097
0.016894
-0.006879
-0.447501
0.001843
0.000738
-0.011053
0.008781
0.007318
-0.023653
0.002819
-0.036371
-0.999334
0.611974
---
0.894046
0.016960
-0.006976
-0.447600
-0.002176
0.003468
-0.012999
0.014686
-0.012005
-0.009876
0.002707
-0.036571
-0.999327
0.629100
---
0.894031
0.016754
-0.007187
-0.447634
0.004099
-0.004167
-0.009101
-0.014119
-0.038571
-0.007186
0.002146
-0.036394
-0.999335
0.645211
---
0.894074
0.016544
-0.007325
-0.447553
0.003663
-0.003916
-0.009111
-0.011965
-0.024994
0.018734
0.001710
-0.036143
-0.999345
0.662333
---
0.894112
0.016398
-0.007413
-0.447482
-0.000536
-0.000803
-0.006188
-0.007384
-0.008422
0.003859
0.001417
-0.035960
-0.999352
0.679452
---
0.894137
0.016329
-0.007495
-0.447433
0.001207
0.002176
-0.012050
-0.000829
-0.005084
0.020308
0.001207
-0.035910
-0.999354
0.696574
---
0.894183
0.016366
-0.007433
-0.447341
0.001348
0.002164
-0.012049
-0.003975
0.020584
0.019100
0.001348
-0.035922
-0.999354
0.713695
---
0.894299
0.016457
-0.007339
-0.447107
-0.001341
-0.000843
-0.011069
0.004974
0.010173
0.037678
0.001588
-0.035999
-0.999351
0.730824
---
0.894502
0.016603
-0.007185
-0.446699
-0.000950
0.002941
-0.003252
0.004181
0.006157
0.050446
0.001979
-0.036122
-0.999345
0.747942
---
0.894554
0.016768
-0.007612
-0.446580
0.018935
0.031560
-0.013970
0.083381
-0.059957
-0.010479
0.001357
-0.036799
-0.999322
0.765062
---
0.894578
0.017330
-0.008245
-0.446500
0.018300
0.029990
-0.013912
0.089014
-0.026914
0.016794
0.000722
-0.038370
-0.999263
0.781176
---
0.894864
0.017789
-0.008135
-0.445910
-0.023110
-0.006864
-0.015836
0.035106
0.054399
0.102439
0.001304
-0.039091
-0.999235
0.798300
---
0.895360
0.018435
-0.007758
-0.444894
-0.005301
0.008915
-0.007012
0.056464
0.080555
0.101671
0.002511
-0.039913
-0.999200
0.815425
---
0.895615
0.019090
-0.007182
-0.444362
-0.003713
0.008248
-0.006980
0.034225
0.095205
0.065567
0.004100
-0.040580
-0.999168
0.832543
---
0.895722
0.018958
-0.007608
-0.444145
0.029579
0.003226
-0.013814
0.001310
-0.063363
0.028085
0.003212
-0.040720
-0.999165
0.849668
---
0.895774
0.018735
-0.008397
-0.444036
0.011357
0.012688
-0.018688
0.038729
-0.107269
0.002208
0.001592
-0.041023
-0.999157
0.866790
---
0.895698
0.018803
-0.009113
-0.444171
0.010144
0.011931
-0.018658
0.035957
-0.027699
-0.030393
0.000379
-0.041780
-0.999127
0.883911
---
0.895526
0.018822
-0.009430
-0.444511
0.016446
0.004782
-0.003020
0.013655
-0.015761
-0.044183
-0.000156
-0.042093
-0.999114
0.901034
---
0.895402
0.018861
-0.009302
-0.444762
-0.002814
-0.008849
-0.000092
-0.017473
0.027622
-0.023858
0.000115
-0.042052
-0.999115
0.917144
---
0.895506
0.018729
-0.009313
-0.444558
-0.002958
-0.008622
-0.000102
-0.009639
-0.014634
0.060579
-0.000029
-0.041826
-0.999125
0.934272
---
0.896107
0.018374
-0.008595
-0.443373
-0.024503
-0.025904
-0.016755
-0.063357
0.032236
0.157875
0.000888
-0.040553
-0.999177
0.951393
---
0.896668
0.018390
-0.007861
-0.442251
-0.017364
-0.006732
-0.007989
-0.035037
0.105980
0.153049
0.002167
-0.039935
-0.999200
0.968513
---
0.898349
0.018375
-0.007044
-0.438842
0.015190
0.022327
-0.012897
0.035210
-0.034499
0.117773
0.003472
-0.039197
-0.999225
1.019880
---
0.898748
0.018524
-0.007417
-0.438011
0.014613
0.021729
-0.012876
0.048630
-0.021593
0.095050
0.002895
-0.039794
-0.999204
1.037002
---
0.899076
0.018880
-0.007685
-0.437317
0.008556
0.014995
-0.007958
0.056194
0.007714
0.098280
0.002697
-0.040669
-0.999169
1.054128
---
0.899370
0.018812
-0.007959
-0.436710
0.020669
-0.006609
-0.008931
-0.008952
-0.029822
0.084545
0.002115
-0.040789
-0.999166
1.070239
---
0.899702
0.018546
-0.008365
-0.436030
0.019675
-0.006490
-0.008938
-0.005218
-0.069993
0.092792
0.001120
-0.040669
-0.999172
1.087361
---
0.900091
0.018132
-0.009037
-0.435231
0.011234
0.002461
-0.012851
-0.009778
-0.101727
0.113645
-0.000485
-0.040508
-0.999179
1.104481
---
0.900506
0.018022
-0.009263
-0.434371
-0.005910
-0.001441
-0.006991
-0.000853
-0.004147
0.121788
-0.001027
-0.040503
-0.999179
1.121604
---
0.901026
0.017997
-0.009158
-0.433295
-0.005791
-0.001306
-0.006997
-0.030349
0.026727
0.163697
-0.000908
-0.040368
-0.999184
1.138731
---
0.901786
0.017816
-0.008967
-0.431722
-0.003720
-0.009604
-0.006040
-0.027648
-0.000738
0.178704
-0.000790
-0.039877
-0.999204
1.155849
---
0.902340
0.017597
-0.009087
-0.430569
0.005591
-0.002473
-0.009958
-0.020681
-0.019366
0.162301
-0.001245
-0.039583
-0.999216
1.172970
---
0.902864
0.017434
-0.009073
-0.429477
0.020075
-0.005098
0.003702
-0.028476
-0.044586
0.132937
-0.001409
-0.039277
-0.999227
1.190094
---
0.903430
0.017034
-0.009283
-0.428297
0.019302
-0.004551
0.003682
-0.034194
-0.046212
0.169106
-0.002182
-0.038731
-0.999247
1.206212
---
0.904148
0.015905
-0.010318
-0.426799
0.031051
-0.008273
-0.010023
-0.059455
-0.193662
0.189980
-0.005082
-0.037570
-0.999281
1.223333
---
0.904698
0.014902
-0.011467
-0.425638
0.028068
-0.007429
-0.010035
-0.040818
-0.172703
0.146790
-0.008065
-0.036726
-0.999293
1.240455
---
0.905088
0.014190
-0.012322
-0.424809
0.026860
0.000953
0.003636
-0.031401
-0.094814
0.108969
-0.010250
-0.036157
-0.999294
1.257582
---
0.905202
0.013777
-0.013675
-0.424539
0.057253
0.031804
0.007590
0.019838
-0.175933
0.041274
-0.013060
-0.036555
-0.999246
1.274699
---
0.905230
0.013306
-0.015430
-0.424433
0.050742
0.022383
0.000830
0.041585
-0.194725
-0.011233
-0.016641
-0.037187
-0.999170
1.291820
---
0.905155
0.012895
-0.017020
-0.424545
0.047519
0.021772
0.000912
0.041640
-0.202706
-0.023455
-0.019863
-0.037798
-0.999088
1.308941
---
0.905096
0.012368
-0.018362
-0.424631
0.035859
0.004985
-0.002926
0.006825
-0.192078
0.019592
-0.022734
-0.037983
-0.999020
1.326065
---
0.905132
0.011675
-0.019667
-0.424515
0.036809
-0.005608
0.000070
-0.029919
-0.178443
0.017145
-0.025691
-0.037834
-0.998954
1.342181
---
0.905204
0.010780
-0.021137
-0.424315
0.033383
-0.005229
0.000149
0.003544
-0.173477
0.021478
-0.029117
-0.037456
-0.998874
1.359303
---
0.905319
0.010364
-0.022254
-0.424022
0.028065
0.015094
-0.007584
0.016779
-0.117333
0.050924
-0.031505
-0.037640
-0.998795
1.376425
---
0.905266
0.010223
-0.023268
-0.424084
0.043692
0.031092
-0.002614
0.060086
-0.124185
-0.037264
-0.033456
-0.038244
-0.998708
1.393551
---
0.905187
0.010261
-0.024369
-0.424190
0.041736
0.030085
-0.002508
0.061601
-0.143020
-0.018764
-0.035412
-0.039251
-0.998602
1.410667
---
0.905343
0.009025
-0.025718
-0.423805
0.030418
-0.003962
-0.009256
-0.055429
-0.172360
0.070976
-0.038918
-0.038142
-0.998514
1.427790
---
0.905634
0.008330
-0.026469
-0.423152
-0.002807
-0.002337
-0.008226
-0.031532
-0.080237
0.098477
-0.040892
-0.037493
-0.998460
1.444912
---
0.906117
0.008148
-0.026572
-0.422113
-0.003189
-0.002041
-0.008221
0.005586
0.066143
0.173370
-0.041275
-0.037198
-0.998455
1.462035
---
0.906719
0.008360
-0.026093
-0.420844
-0.037352
-0.004896
-0.016077
0.011109
0.116908
0.160349
-0.040282
-0.037122
-0.998499
1.478152
---
0.907379
0.008228
-0.025869
-0.419435
0.002923
-0.010264
0.012216
-0.034835
-0.093680
0.194288
-0.040046
-0.036631
-0.998526
1.495271
---
0.907866
0.007872
-0.026272
-0.418363
0.001854
-0.009910
0.012246
0.021417
-0.076497
0.085241
-0.041115
-0.036277
-0.998496
1.512394
---
0.907890
0.007811
-0.026884
-0.418273
0.043657
0.021921
0.029888
0.028432
-0.053234
-0.018541
-0.042280
-0.036673
-0.998433
1.529513
---
0.907850
0.008101
-0.026958
-0.418350
0.005682
0.008630
0.014280
0.032670
-0.029760
-0.013327
-0.042169
-0.037269
-0.998415
1.547033
---
0.907833
0.007905
-0.027222
-0.418374
0.005039
0.008769
0.014302
-0.097744
-0.057466
0.012917
-0.042812
-0.037130
-0.998393
1.563149
---
0.907651
0.007000
-0.027195
-0.418786
0.001416
-0.018882
0.005483
-0.087444
-0.042097
-0.085504
-0.043506
-0.035484
-0.998423
1.580277
---
0.907150
0.006473
-0.027717
-0.419843
0.016670
0.000139
-0.019864
-0.021205
-0.057898
-0.185746
-0.044853
-0.035017
-0.998380
1.597303
---
0.906576
0.006351
-0.027823
-0.421076
0.016424
0.000212
-0.019855
0.014682
0.040448
-0.133434
-0.045100
-0.034944
-0.998371
1.614450
---
0.906105
0.006719
-0.027398
-0.422112
-0.015655
0.000821
0.009404
0.006385
0.112934
-0.118418
-0.043976
-0.035312
-0.998408
1.631547
---
0.905754
0.006994
-0.027196
-0.422873
-0.036515
0.002417
0.009390
0.021237
0.062350
-0.088318
-0.043351
-0.035669
-0.998423
1.648669
---
0.904997
0.007508
-0.026603
-0.424519
-0.034940
0.001906
0.009341
0.028851
-0.012790
-0.262238
-0.041776
-0.036180
-0.998472
1.665795
---
0.903829
0.007880
-0.026553
-0.426997
0.030016
0.019725
-0.021903
0.031246
0.019190
-0.412344
-0.041273
-0.036916
-0.998466
1.682912
---
0.901857
0.007085
-0.027710
-0.431087
0.044021
0.005317
0.001636
-0.047797
-0.240526
-0.528479
-0.043870
-0.036675
-0.998364
1.700037
---
0.900008
0.005870
-0.029025
-0.434867
0.040750
0.006182
0.001754
-0.103781
-0.198876
-0.516146
-0.047141
-0.035810
-0.998246
1.716152
---
0.898095
0.004860
-0.029717
-0.438770
0.038780
0.007183
0.001813
-0.084447
-0.131830
-0.606578
-0.049111
-0.034809
-0.998187
1.733276
---
0.895479
0.003176
-0.031501
-0.443976
0.058705
-0.003381
0.006888
-0.108466
-0.348510
-0.712828
-0.053600
-0.033654
-0.997995
1.750393
---
0.892280
0.000532
-0.033077
-0.450269
0.029378
-0.043503
0.011954
-0.220477
-0.227754
-0.669963
-0.058512
-0.030808
-0.997811
1.767914
---
0.889209
-0.001418
-0.033643
-0.456261
0.026764
-0.040870
0.012033
-0.209981
-0.198637
-0.878491
-0.061126
-0.028175
-0.997732
1.785124
---
0.885953
-0.000634
-0.031658
-0.462693
-0.048879
-0.021319
-0.024362
-0.067205
0.270137
-0.945930
-0.056692
-0.028155
-0.997995
1.801243
---
0.882128
0.000173
-0.029507
-0.470085
-0.075315
-0.026128
-0.029509
-0.044815
0.306039
-0.836895
-0.051877
-0.028081
-0.998259
1.818363
---
0.878491
0.001505
-0.027072
-0.476989
-0.069575
-0.026506
-0.029780
0.061286
0.403526
-1.003819
-0.046137
-0.028459
-0.998530
1.835491
---
0.874671
0.003623
-0.024556
-0.484082
-0.060932
0.006992
-0.004627
0.057022
0.365096
-1.081372
-0.039448
-0.030117
-0.998768
1.853281
---
0.870571
0.004258
-0.023899
-0.491444
-0.012035
0.000341
0.006061
-0.020281
-0.102208
-1.002751
-0.037425
-0.030909
-0.998821
1.869396
---
0.865042
0.004682
-0.023038
-0.501148
-0.009771
0.000051
0.005988
-0.036194
0.307988
-1.105109
-0.035161
-0.031199
-0.998895
1.886608
---
0.860496
0.005777
-0.020822
-0.508999
-0.071948
-0.023325
-0.009808
-0.048811
0.304456
-1.116376
-0.029955
-0.031137
-0.999066
1.903733
---
0.856126
0.007465
-0.016937
-0.516435
-0.119923
-0.055669
0.009474
-0.090742
0.517242
-1.015709
-0.021290
-0.030279
-0.999315
1.921345
---
0.851496
0.008212
-0.014803
-0.524088
-0.115232
-0.054896
0.009362
-0.048373
-0.227779
-1.190480
-0.016599
-0.029506
-0.999427
1.937400
---
0.846107
0.008672
-0.014817
-0.532737
-0.021691
-0.045114
-0.055075
0.035424
0.052668
-1.409691
-0.015831
-0.030465
-0.999411
1.954548
---
0.838276
0.008366
-0.014857
-0.544979
0.013507
0.002006
0.008394
-0.066595
-0.150822
-1.437999
-0.015790
-0.030221
-0.999419
1.972309
---
0.830624
0.008862
-0.013918
-0.556589
0.016041
0.002010
0.008357
0.052097
0.284431
-1.611180
-0.013256
-0.030217
-0.999455
1.988609
---
0.823451
0.009255
-0.014136
-0.567136
-0.041104
0.019506
0.033774
0.061339
-0.041614
-1.633135
-0.012783
-0.031276
-0.999429
2.006065
---
0.815074
0.010668
-0.012081
-0.579133
-0.067883
-0.024548
0.028840
-0.028119
0.303765
-1.840614
-0.007336
-0.031384
-0.999480
2.022335
---
0.805880
0.011581
-0.009686
-0.591887
-0.043896
-0.055521
-0.041536
-0.125863
0.205485
-1.694113
-0.001904
-0.030131
-0.999544
2.040281
---
0.797317
0.011962
-0.007575
-0.603395
-0.039638
-0.053610
-0.041591
-0.121631
0.212118
-1.795921
0.002354
-0.028220
-0.999599
2.056394
---
0.788927
0.012034
-0.005680
-0.614343
-0.051793
-0.066006
-0.008435
-0.131784
0.139166
-1.763464
0.005825
-0.025967
-0.999646
2.074312
---
0.779649
0.012023
-0.003999
-0.626089
-0.014615
0.002615
-0.012374
-0.059932
0.065462
-1.720006
0.008823
-0.023753
-0.999679
2.090609
---
0.768233
0.012627
-0.002354
-0.640042
-0.010891
0.003954
-0.012365
-0.059313
0.036053
-2.039184
0.012546
-0.022413
-0.999670
2.108341
---
0.757155
0.010763
-0.006658
-0.653113
0.089913
0.071683
-0.043625
0.175645
-0.499511
-2.299216
0.003975
-0.024997
-0.999680
2.125342
---
0.745161
0.009963
-0.007904
-0.666764
-0.023884
-0.039059
-0.027997
-0.109208
0.096029
-2.225639
0.001507
-0.025387
-0.999677
2.141488
---
0.732732
0.009968
-0.006606
-0.680412
-0.021509
-0.037272
-0.028034
-0.100550
0.025068
-2.310556
0.003882
-0.023600
-0.999714
2.158610
---
0.716994
0.011075
-0.003553
-0.696982
-0.062899
-0.049153
-0.040745
-0.128398
0.391029
-2.390254
0.010343
-0.020833
-0.999729
2.176311
---
0.703785
0.011608
-0.002284
-0.710314
-0.043369
0.009706
-0.042689
0.051021
-0.037794
-2.318597
0.013272
-0.019590
-0.999720
2.192609
---
0.690517
0.012233
-0.002082
-0.723210
-0.041824
0.009391
-0.042661
0.048684
0.142516
-2.319835
0.014817
-0.019906
-0.999692
2.209734
---
0.676614
0.012827
-0.001976
-0.736224
-0.040432
0.009024
-0.042632
0.063205
-0.054366
-2.363324
0.016208
-0.020273
-0.999663
2.226856
---
0.659348
0.011663
-0.003893
-0.751737
0.091500
0.030521
0.030576
0.105652
-0.423888
-2.245424
0.012398
-0.021237
-0.999698
2.243975
---
0.645829
0.010098
-0.006141
-0.763390
0.086587
0.029339
0.030553
0.090892
-0.157395
-2.217030
0.007485
-0.022419
-0.999721
2.261098
---
0.633034
0.009524
-0.007241
-0.774031
0.037800
0.026532
0.024700
0.063671
-0.208400
-2.113216
0.005573
-0.023272
-0.999714
2.277122
---
0.620236
0.009602
-0.007412
-0.784321
-0.022455
-0.013773
0.026661
-0.015398
0.146954
-2.031369
0.005866
-0.023539
-0.999706
2.294155
---
0.605858
0.010349
-0.006056
-0.795482
-0.019191
-0.012409
0.026655
-0.103255
0.131673
-1.754603
0.009129
-0.022174
-0.999713
2.311303
---
0.596155
0.009964
-0.005213
-0.802791
-0.011707
-0.030996
0.000253
-0.098042
-0.006734
-1.434418
0.009778
-0.020253
-0.999747
2.328427
---
0.586705
0.008172
-0.006425
-0.809734
0.080892
0.005395
-0.002714
0.023160
-0.343137
-1.502691
0.005696
-0.019995
-0.999784
2.345459
---
0.578414
0.006511
-0.007906
-0.815679
0.076672
0.004954
-0.002720
0.032526
-0.357659
-1.255889
0.001476
-0.020436
-0.999790
2.362611
---
0.569508
0.005198
-0.010872
-0.821898
0.065499
0.052377
-0.026077
0.172893
-0.173894
-1.007400
-0.003837
-0.023795
-0.999710
2.380281
---
0.563296
0.005765
-0.010474
-0.826168
-0.023760
-0.015012
-0.024128
-0.052997
0.135849
-0.725995
-0.002276
-0.023801
-0.999714
2.396397
---
0.558850
0.005567
-0.009559
-0.829195
-0.022938
-0.013287
-0.024169
-0.243962
0.017574
-0.639629
-0.001454
-0.022076
-0.999755
2.413426
---
0.555220
0.004990
-0.007765
-0.831652
-0.006177
-0.073144
-0.026197
-0.217778
-0.019868
-0.521405
-0.000318
-0.018456
-0.999830
2.430580
---
0.551656
0.002881
-0.009070
-0.834017
0.068041
0.006105
-0.042788
0.049729
-0.219583
-0.340161
-0.005202
-0.018309
-0.999819
2.448311
---
0.549538
0.002710
-0.009647
-0.835409
0.067174
0.005312
-0.042768
0.025594
0.246781
-0.292881
-0.006069
-0.019102
-0.999799
2.464427
---
0.548831
0.004125
-0.009133
-0.835873
-0.046096
0.028051
0.010943
0.039410
0.113309
-0.031900
-0.003127
-0.019800
-0.999799
2.482311
---
0.548537
0.006842
-0.006886
-0.836070
-0.097676
0.003440
-0.046687
-0.060450
0.466566
-0.039356
0.003886
-0.019021
-0.999812
2.499312
---
0.548038
0.008348
-0.005266
-0.836395
0.029674
-0.032611
0.009960
-0.077726
-0.001231
-0.065130
0.008190
-0.017963
-0.999805
2.516251
---
0.548381
0.007670
-0.004948
-0.836179
0.028888
-0.031339
0.009932
-0.084800
-0.144837
0.089337
0.007404
-0.016690
-0.999833
2.532366
---
0.549844
0.007356
-0.003037
-0.835229
-0.030118
-0.072740
-0.044795
-0.207466
0.142216
0.303948
0.008944
-0.013169
-0.999873
2.550312
---
0.552040
0.009308
-0.000457
-0.833765
-0.158828
0.016280
-0.024240
-0.058300
0.575293
0.307915
0.015000
-0.011064
-0.999826
2.566429
---
0.555017
0.013631
0.002975
-0.831722
-0.147844
0.017172
-0.024025
-0.042465
0.520987
0.347145
0.025984
-0.010172
-0.999611
2.584317
---
0.557296
0.016027
0.004951
-0.830144
-0.074315
0.015747
-0.002367
-0.042062
0.331920
0.329542
0.032131
-0.009644
-0.999437
2.600824
---
0.559004
0.017896
0.006110
-0.828949
0.044315
0.048717
0.022200
0.049346
0.221261
0.239133
0.036503
-0.009877
-0.999285
2.618343
---
0.561531
0.019654
0.006694
-0.827195
0.047847
0.047598
0.022346
0.064953
0.185584
0.346435
0.040035
-0.010996
-0.999138
2.635314
---
0.564063
0.020659
0.006678
-0.825446
-0.019880
0.046315
-0.031284
0.066314
0.073933
0.421325
0.041644
-0.012279
-0.999057
2.652315
---
0.567143
0.022748
0.007926
-0.823267
-0.122496
0.003854
0.022645
-0.010709
0.365904
0.462216
0.046449
-0.012748
-0.998839
2.668794
---
0.570215
0.024287
0.008994
-0.821087
-0.118804
0.003674
0.022826
-0.016564
0.206424
0.454233
0.050142
-0.012928
-0.998658
2.686313
---
0.572812
0.025642
0.010268
-0.819221
-0.080987
-0.001808
-0.033630
-0.042579
0.260464
0.368529
0.053778
-0.012550
-0.998474
2.702429
---
0.575679
0.027372
0.011785
-0.817132
-0.002245
0.005324
-0.009943
-0.026004
0.160421
0.373393
0.058302
-0.012254
-0.998224
2.720285
---
0.577972
0.028115
0.012418
-0.815478
-0.000335
0.005335
-0.009829
-0.003766
0.156412
0.329985
0.060212
-0.012243
-0.998111
2.736339
---
0.580037
0.029199
0.013120
-0.813961
-0.018300
0.027526
-0.014552
0.000415
0.140803
0.315971
0.062755
-0.012513
-0.997951
2.754341
---
0.582649
0.029915
0.013546
-0.812061
-0.042073
0.022297
-0.040812
0.000530
0.104610
0.325427
0.064372
-0.012859
-0.997843
2.771310
---
0.584871
0.030708
0.014128
-0.810422
-0.040144
0.022137
-0.040684
-0.038869
0.136135
0.361833
0.066301
-0.013019
-0.997715
2.787522
---
0.587313
0.031395
0.014853
-0.808614
-0.025530
-0.011880
-0.005400
-0.033064
0.110210
0.400946
0.068220
-0.012856
-0.997587
2.805314
---
0.590033
0.032045
0.015519
-0.806594
-0.017882
0.006754
-0.003324
-0.032161
0.121820
0.443378
0.070009
-0.012778
-0.997465
2.821337
---
0.593700
0.032656
0.016078
-0.803863
-0.016297
0.006604
-0.003209
-0.015557
0.064070
0.459970
0.071593
-0.012927
-0.997350
2.839285
---
0.596718
0.033075
0.016390
-0.801602
-0.012374
0.018053
-0.013876
-0.016056
0.079121
0.454394
0.072587
-0.013197
-0.997275
2.855403
---
0.599476
0.033600
0.016732
-0.799512
-0.022891
0.016745
-0.008901
-0.020217
0.056969
0.462211
0.073789
-0.013529
-0.997182
2.872432
---
0.602397
0.033399
0.016585
-0.797325
0.035154
0.013551
-0.025539
-0.007425
-0.117028
0.432821
0.073240
-0.013793
-0.997219
2.889518
---
0.605548
0.033296
0.016348
-0.794944
0.034651
0.013010
-0.025568
0.008124
0.033515
0.354689
0.072737
-0.014334
-0.997248
2.907315
---
0.607471
0.032392
0.015339
-0.793533
0.070046
0.029912
-0.015986
0.020576
-0.221049
0.290332
0.070046
-0.015010
-0.997431
2.923431
---
0.608638
0.031016
0.013943
-0.792719
0.066146
0.029272
-0.016242
0.031684
-0.248410
0.039412
0.066146
-0.015650
-0.997687
2.940464
---
0.607967
0.030301
0.013096
-0.793275
0.067905
0.026903
-0.003680
0.035964
-0.115350
-0.170464
0.063999
-0.016066
-0.997821
2.957610
---
0.606598
0.028875
0.011640
-0.794399
0.056093
0.022525
-0.019546
0.030746
-0.255997
-0.153163
0.059999
-0.016537
-0.998061
2.975285
---
0.606071
0.027742
0.010760
-0.794854
0.046401
-0.008711
-0.005065
-0.037553
-0.156403
-0.067971
0.057144
-0.016524
-0.998229
2.991399
---
0.606357
0.026745
0.010468
-0.794674
0.044458
-0.007985
-0.005186
-0.032361
-0.126495
0.096609
0.055201
-0.015798
-0.998350
3.008826
---
0.607652
0.025422
0.009811
-0.793736
0.040562
-0.008484
-0.030742
-0.031278
-0.132464
0.216441
0.052281
-0.015320
-0.998515
3.025952
---
0.609632
0.024635
0.009214
-0.792248
0.041479
0.008003
0.000407
0.011249
-0.102757
0.309143
0.050268
-0.015435
-0.998616
3.043805
---
0.611418
0.024192
0.008751
-0.790889
0.040179
0.007698
0.000347
0.005410
-0.103804
0.390550
0.048968
-0.015740
-0.998676
3.059917
---
0.614605
0.023441
0.007780
-0.788448
0.039693
0.021540
-0.007569
0.016554
-0.115524
0.419314
0.046529
-0.016546
-0.998780
3.076953
---
0.617385
0.022800
0.006919
-0.786300
0.045377
0.018865
-0.010583
0.025165
-0.126328
0.413195
0.044401
-0.017268
-0.998865
3.094101
---
0.620001
0.022206
0.006088
-0.784263
0.043354
0.018145
-0.010658
0.028647
-0.102963
0.407238
0.042378
-0.017988
-0.998940
3.110400
---
0.623003
0.021480
0.005150
-0.781907
0.037077
0.014492
-0.007813
0.018399
-0.113037
0.394598
0.040007
-0.018711
-0.999024
3.127525
---
0.625400
0.020953
0.004420
-0.780011
0.032354
0.013889
-0.006895
0.024259
-0.104245
0.388362
0.038213
-0.019314
-0.999083
3.145346
---
0.627786
0.020468
0.003766
-0.778107
0.030721
0.013364
-0.006946
0.016492
-0.098432
0.372608
0.036580
-0.019840
-0.999134
3.161460
---
0.630556
0.019898
0.002925
-0.775883
0.033597
0.013632
-0.009933
0.028755
-0.095170
0.354938
0.034573
-0.020548
-0.999191
3.179313
---
0.632791
0.019452
0.002264
-0.774075
0.032003
0.015021
-0.007046
0.024037
-0.095675
0.356299
0.032980
-0.021112
-0.999233
3.195432
---
0.634962
0.019033
0.001624
-0.772307
0.030490
0.014479
-0.007083
0.011410
-0.081896
0.345116
0.031467
-0.021654
-0.999270
3.212554
---
0.637090
0.018628
0.001057
-0.770564
0.027136
0.005248
-0.012976
0.016841
-0.083351
0.338057
0.030066
-0.022095
-0.999304
3.229678
---
0.639581
0.018155
0.000488
-0.768509
0.026562
0.006808
-0.009106
0.010266
-0.068576
0.333939
0.028516
-0.022488
-0.999340
3.247317
---
0.641148
0.017856
0.000000
-0.767210
0.025600
0.006582
-0.009128
0.018090
-0.073368
0.326080
0.027553
-0.022715
-0.999362
3.263429
---
0.643625
0.017476
-0.000405
-0.765142
0.021313
0.009080
-0.015990
0.012399
-0.065069
0.320469
0.026196
-0.023147
-0.999389
3.281316
---
0.645704
0.017142
-0.000846
-0.763395
0.018240
0.014650
-0.010153
0.013804
-0.058595
0.310828
0.025076
-0.023436
-0.999411
3.297431
---
0.647453
0.016922
-0.001215
-0.761916
0.021268
0.013328
-0.009190
0.014561
-0.049088
0.301408
0.024198
-0.023782
-0.999424
3.315042
---
0.649315
0.016756
-0.001656
-0.760333
0.020391
0.012820
-0.009199
0.025886
-0.044909
0.299252
0.023321
-0.024289
-0.999433
3.331154
---
0.651431
0.016480
-0.002139
-0.758526
0.020259
0.005553
-0.008237
0.014711
-0.048764
0.282268
0.022212
-0.024720
-0.999448
3.348309
---
0.653166
0.016267
-0.002520
-0.757036
0.023285
0.011058
-0.009224
0.017579
-0.051085
0.279055
0.021332
-0.025075
-0.999458
3.366437
---
0.654832
0.016009
-0.002950
-0.755599
0.022280
0.010708
-0.009236
0.012066
-0.054092
0.268039
0.020327
-0.025425
-0.999470
3.382553
---
0.656846
0.015715
-0.003472
-0.753853
0.017181
0.007326
-0.007294
0.015904
-0.050738
0.251880
0.019135
-0.025877
-0.999482
3.399674
---
0.658370
0.015498
-0.003794
-0.752525
0.018324
0.007082
-0.006327
0.009860
-0.043902
0.245791
0.018324
-0.026121
-0.999491
3.416980
---
0.659940
0.015270
-0.004150
-0.751152
0.017464
0.006814
-0.006335
0.010596
-0.046093
0.243500
0.017464
-0.026389
-0.999499
3.434103
---
0.661444
0.015064
-0.004443
-0.749830
0.015735
0.004655
-0.006343
0.007777
-0.043039
0.258425
0.016711
-0.026595
-0.999507
3.450159
---
0.663199
0.014775
-0.004829
-0.748282
0.016682
0.005402
-0.013189
0.014938
-0.043848
0.241220
0.015706
-0.026824
-0.999517
3.467307
---
0.664656
0.014584
-0.005112
-0.746989
0.015970
0.005202
-0.013194
0.007205
-0.041654
0.246627
0.014993
-0.027025
-0.999522
3.484370
---
0.666107
0.014380
-0.005397
-0.745698
0.017186
0.003066
-0.008317
0.007335
-0.039697
0.247531
0.014256
-0.027207
-0.999528
3.501523
---
0.667554
0.014189
-0.005671
-0.744404
0.013550
0.006789
-0.011252
0.008599
-0.036320
0.246790
0.013550
-0.027390
-0.999533
3.519285
---
0.669346
0.014042
-0.005955
-0.742794
0.012888
0.006532
-0.011253
0.006788
-0.021337
0.248970
0.012888
-0.027647
-0.999535
3.535403
---
0.670709
0.013889
-0.006157
-0.741565
0.009410
0.002512
-0.012234
0.002970
-0.024737
0.229566
0.012340
-0.027762
-0.999538
3.553316
---
0.672057
0.013806
-0.006328
-0.740344
0.007056
0.007229
-0.008328
0.009625
-0.015293
0.220504
0.011939
-0.027927
-0.999539
3.569346
---
0.673707
0.013728
-0.006508
-0.738842
0.006633
0.007041
-0.008327
0.006073
-0.016618
0.206837
0.011516
-0.028115
-0.999538
3.586431
---
0.674983
0.013648
-0.006640
-0.737677
0.013123
0.000097
-0.014188
-0.000229
-0.011861
0.221308
0.011169
-0.028223
-0.999539
3.603562
---
0.676226
0.013507
-0.006836
-0.736539
0.010652
0.003888
-0.008331
0.010759
-0.031105
0.207982
0.010652
-0.028339
-0.999542
3.621316
---
0.677452
0.013367
-0.006980
-0.735412
0.010202
0.003846
-0.008334
-0.009813
-0.029799
0.211233
0.010202
-0.028381
-0.999545
3.637341
---
0.678942
0.013151
-0.007218
-0.734039
0.012434
-0.003067
-0.007362
0.002397
-0.021505
0.193511
0.009504
-0.028458
-0.999550
3.655345
---
0.680048
0.013020
-0.007433
-0.733014
0.012884
0.007523
-0.008339
0.003323
-0.028322
0.185121
0.008977
-0.028610
-0.999550
3.672315
---
0.681239
0.012913
-0.007623
-0.731908
0.012422
0.007381
-0.008339
0.008232
-0.017723
0.198191
0.008516
-0.028752
-0.999550
3.688429
---
0.682338
0.012826
-0.007768
-0.730883
0.006194
0.002393
-0.015175
0.003172
-0.013079
0.183145
0.008147
-0.028857
-0.999550
3.706317
---
0.683649
0.012795
-0.007920
-0.729655
0.005891
0.010011
-0.016149
0.014569
-0.017104
0.177896
0.007845
-0.029052
-0.999547
3.723317
---
0.684720
0.012774
-0.008063
-0.728649
0.005622
0.002982
-0.012239
0.011146
-0.008660
0.182303
0.007575
-0.029245
-0.999544
3.740315
---
0.685789
0.012755
-0.008176
-0.727643
0.005397
0.002834
-0.012236
-0.000172
-0.006917
0.191040
0.007350
-0.029393
-0.999541
3.756337
---
0.686814
0.012716
-0.008272
-0.726674
0.007118
0.002734
-0.009305
0.006706
-0.010792
0.172518
0.007118
-0.029492
-0.999540
3.773402
---
0.688004
0.012708
-0.008386
-0.725547
0.000065
0.004524
-0.009302
0.002406
0.005602
0.163560
0.006901
-0.029656
-0.999536
3.790431
---
0.688949
0.012688
-0.008442
-0.724650
-0.000081
0.004460
-0.009301
-0.001403
-0.001440
0.168506
0.006755
-0.029720
-0.999536
3.807311
---
0.689902
0.012698
-0.008379
-0.723743
-0.001969
-0.001328
-0.014186
0.002538
0.003838
0.157224
0.006820
-0.029649
-0.999537
3.824433
---
0.690775
0.012695
-0.008368
-0.722909
-0.001994
-0.001315
-0.014186
-0.007626
-0.001784
0.157707
0.006795
-0.029636
-0.999538
3.841645
---
0.691701
0.012672
-0.008353
-0.722025
0.000884
-0.000294
-0.009305
-0.003819
-0.000573
0.149726
0.006744
-0.029591
-0.999539
3.858767
---
0.692778
0.012702
-0.008278
-0.720991
-0.000967
-0.003168
-0.010282
0.000210
0.010079
0.147934
0.006845
-0.029535
-0.999540
3.875890
---
0.693604
0.012721
-0.008268
-0.720196
0.003924
0.003649
-0.009305
0.002233
0.005821
0.138716
0.006854
-0.029554
-0.999540
3.893011
---
0.694365
0.012712
-0.008262
-0.719463
0.003887
0.003662
-0.009306
-0.002619
-0.001729
0.137715
0.006816
-0.029542
-0.999540
3.910075
---
0.695157
0.012699
-0.008303
-0.718698
0.003781
0.004586
-0.012235
-0.001922
-0.006847
0.128251
0.006710
-0.029594
-0.999540
3.926218
---
0.695999
0.012711
-0.008353
-0.717882
0.002717
0.005468
-0.010279
0.001528
0.003250
0.122839
0.006623
-0.029688
-0.999537
3.943280
---
0.696688
0.012709
-0.008410
-0.717212
0.002606
0.005384
-0.010278
0.009308
-0.016885
0.120054
0.006513
-0.029772
-0.999536
3.960401
---
0.697358
0.012659
-0.008521
-0.716561
0.009184
0.007238
-0.010276
0.001756
-0.013776
0.113990
0.006255
-0.029871
-0.999534
3.977437
---
0.698009
0.012611
-0.008622
-0.715926
0.008952
-0.001630
-0.015158
-0.005733
-0.025383
0.113193
0.006022
-0.029950
-0.999533
3.994586
---
0.698816
0.012524
-0.008701
-0.715139
0.008680
-0.001631
-0.015160
0.003787
-0.002709
0.113806
0.005750
-0.029951
-0.999535
4.012317
---
0.699344
0.012486
-0.008727
-0.714623
0.001735
0.000334
-0.011255
-0.007291
-0.009567
0.128646
0.005641
-0.029940
-0.999536
4.028431
---
0.700229
0.012410
-0.008857
-0.713756
0.008243
0.007089
-0.011254
0.004014
-0.015574
0.123990
0.005314
-0.030020
-0.999535
4.045465
---
0.700929
0.012395
-0.008973
-0.713067
0.008028
0.006939
-0.011250
0.010816
-0.012814
0.121270
0.005098
-0.030171
-0.999532
4.062616
---
0.701719
0.012374
-0.009115
-0.712288
0.008741
0.004803
-0.011246
0.012930
-0.000852
0.121541
0.004834
-0.030353
-0.999528
4.080318
---
0.702443
0.012296
-0.009202
-0.711574
0.008479
-0.000098
-0.009294
-0.004406
-0.020856
0.120197
0.004573
-0.030371
-0.999528
4.096432
---
0.703097
0.012243
-0.009353
-0.710927
0.008163
-0.000242
-0.009291
0.004620
-0.007300
0.109123
0.004256
-0.030515
-0.999525
4.113495
---
0.703778
0.012190
-0.009422
-0.710252
0.005031
0.005590
-0.009291
-0.002812
-0.000533
0.121717
0.004055
-0.030542
-0.999525
4.130651
---
0.704599
0.012242
-0.009463
-0.709437
-0.000847
0.002524
-0.008310
0.007008
0.004830
0.120790
0.004036
-0.030679
-0.999521
4.148287
---
0.705296
0.012259
-0.009498
-0.708744
-0.000903
0.002448
-0.008308
0.002385
-0.004282
0.117254
0.003980
-0.030755
-0.999519
4.164403
---
0.705854
0.012264
-0.009532
-0.708187
0.002938
0.003366
-0.011236
0.004759
0.000607
0.099640
0.003915
-0.030814
-0.999518
4.182288
---
0.706583
0.012267
-0.009534
-0.707460
0.003883
0.003354
-0.009283
0.001208
-0.000997
0.097081
0.003883
-0.030825
-0.999517
4.198401
---
0.707142
0.012299
-0.009553
-0.706900
0.007785
0.003278
-0.008304
-0.000114
0.000575
0.100149
0.003878
-0.030902
-0.999515
4.216318
---
0.707704
0.012232
-0.009598
-0.706338
0.007600
0.003308
-0.008306
0.003617
-0.018693
0.095324
0.003694
-0.030872
-0.999517
4.232432
---
0.708260
0.012232
-0.009683
-0.705779
0.001596
0.007090
-0.009279
0.012844
-0.008560
0.098385
0.003550
-0.030996
-0.999513
4.249467
---
0.708801
0.012263
-0.009738
-0.705235
0.001538
0.006966
-0.009275
0.008610
-0.003879
0.096876
0.003491
-0.031120
-0.999510
4.266617
---
0.709500
0.012217
-0.009837
-0.704531
0.004233
0.000052
-0.009274
0.007247
-0.003146
0.101049
0.003257
-0.031198
-0.999508
4.284227
---
0.710042
0.012191
-0.009870
-0.703984
0.001195
-0.001912
-0.011227
0.001188
-0.002325
0.103238
0.003148
-0.031208
-0.999508
4.300342
---
0.710666
0.012161
-0.009877
-0.703355
-0.000838
0.004953
-0.014158
0.006442
0.001989
0.099124
0.003069
-0.031180
-0.999509
4.317525
---
0.711190
0.012167
-0.009904
-0.702824
-0.000891
0.004905
-0.014156
0.000205
-0.000434
0.090048
0.003015
-0.031228
-0.999508
4.334648
---
0.711848
0.012206
-0.009885
-0.702158
-0.000838
-0.000988
-0.010249
-0.001561
0.010908
0.095404
0.003068
-0.031262
-0.999507
4.352322
---
0.712355
0.012214
-0.009868
-0.701644
0.002105
0.001952
-0.008296
0.000538
-0.000477
0.089626
0.003082
-0.031251
-0.999507
4.368434
---
0.712858
0.012202
-0.009900
-0.701132
0.002019
0.001924
-0.008295
0.001729
-0.002798
0.079997
0.002995
-0.031280
-0.999506
4.386351
---
0.713423
0.012274
-0.009949
-0.700555
0.002024
0.006632
-0.010243
0.009569
0.011968
0.079240
0.003000
-0.031453
-0.999501
4.403290
---
0.713928
0.012248
-0.009927
-0.700042
0.001996
-0.006973
-0.007315
-0.010331
-0.000112
0.093159
0.002973
-0.031387
-0.999503
4.420292
---
0.714378
0.012213
-0.009906
-0.699584
0.001959
-0.006896
-0.007318
-0.000873
-0.006246
0.088818
0.002935
-0.031310
-0.999505
4.436315
---
0.714865
0.012195
-0.009943
-0.699085
0.005764
0.000887
-0.012200
-0.000915
-0.004726
0.085466
0.002834
-0.031339
-0.999505
4.454318
---
0.715475
0.012145
-0.010003
-0.698461
0.004604
0.005756
-0.008294
0.010006
-0.006697
0.083165
0.002651
-0.031353
-0.999505
4.471321
---
0.715861
0.012124
-0.010048
-0.698065
0.004494
0.005722
-0.008293
0.002577
-0.005166
0.082706
0.002540
-0.031388
-0.999504
4.487342
---
0.716381
0.012151
-0.010074
-0.697531
-0.000413
0.001736
-0.010244
0.000578
0.011257
0.082359
0.002517
-0.031467
-0.999502
4.505319
---
0.716871
0.012106
-0.010062
-0.697028
0.004402
-0.002089
-0.007317
-0.006537
-0.004398
0.086834
0.002449
-0.031386
-0.999504
4.522319
---
0.717472
0.012055
-0.010078
-0.696410
0.004284
-0.002041
-0.007319
-0.000397
-0.004670
0.085525
0.002331
-0.031337
-0.999506
4.539328
---
0.717937
0.012041
-0.010068
-0.695931
-0.000626
0.002877
-0.015132
-0.002799
0.006488
0.083835
0.002304
-0.031302
-0.999507
4.555434
---
0.718406
0.012039
-0.010122
-0.695446
0.004154
0.005734
-0.007318
0.005214
-0.009271
0.078023
0.002201
-0.031375
-0.999505
4.573013
---
0.718837
0.012078
-0.010149
-0.695000
0.004151
0.005638
-0.007315
0.001371
0.007720
0.067704
0.002198
-0.031471
-0.999502
4.590133
---
0.719156
0.012132
-0.010138
-0.694669
-0.003585
-0.001263
-0.005359
0.004944
0.009789
0.070002
0.002274
-0.031536
-0.999500
4.606313
---
0.719585
0.012185
-0.010147
-0.694223
0.004268
0.006462
-0.003403
0.000280
0.000249
0.061450
0.002315
-0.031624
-0.999497
4.623313
---
0.719857
0.012188
-0.010179
-0.693941
0.003238
-0.000424
-0.008285
0.001995
0.001116
0.056469
0.002261
-0.031674
-0.999496
4.641257
---
0.720178
0.012182
-0.010212
-0.693608
0.003168
-0.000463
-0.008284
0.006865
0.004833
0.054039
0.002191
-0.031713
-0.999495
4.657373
---
0.720540
0.012233
-0.010166
-0.693231
-0.003548
0.001478
-0.006330
-0.000537
0.004339
0.044779
0.002312
-0.031725
-0.999494
4.675319
---
0.720761
0.012248
-0.010152
-0.693001
0.000390
0.006358
-0.009259
0.003228
0.002150
0.043161
0.002343
-0.031728
-0.999494
4.691371
---
0.721052
0.012293
-0.010156
-0.692697
0.000432
0.006288
-0.009257
0.001864
0.004448
0.042577
0.002385
-0.031798
-0.999491
4.708405
---
0.721303
0.012363
-0.010190
-0.692434
0.001444
0.004184
-0.009252
0.008157
0.001453
0.041737
0.002420
-0.031949
-0.999487
4.725558
---
0.721522
0.012381
-0.010225
-0.692205
0.003361
0.002158
-0.015109
0.000686
-0.002824
0.050298
0.002385
-0.032022
-0.999484
4.743105
---
0.721748
0.012383
-0.010247
-0.691969
0.003323
0.002124
-0.015108
-0.001827
-0.000411
0.036225
0.002347
-0.032056
-0.999483
4.759221
---
0.721984
0.012365
-0.010313
-0.691722
0.003191
0.007916
-0.009247
0.006672
-0.005231
0.027104
0.002215
-0.032123
-0.999481
4.776312
---
0.722197
0.012397
-0.010350
-0.691498
-0.001711
0.004890
-0.007291
0.007390
-0.002802
0.034128
0.002195
-0.032219
-0.999478
4.793431
---
0.722431
0.012431
-0.010372
-0.691254
-0.001707
0.004806
-0.007288
0.007235
-0.002635
0.041217
0.002200
-0.032303
-0.999476
4.810559
---
0.722682
0.012507
-0.010446
-0.690988
0.002185
0.007529
-0.005328
0.007563
0.004161
0.034100
0.002185
-0.032510
-0.999469
4.827680
---
0.722940
0.012581
-0.010482
-0.690717
0.000272
0.005414
-0.013136
0.007044
0.000317
0.050736
0.002225
-0.032671
-0.999464
4.844741
---
0.723232
0.012625
-0.010547
-0.690409
0.000223
0.005262
-0.013131
-0.000153
0.001427
0.046120
0.002176
-0.032824
-0.999459
4.861892
---
0.723551
0.012654
-0.010603
-0.690073
0.003096
0.001233
-0.007267
-0.001581
0.001616
0.054820
0.002119
-0.032947
-0.999455
4.879298
---
0.723848
0.012641
-0.010598
-0.689763
-0.001810
-0.003623
-0.012151
0.002015
-0.001544
0.063765
0.002096
-0.032920
-0.999456
4.895404
---
0.724132
0.012657
-0.010587
-0.689464
-0.001788
-0.003634
-0.012151
0.003324
0.003960
0.050362
0.002118
-0.032931
-0.999455
4.912436
---
0.724476
0.012711
-0.010519
-0.689102
-0.002606
-0.001664
-0.008245
-0.004043
0.004967
0.057122
0.002276
-0.032914
-0.999456
4.929585
---
0.724902
0.012726
-0.010475
-0.688655
-0.001565
0.001304
-0.009222
-0.001179
0.006779
0.066371
0.002341
-0.032876
-0.999457
4.947320
---
0.725259
0.012735
-0.010433
-0.688279
-0.001510
0.001345
-0.009224
-0.005375
0.008788
0.058246
0.002396
-0.032834
-0.999458
4.963433
---
0.725601
0.012774
-0.010412
-0.687918
0.003441
-0.000634
-0.016058
0.001948
0.007441
0.064269
0.002465
-0.032860
-0.999457
4.981321
---
0.725966
0.012761
-0.010384
-0.687534
-0.002412
-0.003512
-0.011177
-0.000393
0.001203
0.066544
0.002471
-0.032809
-0.999459
4.997435
---
0.726391
0.012745
-0.010313
-0.687086
-0.002351
-0.003391
-0.011181
-0.004331
-0.003338
0.063315
0.002532
-0.032688
-0.999462
5.015291
---
0.726721
0.012758
-0.010232
-0.686738
-0.003208
-0.002323
-0.013137
-0.010304
0.004867
0.060154
0.002652
-0.032597
-0.999465
5.031404
---
0.727062
0.012733
-0.010231
-0.686378
0.003578
-0.000337
-0.005326
-0.006928
-0.002400
0.067237
0.002602
-0.032563
-0.999466
5.048469
---
0.727306
0.012733
-0.010233
-0.686119
0.005518
0.004544
-0.014115
0.002111
0.000035
0.041864
0.002588
-0.032565
-0.999466
5.065619
---
0.727658
0.012731
-0.010244
-0.685745
0.005481
0.004532
-0.014114
0.002087
-0.004827
0.060603
0.002552
-0.032577
-0.999466
5.083291
---
0.727903
0.012704
-0.010222
-0.685487
0.002535
-0.002234
-0.007281
-0.006917
-0.004208
0.047530
0.002535
-0.032507
-0.999468
5.100290
---
0.728217
0.012686
-0.010216
-0.685154
0.004458
-0.000250
-0.009235
-0.000799
0.001432
0.057789
0.002505
-0.032477
-0.999469
5.117138
---
0.728506
0.012641
-0.010227
-0.684846
0.004367
-0.000202
-0.009237
-0.006864
-0.009358
0.052031
0.002414
-0.032429
-0.999471
5.133196
---
0.728779
0.012658
-0.010242
-0.684555
0.005330
-0.001222
-0.005329
0.003283
-0.000208
0.048146
0.002401
-0.032472
-0.999470
5.150257
---
0.729119
0.012677
-0.010211
-0.684193
-0.002427
-0.002184
-0.013142
-0.001132
0.010726
0.050318
0.002456
-0.032457
-0.999470
5.167404
---
0.729426
0.012662
-0.010176
-0.683867
-0.002411
-0.002114
-0.013144
-0.005950
0.004566
0.063594
0.002472
-0.032388
-0.999472
5.184464
---
0.729696
0.012702
-0.010157
-0.683578
-0.001363
0.003707
-0.008260
0.001314
0.002154
0.046015
0.002543
-0.032426
-0.999471
5.201530
---
0.729922
0.012728
-0.010179
-0.683336
0.002534
0.004620
-0.012164
0.003710
-0.000591
0.042530
0.002534
-0.032489
-0.999469
5.219288
---
0.730177
0.012750
-0.010163
-0.683063
0.002577
0.004607
-0.012164
0.004322
-0.005717
0.040148
0.002577
-0.032502
-0.999468
5.235315
---
0.730365
0.012740
-0.010188
-0.682862
0.003492
0.005563
-0.010210
0.001837
-0.003275
0.039414
0.002516
-0.032523
-0.999468
5.253321
---
0.730576
0.012745
-0.010204
-0.682637
0.006398
-0.000329
-0.010209
0.003467
-0.000272
0.033482
0.002491
-0.032556
-0.999467
5.269379
---
0.730742
0.012732
-0.010225
-0.682459
0.006340
-0.000337
-0.010209
0.000990
-0.007538
0.031657
0.002434
-0.032563
-0.999467
5.287260
---
0.730910
0.012792
-0.010220
-0.682277
-0.004319
0.003486
-0.011183
0.003487
0.003869
0.024019
0.002517
-0.032647
-0.999464
5.303285
---
0.731050
0.012789
-0.010228
-0.682127
0.001516
-0.000428
-0.006300
-0.001259
-0.000224
0.033646
0.002493
-0.032654
-0.999464
5.320744
---
0.731197
0.012773
-0.010245
-0.681970
0.001461
-0.000426
-0.006300
0.009737
0.000878
0.031366
0.002438
-0.032652
-0.999464
5.337805
---
0.731384
0.012784
-0.010264
-0.681769
0.003395
0.006366
-0.010205
0.001057
-0.005154
0.021210
0.002419
-0.032697
-0.999462
5.355353
---
0.731554
0.012794
-0.010273
-0.681586
0.000456
0.001457
-0.012157
0.000820
0.001386
0.026610
0.002409
-0.032722
-0.999462
5.372079
---
0.731642
0.012773
-0.010274
-0.681493
0.000421
0.001486
-0.012158
-0.001591
0.001267
0.012431
0.002374
-0.032694
-0.999463
5.388344
---
0.731774
0.012830
-0.010312
-0.681349
0.000438
0.005260
-0.013130
0.013706
0.000902
0.031535
0.002391
-0.032826
-0.999458
5.406323
---
0.731945
0.012833
-0.010347
-0.681165
0.006242
0.004229
-0.011175
0.003933
-0.002235
0.028624
0.002336
-0.032881
-0.999457
5.422346
---
0.732099
0.012834
-0.010434
-0.680997
0.006109
0.004106
-0.011172
0.009860
-0.010173
0.021631
0.002203
-0.033003
-0.999453
5.440323
---
0.732231
0.012808
-0.010501
-0.680855
0.004017
0.002099
-0.009217
-0.000033
-0.011184
0.020779
0.002064
-0.033057
-0.999451
5.456436
---
0.732344
0.012789
-0.010516
-0.680734
-0.001896
-0.000822
-0.008241
-0.001277
-0.000457
0.022589
0.002010
-0.033049
-0.999452
5.473472
---
0.732489
0.012839
-0.010511
-0.680576
-0.003781
0.003014
-0.013121
0.012462
0.005468
0.023860
0.002078
-0.033119
-0.999449
5.490620
---
0.732643
0.012916
-0.010490
-0.680410
-0.003654
0.002933
-0.013118
-0.004861
0.010160
0.022543
0.002205
-0.033200
-0.999446
5.507744
---
0.732752
0.012992
-0.010501
-0.680291
0.000332
0.005734
-0.013114
0.002506
0.013468
0.029846
0.002285
-0.033329
-0.999442
5.524866
---
0.732880
0.013045
-0.010533
-0.680151
0.000354
0.005615
-0.013110
0.007359
0.002090
0.026237
0.002307
-0.033448
-0.999438
5.541926
---
0.733048
0.013026
-0.010558
-0.679970
0.003211
-0.003182
-0.006274
0.004902
0.003476
0.032388
0.002234
-0.033455
-0.999438
5.559079
---
0.733238
0.013086
-0.010470
-0.679766
-0.007329
-0.003152
-0.011157
-0.003200
0.016867
0.021094
0.002436
-0.033426
-0.999438
5.575316
---
0.733395
0.013133
-0.010418
-0.679596
-0.001336
-0.002173
-0.009204
-0.002516
0.013893
0.029575
0.002570
-0.033423
-0.999438
5.592441
---
0.733542
0.013143
-0.010370
-0.679438
-0.001261
-0.002124
-0.009205
-0.000004
0.007656
0.022174
0.002645
-0.033374
-0.999439
5.609501
---
0.733769
0.013138
-0.010359
-0.679193
0.006551
0.000825
-0.007253
-0.005930
0.002898
0.044597
0.002644
-0.033354
-0.999440
5.626651
---
0.733955
0.013079
-0.010327
-0.678993
0.003578
-0.000996
-0.013116
-0.003673
-0.006974
0.030872
0.002602
-0.033223
-0.999445
5.644172
---
0.734101
0.013064
-0.010313
-0.678836
0.003574
-0.000957
-0.013118
0.002511
0.000347
0.033127
0.002597
-0.033184
-0.999446
5.660288
---
0.734258
0.013060
-0.010303
-0.678666
0.000644
0.004920
-0.010189
0.003755
0.004059
0.028470
0.002597
-0.033166
-0.999447
5.677350
---
0.734467
0.012975
-0.010310
-0.678442
0.007344
-0.004729
-0.005310
-0.011991
-0.012596
0.028338
0.002461
-0.033049
-0.999451
5.694500
---
0.734649
0.012896
-0.010335
-0.678246
0.007191
-0.004648
-0.005313
0.003943
-0.012193
0.026176
0.002308
-0.032968
-0.999454
5.712325
---
0.734795
0.012870
-0.010359
-0.678088
0.004184
0.006096
-0.009220
0.002716
-0.012067
0.026906
0.002231
-0.032967
-0.999454
5.728440
---
0.734911
0.012867
-0.010385
-0.677962
0.000228
0.000208
-0.007266
0.002537
-0.003218
0.020211
0.002181
-0.032995
-0.999453
5.745652
---
0.735038
0.012858
-0.010390
-0.677825
0.000203
0.000213
-0.007266
-0.006092
-0.002599
0.028205
0.002156
-0.032990
-0.999453
5.762776
---
0.735174
0.012837
-0.010429
-0.677676
0.000112
-0.000786
-0.009219
0.003711
-0.002463
0.014414
0.002065
-0.033013
-0.999453
5.780295
---
0.735274
0.012810
-0.010437
-0.677568
0.002986
-0.005636
-0.013126
0.002442
-0.005502
0.019460
0.002009
-0.032980
-0.999454
5.796409
---
0.735407
0.012785
-0.010468
-0.677425
0.002902
-0.005644
-0.013126
0.002534
0.001623
0.019767
0.001925
-0.032988
-0.999454
5.813530
---
0.735531
0.012773
-0.010456
-0.677290
-0.003938
-0.000728
-0.007268
-0.003560
0.002846
0.024447
0.001921
-0.032955
-0.999455
5.830656
---
0.735681
0.012776
-0.010400
-0.677128
0.001024
0.000321
-0.008246
-0.003536
0.010764
0.020763
0.002001
-0.032882
-0.999457
5.848325
---
0.735823
0.012792
-0.010356
-0.676973
0.001103
0.000356
-0.008247
0.002527
0.000051
0.020361
0.002079
-0.032847
-0.999458
5.864439
---
0.735940
0.012732
-0.010343
-0.676848
0.005918
-0.000517
-0.011181
-0.005928
-0.005958
0.014143
0.002012
-0.032743
-0.999462
5.882326
---
0.736059
0.012712
-0.010341
-0.676719
-0.001925
-0.002437
-0.014111
-0.004444
-0.000074
0.021748
0.001981
-0.032711
-0.999463
5.898448
---
0.736215
0.012689
-0.010345
-0.676549
0.000959
-0.000455
-0.010206
0.001079
0.006941
0.012483
0.001936
-0.032682
-0.999464
5.916295
---
0.736349
0.012702
-0.010333
-0.676404
0.000989
-0.000459
-0.010206
0.003525
0.003275
0.017365
0.001966
-0.032685
-0.999464
5.932408
---
0.736509
0.012656
-0.010292
-0.676231
0.000002
-0.002291
-0.009233
-0.007083
-0.004674
0.028612
0.001955
-0.032564
-0.999468
5.949928
---
0.736651
0.012616
-0.010302
-0.676077
0.006765
-0.003223
-0.009235
-0.005836
-0.000812
0.028263
0.001882
-0.032520
-0.999469
5.967049
---
0.736801
0.012571
-0.010275
-0.675915
0.006735
-0.003118
-0.009238
-0.008156
-0.000580
0.040637
0.001852
-0.032415
-0.999473
5.983165
---
0.736956
0.012563
-0.010248
-0.675747
0.002853
0.004742
-0.012170
0.004888
0.002772
0.016355
0.001876
-0.032367
-0.999474
6.000286
---
0.737136
0.012503
-0.010285
-0.675550
0.003682
-0.002054
-0.008265
-0.003350
-0.009975
0.035626
0.001729
-0.032327
-0.999476
6.017620
---
0.737340
0.012458
-0.010312
-0.675328
0.003573
-0.002026
-0.008266
-0.002635
-0.004780
0.036615
0.001619
-0.032300
-0.999477
6.035295
---
0.737491
0.012402
-0.010374
-0.675164
0.008281
-0.001051
-0.010219
-0.003841
-0.015511
0.028597
0.001445
-0.032301
-0.999477
6.051407
---
0.737651
0.012366
-0.010420
-0.674989
0.000343
-0.000084
-0.011196
-0.004519
-0.005531
0.025679
0.001320
-0.032311
-0.999477
6.068530
---
0.737763
0.012351
-0.010442
-0.674866
0.000287
-0.000095
-0.011196
0.002845
-0.004357
0.014176
0.001263
-0.032322
-0.999477
6.086171
---
0.737893
0.012335
-0.010423
-0.674725
0.004192
-0.001994
-0.013150
-0.002987
-0.004458
0.019206
0.001262
-0.032268
-0.999478
6.102198
---
0.737996
0.012335
-0.010487
-0.674611
0.005070
0.003773
-0.011194
0.007302
-0.011815
0.013459
0.001164
-0.032360
-0.999476
6.119316
---
0.738153
0.012286
-0.010514
-0.674439
0.004956
0.003813
-0.011196
-0.005706
-0.005696
0.021195
0.001050
-0.032320
-0.999477
6.136349
---
0.738262
0.012270
-0.010555
-0.674320
-0.000989
0.001829
-0.009242
0.002849
-0.003151
0.027244
0.000964
-0.032351
-0.999476
6.154321
---
0.738395
0.012271
-0.010578
-0.674174
0.004830
0.002772
-0.010217
-0.000204
-0.001215
0.017687
0.000924
-0.032384
-0.999475
6.171294
---
0.738450
0.012258
-0.010599
-0.674114
0.004780
0.002761
-0.010217
-0.002667
-0.001112
0.019997
0.000874
-0.032395
-0.999475
6.188171
---
0.738578
0.012242
-0.010661
-0.673972
0.001731
0.004653
-0.013145
0.003818
-0.009483
0.014141
0.000754
-0.032457
-0.999473
6.204315
---
0.738670
0.012261
-0.010700
-0.673871
0.002671
0.002620
-0.013142
-0.001571
0.000030
0.023516
0.000718
-0.032536
-0.999470
6.221317
---
0.738784
0.012248
-0.010717
-0.673746
-0.001283
0.001641
-0.008259
0.001333
-0.005112
0.016500
0.000670
-0.032539
-0.999470
6.239294
---
0.738890
0.012262
-0.010743
-0.673629
-0.001308
0.001586
-0.008258
0.002491
0.002458
0.021746
0.000645
-0.032594
-0.999468
6.255349
---
0.739005
0.012262
-0.010745
-0.673503
0.002589
0.000605
-0.006304
0.003817
-0.004273
0.012823
0.000636
-0.032598
-0.999468
6.272379
---
0.739165
0.012264
-0.010710
-0.673327
0.002635
0.000649
-0.006306
-0.008175
0.004669
0.034759
0.000682
-0.032554
-0.999470
6.290171
---
0.739288
0.012256
-0.010691
-0.673193
-0.000283
-0.002244
-0.007283
-0.003194
-0.001624
0.032632
0.000694
-0.032518
-0.999471
6.306318
---
0.739398
0.012225
-0.010664
-0.673073
0.002640
-0.002161
-0.007286
-0.001807
0.008808
0.001709
0.000687
-0.032434
-0.999474
6.324323
---
0.739498
0.012182
-0.010658
-0.672964
0.002586
-0.002089
-0.007289
-0.001694
-0.006477
0.016007
0.000633
-0.032362
-0.999476
6.340378
---
0.739595
0.012165
-0.010689
-0.672858
-0.000416
0.002779
-0.012171
0.006868
-0.001520
0.019065
0.000560
-0.032378
-0.999476
6.357532
---
0.739691
0.012187
-0.010668
-0.672752
0.000616
-0.001135
-0.012171
-0.001587
-0.000455
0.008101
0.000616
-0.032385
-0.999475
6.375325
---
0.739711
0.012183
-0.010649
-0.672731
0.000638
0.000852
-0.011195
0.002715
-0.001698
0.001591
0.000638
-0.032352
-0.999476
6.391438
---
0.739780
0.012198
-0.010691
-0.672654
0.000593
0.000772
-0.011193
-0.001057
0.003382
0.015112
0.000593
-0.032431
-0.999474
6.408472
---
0.739834
0.012234
-0.010684
-0.672593
-0.005210
0.001703
-0.008261
0.003542
0.007180
-0.000226
0.000650
-0.032476
-0.999472
6.425623
---
0.739871
0.012281
-0.010612
-0.672553
0.001792
-0.003152
-0.011192
-0.005079
0.010726
0.010891
0.000815
-0.032448
-0.999473
6.443296
---
0.739938
0.012269
-0.010614
-0.672479
0.001771
-0.003136
-0.011192
-0.005911
0.007618
0.011453
0.000794
-0.032433
-0.999474
6.459412
---
0.739988
0.012251
-0.010622
-0.672424
0.004661
-0.000190
-0.011193
0.000244
-0.005869
0.003042
0.000755
-0.032417
-0.999474
6.476473
---
0.740020
0.012246
-0.010658
-0.672388
0.007531
0.003674
-0.013145
0.002607
-0.004256
-0.000997
0.000695
-0.032459
-0.999473
6.493623
---
0.740067
0.012264
-0.010699
-0.672336
0.007491
0.003592
-0.013142
0.000424
0.007937
0.012673
0.000655
-0.032541
-0.999470
6.511297
---
0.740103
0.012221
-0.010691
-0.672298
0.000607
-0.002191
-0.008262
-0.001943
-0.005396
0.008304
0.000607
-0.032465
-0.999473
6.527412
---
0.740160
0.012190
-0.010692
-0.672236
0.002514
-0.000195
-0.012169
-0.006691
0.004637
0.011819
0.000561
-0.032422
-0.999474
6.545325
---
0.740254
0.012173
-0.010690
-0.672132
0.002490
-0.000169
-0.012170
-0.005007
-0.002968
0.020955
0.000537
-0.032395
-0.999475
6.561441
---
0.740332
0.012140
-0.010676
-0.672047
0.004416
0.000878
-0.005337
-0.003692
-0.004211
0.017161
0.000510
-0.032325
-0.999477
6.579113
---
0.740406
0.012098
-0.010691
-0.671966
0.001405
-0.002985
-0.007291
-0.001856
-0.002416
0.010851
0.000428
-0.032282
-0.999479
6.595227
---
0.740485
0.012079
-0.010705
-0.671879
0.001355
-0.002976
-0.007291
0.000435
-0.002599
0.009528
0.000378
-0.032273
-0.999479
6.612319
---
0.740545
0.012102
-0.010725
-0.671813
0.001352
0.004778
-0.007290
0.001593
-0.000093
0.009458
0.000375
-0.032332
-0.999477
6.629437
---
0.740626
0.012114
-0.010733
-0.671722
0.003307
-0.000139
-0.005335
0.005338
0.002330
0.013927
0.000377
-0.032365
-0.999476
6.647296
---
0.740683
0.012098
-0.010758
-0.671659
0.003244
-0.000147
-0.005335
0.004903
-0.001448
0.005541
0.000314
-0.032374
-0.999476
6.663413
---
0.740772
0.012082
-0.010742
-0.671561
0.001289
-0.000103
-0.009243
0.000042
0.003531
0.017113
0.000313
-0.032330
-0.999477
6.680534
---
0.740848
0.012070
-0.010746
-0.671478
0.001263
0.000885
-0.006314
0.000335
-0.005601
0.008641
0.000286
-0.032318
-0.999478
6.697655
---
0.740909
0.012061
-0.010772
-0.671411
0.002187
-0.001086
-0.007290
-0.003099
-0.001214
0.015223
0.000233
-0.032336
-0.999477
6.715204
---
0.741034
0.012037
-0.010772
-0.671273
0.002149
-0.001051
-0.007291
-0.001828
0.006216
0.013306
0.000196
-0.032301
-0.999478
6.731317
---
0.741103
0.012013
-0.010806
-0.671197
0.004017
-0.005945
-0.008267
0.003501
-0.004360
0.011979
0.000111
-0.032312
-0.999478
6.748381
---
0.741164
0.012024
-0.010771
-0.671130
-0.003733
0.001899
-0.007291
-0.003331
0.008642
0.010287
0.000174
-0.032281
-0.999479
6.765534
---
0.741249
0.011992
-0.010724
-0.671037
-0.003711
0.002008
-0.007295
-0.001982
0.001288
0.010743
0.000195
-0.032171
-0.999482
6.783327
---
0.741309
0.012033
-0.010679
-0.670971
-0.000664
0.004936
-0.008271
-0.000189
0.007653
0.007213
0.000313
-0.032173
-0.999482
6.800295
---
0.741380
0.012119
-0.010692
-0.670891
-0.000569
0.005768
-0.005337
0.012685
0.004045
0.013243
0.000407
-0.032318
-0.999478
6.817052
---
0.741429
0.012134
-0.010702
-0.670836
-0.000567
0.005734
-0.005336
0.000356
0.000359
0.005159
0.000410
-0.032352
-0.999476
6.833166
---
0.741472
0.012145
-0.010664
-0.670789
-0.003424
-0.001066
-0.010220
-0.004670
-0.001037
0.010985
0.000482
-0.032316
-0.999478
6.850198
---
0.741547
0.012132
-0.010650
-0.670707
0.004387
-0.000055
-0.006315
-0.000781
-0.003851
0.001530
0.000481
-0.032281
-0.999479
6.867350
---
0.741624
0.012157
-0.010641
-0.670621
0.004428
-0.000076
-0.006314
-0.000807
-0.003920
0.011263
0.000521
-0.032303
-0.999478
6.884408
---
0.741679
0.012162
-0.010703
-0.670559
0.005317
0.005691
-0.016077
0.003169
-0.007114
0.001938
0.000434
-0.032395
-0.999475
6.901715
---
0.741710
0.012145
-0.010735
-0.670525
-0.001590
0.000791
-0.009240
0.001959
0.001845
0.017424
0.000363
-0.032412
-0.999475
6.919234
---
0.741765
0.012180
-0.010741
-0.670463
-0.001555
0.000728
-0.009238
0.003588
0.005794
0.008733
0.000399
-0.032475
-0.999472
6.935320
---
0.741829
0.012198
-0.010739
-0.670392
0.003350
0.000708
-0.008261
0.001106
-0.000313
0.004749
0.000420
-0.032495
-0.999472
6.952320
---
0.741879
0.012165
-0.010759
-0.670338
0.001322
0.000729
-0.013144
-0.001547
0.005293
0.015829
0.000345
-0.032474
-0.999472
6.969654
---
0.741951
0.012174
-0.010770
-0.670257
0.001314
0.000702
-0.013144
-0.003282
0.001417
0.011703
0.000337
-0.032501
-0.999472
6.987081
---
0.742029
0.012171
-0.010781
-0.670171
0.000314
-0.002239
-0.012167
-0.003295
-0.007162
0.017518
0.000314
-0.032513
-0.999471
7.003289
---
0.742083
0.012160
-0.010792
-0.670111
0.000279
0.002647
-0.009237
-0.002770
-0.004044
0.010279
0.000279
-0.032510
-0.999471
7.020319
---
0.742166
0.012165
-0.010800
-0.670018
0.000273
0.002627
-0.009236
0.005654
-0.007274
0.006614
0.000273
-0.032529
-0.999471
7.037352
---
0.742181
0.012178
-0.010806
-0.670001
0.003207
0.005527
-0.006306
0.001934
0.001164
0.008162
0.000278
-0.032559
-0.999470
7.055327
---
0.742217
0.012211
-0.010861
-0.669960
-0.000736
0.006383
-0.010208
0.002430
-0.001536
0.009503
0.000241
-0.032679
-0.999466
7.071503
---
0.742215
0.012237
-0.010858
-0.669963
-0.000697
0.006346
-0.010207
0.006063
0.010609
0.003478
0.000279
-0.032717
-0.999465
7.089081
---
0.742234
0.012245
-0.010879
-0.669940
0.000257
0.001425
-0.007276
0.000559
0.003504
0.008941
0.000257
-0.032755
-0.999463
7.105290
---
0.742266
0.012291
-0.010829
-0.669905
-0.004493
0.004353
-0.012159
-0.007142
0.008591
0.004709
0.000390
-0.032756
-0.999463
7.122316
---
0.742265
0.012333
-0.010825
-0.669905
-0.004429
0.004297
-0.012157
0.010338
-0.004083
-0.003396
0.000454
-0.032813
-0.999461
7.140296
---
0.742273
0.012367
-0.010830
-0.669896
0.001468
0.002286
-0.006295
0.006592
-0.000314
0.008029
0.000492
-0.032870
-0.999460
7.156410
---
0.742316
0.012357
-0.010857
-0.669848
0.002389
0.001289
-0.006295
-0.000541
-0.008512
0.009706
0.000436
-0.032891
-0.999459
7.173443
---
0.742366
0.012356
-0.010891
-0.669792
-0.000595
0.002221
-0.010200
0.003289
0.002748
0.001000
0.000381
-0.032935
-0.999457
7.191115
---
0.742405
0.012344
-0.010870
-0.669749
-0.000582
0.002267
-0.010201
-0.001583
-0.003395
0.004402
0.000394
-0.032889
-0.999459
7.207320
---
0.742486
0.012347
-0.010831
-0.669660
0.001430
-0.001592
-0.006296
-0.002398
-0.001796
0.016669
0.000453
-0.032842
-0.999461
7.224442
---
0.742592
0.012368
-0.010785
-0.669543
-0.000434
0.004298
-0.006297
-0.002741
-0.004466
0.016518
0.000543
-0.032811
-0.999461
7.241474
---
0.742686
0.012385
-0.010784
-0.669439
-0.000413
0.004276
-0.006297
0.003365
-0.000798
0.020525
0.000563
-0.032833
-0.999461
7.259356
---
0.742798
0.012422
-0.010811
-0.669313
-0.002361
0.004183
-0.009223
0.006864
0.000042
0.006400
0.000569
-0.032927
-0.999458
7.276296
---
0.742859
0.012447
-0.010809
-0.669244
0.001576
0.001218
-0.008246
0.005743
0.000370
0.019133
0.000600
-0.032961
-0.999456
7.292410
---
0.742944
0.012451
-0.010818
-0.669150
0.001566
0.001198
-0.008245
0.006943
-0.004620
0.010526
0.000589
-0.032981
-0.999456
7.309444
---
0.743036
0.012495
-0.010822
-0.669047
-0.001315
0.004058
-0.009219
0.003047
0.003886
0.016290
0.000638
-0.033052
-0.999453
7.326595
---
0.743057
0.012500
-0.010863
-0.669023
-0.001371
0.000093
-0.005311
0.001415
-0.005290
0.004975
0.000582
-0.033111
-0.999452
7.344296
---
0.743110
0.012536
-0.010835
-0.668964
-0.001285
0.000076
-0.005310
0.001088
0.008133
0.014105
0.000668
-0.033127
-0.999451
7.360414
---
0.743125
0.012560
-0.010808
-0.668948
0.000740
0.001053
-0.006287
-0.001373
0.009288
-0.002855
0.000740
-0.033127
-0.999451
7.377445
---
0.743174
0.012600
-0.010784
-0.668893
0.000827
0.003951
-0.010192
0.002471
0.006152
0.003527
0.000827
-0.033158
-0.999450
7.394594
---
0.743201
0.012635
-0.010801
-0.668861
0.000849
0.003877
-0.010190
0.003188
-0.006008
0.011230
0.000849
-0.033232
-0.999447
7.412298
---
0.743215
0.012687
-0.010823
-0.668845
0.001861
0.008655
-0.013116
0.006752
0.007471
-0.001800
0.000884
-0.033337
-0.999444
7.428413
---
0.743272
0.012689
-0.010837
-0.668781
0.000861
-0.004064
-0.012138
0.003059
0.007588
0.015746
0.000861
-0.033361
-0.999443
7.446115
---
0.743308
0.012702
-0.010815
-0.668742
0.000910
-0.004051
-0.012139
-0.000400
0.004986
0.010153
0.000910
-0.033347
-0.999443
7.462230
---
0.743339
0.012699
-0.010808
-0.668707
0.002870
0.003773
-0.008233
0.003285
0.000149
0.005098
0.000917
-0.033336
-0.999444
7.479288
---
0.743395
0.012691
-0.010823
-0.668645
0.002834
-0.002092
-0.009209
0.001022
0.006907
0.000670
0.000881
-0.033342
-0.999444
7.496413
---
0.743480
0.012699
-0.010852
-0.668549
0.002796
-0.002145
-0.009208
0.001318
0.001974
0.024813
0.000843
-0.033395
-0.999442
7.513475
---
0.743531
0.012688
-0.010827
-0.668493
0.000863
0.000832
-0.005303
-0.002311
0.004310
0.003436
0.000863
-0.033348
-0.999444
7.530627
---
0.743592
0.012687
-0.010804
-0.668426
0.000892
0.003799
-0.010187
0.008053
0.001101
0.011434
0.000892
-0.033310
-0.999445
7.548298
---
0.743639
0.012668
-0.010842
-0.668374
0.000811
-0.001110
-0.008233
0.002718
-0.003460
0.007442
0.000811
-0.033337
-0.999444
7.564412
---
0.743676
0.012664
-0.010857
-0.668332
0.000781
-0.001123
-0.008233
0.001484
0.009977
0.002238
0.000781
-0.033350
-0.999443
7.581719
---
0.743713
0.012643
-0.010853
-0.668292
0.003684
0.001844
-0.009210
-0.000334
-0.008065
-0.001385
0.000754
-0.033312
-0.999445
7.598842
---
0.743721
0.012648
-0.010879
-0.668282
-0.002207
0.002778
-0.010186
0.006709
-0.005830
0.003027
0.000722
-0.033355
-0.999443
7.616298
---
0.743746
0.012693
-0.010842
-0.668254
-0.002092
0.002761
-0.010185
0.004235
0.002580
0.001905
0.000838
-0.033372
-0.999443
7.632413
---
0.743733
0.012711
-0.010870
-0.668267
0.001798
0.002697
-0.010183
0.003324
-0.002404
-0.000650
0.000821
-0.033436
-0.999441
7.649446
---
0.743747
0.012740
-0.010853
-0.668251
-0.004977
0.003653
-0.009205
0.006588
0.003264
0.006292
0.000882
-0.033456
-0.999440
7.666597
---
0.743740
0.012786
-0.010841
-0.668259
-0.004896
0.003600
-0.009204
0.000401
0.006753
-0.013869
0.000963
-0.033509
-0.999438
7.684265
---
0.743707
0.012801
-0.010847
-0.668295
0.003905
-0.000339
-0.007249
0.005920
0.001192
-0.000026
0.000976
-0.033542
-0.999437
7.700382
---
0.743723
0.012828
-0.010862
-0.668277
0.000988
0.001557
-0.010177
-0.001286
-0.000024
0.002295
0.000988
-0.033599
-0.999435
7.717624
---
0.743790
0.012815
-0.010853
-0.668202
0.000981
0.001586
-0.010178
-0.006692
-0.000632
0.007781
0.000981
-0.033571
-0.999436
7.735299
---
0.743811
0.012793
-0.010874
-0.668179
0.006779
-0.004265
-0.009202
-0.003006
-0.005290
0.012558
0.000919
-0.033562
-0.999436
7.752300
---
0.743865
0.012773
-0.010883
-0.668119
-0.000101
-0.002296
-0.003343
0.002719
-0.005997
0.010372
0.000876
-0.033546
-0.999437
7.768413
---
0.743951
0.012739
-0.010884
-0.668024
-0.000152
-0.002247
-0.003345
-0.004586
-0.004578
0.015310
0.000825
-0.033497
-0.999439
7.785994
---
0.744030
0.012695
-0.010880
-0.667937
0.003700
-0.000222
-0.004324
-0.007523
-0.000955
0.016689
0.000770
-0.033426
-0.999441
7.804276
---
0.744057
0.012677
-0.010889
-0.667907
0.002683
0.003701
-0.013113
-0.002639
-0.004484
0.009075
0.000730
-0.033409
-0.999442
7.819323
---
0.744138
0.012668
-0.010857
-0.667817
0.002715
0.003754
-0.013115
-0.011956
0.009007
0.025902
0.000762
-0.033356
-0.999443
7.836355
---
0.744207
0.012689
-0.010782
-0.667742
-0.003985
-0.003015
-0.010188
-0.005771
0.006369
0.012628
0.000898
-0.033289
-0.999445
7.853782
---
0.744291
0.012739
-0.010733
-0.667647
0.002010
-0.001070
-0.008234
-0.001108
0.008117
0.024847
0.001033
-0.033296
-0.999445
7.871300
---
0.744372
0.012740
-0.010721
-0.667558
0.002025
-0.001056
-0.008235
0.002581
0.000727
0.022275
0.001049
-0.033283
-0.999445
7.887413
---
0.744454
0.012752
-0.010730
-0.667466
0.004952
0.004773
-0.007257
-0.000940
0.002676
0.012983
0.001046
-0.033313
-0.999444
7.905299
---
0.744539
0.012721
-0.010791
-0.667370
0.003840
-0.000140
-0.008233
-0.000752
-0.001656
0.012202
0.000911
-0.033343
-0.999444
7.921325
---
0.744593
0.012696
-0.010795
-0.667310
0.006727
0.002818
-0.007257
-0.004808
-0.007966
0.010637
0.000868
-0.033315
-0.999445
7.939297
---
0.744628
0.012695
-0.010825
-0.667271
0.006680
0.002779
-0.007256
0.003747
0.003118
0.009127
0.000821
-0.033354
-0.999443
7.955413
---
0.744667
0.012685
-0.010806
-0.667228
-0.002097
0.000865
-0.011163
-0.001360
0.005742
0.009362
0.000833
-0.033315
-0.999445
7.972449
---
0.744706
0.012672
-0.010801
-0.667185
-0.004060
-0.003016
-0.008235
-0.000878
0.001044
0.009039
0.000823
-0.033290
-0.999445
7.989596
---
0.744764
0.012674
-0.010804
-0.667120
-0.004065
-0.003019
-0.008234
-0.002109
-0.004955
0.012205
0.000817
-0.033292
-0.999445
8.007331
---
0.744833
0.012698
-0.010826
-0.667042
0.003744
0.008633
-0.011162
-0.002608
0.006483
0.020417
0.000814
-0.033359
-0.999443
8.023449
---
0.744936
0.012721
-0.010816
-0.666927
0.003783
0.008609
-0.011161
0.000632
0.007291
0.015895
0.000854
-0.033383
-0.999442
8.040477
---
0.745025
0.012743
-0.010846
-0.666826
-0.000143
-0.002205
-0.008229
-0.000663
0.002374
0.015201
0.000834
-0.033455
-0.999440
8.057632
---
0.745114
0.012723
-0.010857
-0.666728
0.001761
0.000739
-0.010183
0.000531
-0.003426
0.018541
0.000784
-0.033441
-0.999440
8.075301
---
0.745181
0.012716
-0.010891
-0.666652
0.001701
-0.003200
-0.011158
0.001083
-0.002641
0.012188
0.000725
-0.033474
-0.999439
8.091414
---
0.745263
0.012688
-0.010903
-0.666560
0.001640
-0.003173
-0.011159
-0.005013
-0.000172
0.010976
0.000663
-0.033447
-0.999440
8.108480
---
0.745347
0.012614
-0.010887
-0.666468
0.003515
-0.000113
-0.006281
-0.008246
-0.007925
0.012447
0.000586
-0.033316
-0.999445
8.125632
---
0.745396
0.012569
-0.010897
-0.666415
0.004414
0.002870
-0.005306
-0.001763
-0.010452
0.011431
0.000508
-0.033263
-0.999447
8.143637
---
0.745412
0.012571
-0.010936
-0.666396
0.004355
0.002816
-0.005304
0.003685
-0.004732
-0.001341
0.000449
-0.033317
-0.999445
8.159750
---
0.745425
0.012529
-0.010970
-0.666382
0.000344
-0.003025
-0.008234
-0.002419
-0.009536
-0.000291
0.000344
-0.033298
-0.999445
8.176786
---
0.745481
0.012534
-0.010935
-0.666319
-0.000578
-0.004940
-0.007259
-0.001764
0.001838
0.006907
0.000399
-0.033260
-0.999447
8.193938
---
0.745532
0.012454
-0.010938
-0.666263
-0.000693
-0.004826
-0.007263
-0.005404
0.000569
0.010613
0.000284
-0.033146
-0.999451
8.211301
---
0.745584
0.012447
-0.010919
-0.666206
-0.000673
0.002044
-0.012147
0.001978
0.003093
0.003577
0.000304
-0.033112
-0.999452
8.227415
---
0.745648
0.012517
-0.010926
-0.666133
-0.000595
0.002911
-0.013120
0.004758
0.002239
0.006196
0.000381
-0.033222
-0.999448
8.245240
---
0.745693
0.012508
-0.010866
-0.666083
-0.000517
0.003001
-0.013123
-0.009212
0.000024
0.017095
0.000459
-0.033132
-0.999451
8.261355
---
0.745764
0.012544
-0.010840
-0.666004
-0.002390
0.000054
-0.009216
0.004257
0.003645
0.014864
0.000540
-0.033149
-0.999450
8.279297
---
0.745819
0.012558
-0.010820
-0.665943
0.003516
0.002992
-0.012146
0.002791
0.007667
0.011303
0.000586
-0.033141
-0.999451
8.295417
---
0.745887
0.012580
-0.010797
-0.665866
0.003576
0.002989
-0.012146
0.001018
0.002484
0.017888
0.000646
-0.033144
-0.999450
8.312480
---
0.745969
0.012628
-0.010786
-0.665773
-0.009044
-0.000002
-0.012144
0.005866
0.004862
0.018798
0.000722
-0.033206
-0.999448
8.329628
---
0.746051
0.012672
-0.010769
-0.665681
-0.002125
-0.002972
-0.014095
-0.003324
-0.002653
0.017220
0.000804
-0.033245
-0.999447
8.347302
---
0.746108
0.012678
-0.010764
-0.665617
-0.002113
-0.002975
-0.014095
0.001253
-0.000243
0.006210
0.000816
-0.033248
-0.999447
8.363414
---
0.746166
0.012676
-0.010805
-0.665551
0.000749
0.003809
-0.009211
0.003652
0.001055
0.008176
0.000749
-0.033301
-0.999445
8.381301
---
0.746258
0.012712
-0.010748
-0.665449
-0.001076
-0.002028
-0.009211
0.003315
0.006921
0.018552
0.000878
-0.033278
-0.999446
8.397415
---
0.746302
0.012728
-0.010742
-0.665399
0.000905
-0.001067
-0.011164
0.004152
-0.000617
0.010061
0.000905
-0.033293
-0.999445
8.415298
---
0.746371
0.012687
-0.010730
-0.665322
0.000864
-0.000994
-0.011167
-0.008022
0.003074
0.012260
0.000864
-0.033220
-0.999448
8.431415
---
0.746457
0.012692
-0.010700
-0.665227
-0.001042
-0.009751
-0.012144
-0.006027
0.004698
0.021499
0.000911
-0.033189
-0.999449
8.448446
---
0.746534
0.012668
-0.010680
-0.665140
-0.001048
-0.009683
-0.012146
0.002710
-0.000815
0.013121
0.000905
-0.033121
-0.999451
8.465477
---
0.746587
0.012625
-0.010673
-0.665082
0.005740
-0.001800
-0.011172
-0.004570
-0.003299
0.005975
0.000857
-0.033050
-0.999453
8.483332
---
0.746605
0.012688
-0.010557
-0.665063
-0.008652
-0.001739
-0.013127
-0.005897
0.012763
0.006396
0.001114
-0.032989
-0.999455
8.499446
---
0.746653
0.012687
-0.010532
-0.665009
0.003099
0.002203
-0.007269
0.002182
0.009913
0.011175
0.001146
-0.032953
-0.999456
8.516598
---
0.746653
0.012639
-0.010533
-0.665010
0.003035
0.002272
-0.007271
-0.001431
-0.003543
0.001301
0.001082
-0.032884
-0.999459
8.533633
---
0.746657
0.012650
-0.010500
-0.665007
-0.004715
0.000345
-0.012155
-0.007193
-0.004050
-0.004472
0.001144
-0.032858
-0.999459
8.552307
---
0.746664
0.012679
-0.010492
-0.664998
-0.000759
-0.004571
-0.008247
-0.003292
0.002165
-0.001952
0.001194
-0.032891
-0.999458
8.568179
---
0.746696
0.012664
-0.010447
-0.664963
-0.000712
-0.004486
-0.008250
-0.008118
0.011993
0.013680
0.001241
-0.032806
-0.999461
8.584293
---
0.746722
0.012667
-0.010448
-0.664934
0.002217
0.001365
-0.008250
-0.000529
0.007246
0.004010
0.001241
-0.032814
-0.999461
8.601326
---
0.746762
0.012666
-0.010448
-0.664889
0.002217
-0.000585
-0.009226
-0.000657
0.004881
0.009423
0.001240
-0.032811
-0.999461
8.619242
---
0.746849
0.012636
-0.010385
-0.664793
0.002266
-0.000458
-0.009231
-0.010108
0.000934
0.017584
0.001289
-0.032685
-0.999465
8.635355