---
0.866592
0.045240
0.006699
-0.496917
-0.016670
-0.010229
-0.027067
-0.017115
-0.339108
-0.013469
0.056573
-0.071753
-0.995817
0.000000
---
0.863167
0.039258
-0.007914
-0.503327
-0.008327
-0.011289
0.016880
-0.017259
-0.095790
-0.040469
0.025853
-0.075742
-0.996792
0.085734
---
0.863112
0.039173
-0.007866
-0.503430
-0.024920
-0.007183
-0.006573
-0.016956
0.146690
0.016130
0.025861
-0.075543
-0.996807
0.101845
---
0.863175
0.039691
-0.007012
-0.503294
-0.022936
-0.007221
-0.006516
0.026200
0.038544
0.009560
0.027846
-0.075581
-0.996751
0.118970
---
0.863310
0.040530
-0.006380
-0.503004
-0.027859
-0.013899
-0.011282
0.064303
0.099936
0.010981
0.029758
-0.076399
-0.996633
0.136091
---
0.862600
0.041143
-0.006352
-0.504171
0.002205
0.002693
-0.006299
-0.007247
-0.032820
-0.116241
0.030525
-0.077385
-0.996534
0.170335
---
0.862474
0.042448
-0.004784
-0.504296
-0.058212
-0.025311
0.008532
-0.070651
0.499888
0.187676
0.034561
-0.078046
-0.996351
0.204578
---
0.864225
0.044386
0.000657
-0.501144
-0.009054
-0.019415
0.038121
-0.101502
0.316773
0.152835
0.045634
-0.076055
-0.996059
0.237815
---
0.864789
0.044698
0.003020
-0.500133
0.010880
-0.001040
-0.016494
-0.053922
0.070618
0.051764
0.049942
-0.074282
-0.995986
0.254938
---
0.864903
0.044600
0.003000
-0.499944
0.010731
-0.000903
-0.016511
0.012454
-0.050460
0.025512
0.049794
-0.074145
-0.996004
0.272062
---
0.864816
0.044803
0.002118
-0.500081
-0.002306
0.001775
-0.018437
0.076856
-0.102904
-0.023313
0.048475
-0.075373
-0.995976
0.289180
---
0.864436
0.044870
0.000691
-0.500735
0.015861
0.012963
-0.018433
0.095602
-0.147354
-0.140931
0.046134
-0.076881
-0.995972
0.306306
---
0.863224
0.044946
-0.001125
-0.502814
0.010038
0.005247
-0.020371
0.072728
-0.104562
-0.147529
0.043241
-0.078737
-0.995957
0.340546
---
0.861968
0.044750
-0.004985
-0.504959
0.006322
-0.002106
-0.016453
0.149883
-0.252178
-0.141034
0.036596
-0.082184
-0.995945
0.373786
---
0.860915
0.043517
-0.008964
-0.506804
0.016956
0.000945
-0.014606
0.061393
-0.325492
-0.197474
0.028675
-0.084016
-0.996052
0.390905
---
0.860071
0.043060
-0.010418
-0.508247
0.000462
0.008115
-0.045879
0.035540
-0.138307
-0.190304
0.025852
-0.084658
-0.996075
0.408029
---
0.859251
0.042675
-0.010950
-0.509653
-0.000711
0.008274
-0.045923
-0.009416
-0.071552
-0.200114
0.024679
-0.084499
-0.996118
0.425152
---
0.858187
0.042809
-0.011617
-0.511417
0.006270
0.011321
-0.033174
0.076885
-0.055723
-0.198011
0.023849
-0.085358
-0.996065
0.442275
---
0.857497
0.042803
-0.012427
-0.512555
0.006940
-0.003140
0.005926
0.067364
-0.102161
-0.161879
0.022565
-0.086147
-0.996027
0.459396
---
0.856806
0.042671
-0.013341
-0.513698
0.005352
-0.003821
0.005951
0.020897
-0.130407
-0.154891
0.020977
-0.086829
-0.996002
0.476522
---
0.855800
0.042086
-0.014739
-0.515381
0.015224
-0.002267
-0.035085
0.029016
-0.214796
-0.204792
0.018154
-0.087228
-0.996023
0.493643
---
0.854780
0.041371
-0.017229
-0.517051
0.022115
0.011066
-0.053600
0.091338
-0.345062
-0.232702
0.013326
-0.088543
-0.995983
0.509756
---
0.853798
0.041103
-0.019641
-0.518607
-0.002626
0.006122
-0.026123
0.153573
-0.211751
-0.198578
0.009093
-0.090558
-0.995850
0.526878
---
0.852901
0.041439
-0.021219
-0.519992
-0.004819
0.003925
-0.025939
0.117432
-0.120622
-0.190884
0.006900
-0.092754
-0.995665
0.543999
---
0.851985
0.041609
-0.022710
-0.521416
0.005669
0.010886
-0.015037
0.096825
-0.116393
-0.182262
0.004692
-0.094583
-0.995506
0.561123
---
0.851075
0.042066
-0.023484
-0.522830
0.004990
0.009309
-0.014889
0.085243
-0.023890
-0.181262
0.004013
-0.096160
-0.995358
0.578247
---
0.850186
0.042751
-0.024072
-0.524191
0.009747
0.010468
-0.003975
0.124686
-0.033446
-0.213587
0.003887
-0.097930
-0.995186
0.595367
---
0.849266
0.042687
-0.026283
-0.525580
0.048078
0.020960
0.004049
0.137789
-0.280953
-0.195659
0.000227
-0.100133
-0.994974
0.612494
---
0.848044
0.041679
-0.029311
-0.527470
0.012809
0.010691
-0.074886
0.052645
-0.345276
-0.211786
-0.005746
-0.101614
-0.994807
0.629611
---
0.847384
0.040716
-0.031704
-0.528466
0.007858
0.009791
-0.074752
0.021605
-0.115921
-0.023277
-0.010697
-0.102513
-0.994674
0.645727
---
0.847466
0.040565
-0.031923
-0.528335
-0.033704
-0.018504
-0.006389
-0.018538
0.034297
0.021801
-0.011243
-0.102488
-0.994671
0.662846
---
0.847685
0.040422
-0.030919
-0.528053
0.008826
-0.019154
0.055961
-0.129514
0.091708
0.040360
-0.009728
-0.101185
-0.994820
0.679971
---
0.847815
0.040067
-0.029231
-0.527968
0.011297
-0.016773
0.055701
-0.161002
0.186580
0.018476
-0.007257
-0.098804
-0.995080
0.697091
---
0.847833
0.040187
-0.027098
-0.528043
0.003328
0.003825
0.026183
-0.088877
0.165082
-0.029809
-0.003508
-0.096761
-0.995301
0.714215
---
0.847650
0.039984
-0.026776
-0.528369
0.026155
0.011342
0.007561
-0.026154
-0.038572
-0.054147
-0.003142
-0.096080
-0.995369
0.731337
---
0.847457
0.039519
-0.027519
-0.528675
0.024440
0.011343
0.007568
0.017506
-0.147409
-0.052465
-0.004857
-0.096079
-0.995362
0.748456
---
0.847111
0.039038
-0.028807
-0.529197
0.012043
0.006889
0.002754
0.014285
-0.102068
-0.056321
-0.007488
-0.096627
-0.995292
0.765579
---
0.846868
0.038843
-0.028827
-0.529598
0.005989
0.009147
0.007609
-0.049338
0.036471
-0.036929
-0.007683
-0.096322
-0.995321
0.781697
---
0.846810
0.038781
-0.027814
-0.529750
0.007654
0.010319
0.007485
-0.075944
0.182137
-0.020213
-0.006018
-0.095150
-0.995445
0.798819
---
0.846880
0.038885
-0.026575
-0.529694
-0.022372
0.001687
-0.014118
-0.070180
0.125277
0.023449
-0.003817
-0.094016
-0.995563
0.815938
---
0.847118
0.039078
-0.025499
-0.529352
-0.018430
-0.000430
-0.010294
-0.041061
0.115092
0.050649
-0.001828
-0.093204
-0.995645
0.833063
---
0.847631
0.039355
-0.024501
-0.528558
-0.016536
0.000156
-0.010350
-0.030282
0.106078
0.103816
0.000066
-0.092617
-0.995702
0.850182
---
0.848102
0.039343
-0.023776
-0.527835
-0.024187
0.000940
-0.009446
-0.074087
0.071021
0.113463
0.001204
-0.091834
-0.995774
0.867304
---
0.848539
0.038805
-0.023345
-0.527191
-0.010422
0.000350
-0.040820
-0.082017
-0.013234
0.089161
0.001297
-0.090470
-0.995898
0.884425
---
0.848987
0.038123
-0.023474
-0.526514
-0.011433
-0.009373
0.010845
-0.091918
-0.091176
0.128533
0.000286
-0.089451
-0.995991
0.901551
---
0.849651
0.037584
-0.023659
-0.525472
-0.012424
-0.008653
0.010781
-0.009390
0.022421
0.129883
-0.000706
-0.088732
-0.996055
0.917666
---
0.850311
0.037244
-0.023003
-0.524458
0.006782
-0.016177
0.037036
-0.091854
0.087353
0.157090
-0.000054
-0.087467
-0.996167
0.934788
---
0.850984
0.037082
-0.021776
-0.523428
0.008593
-0.014620
0.036902
-0.109033
0.139831
0.158597
0.001757
-0.085909
-0.996301
0.951909
---
0.851828
0.036857
-0.020746
-0.522111
0.001188
-0.010237
-0.017907
-0.073390
0.063103
0.189664
0.003141
-0.084456
-0.996422
0.968999
---
0.852764
0.036416
-0.020377
-0.520626
0.008049
-0.007155
-0.018002
-0.062272
0.018266
0.179775
0.003166
-0.083327
-0.996517
0.986122
---
0.853498
0.036001
-0.019742
-0.519477
0.016398
-0.014582
-0.009324
-0.122511
0.060009
0.183302
0.003703
-0.081964
-0.996628
1.003246
---
0.854388
0.035134
-0.018588
-0.518113
0.017339
-0.011914
-0.009536
-0.185860
0.081800
0.193487
0.004644
-0.079297
-0.996840
1.020368
---
0.855185
0.034246
-0.017514
-0.516893
0.020097
0.006327
-0.037080
-0.125056
0.049802
0.134475
0.005449
-0.076681
-0.997041
1.037490
---
0.855909
0.033733
-0.016579
-0.515759
0.010324
-0.000628
-0.015729
-0.102663
0.069414
0.168872
0.006417
-0.074847
-0.997174
1.054609
---
0.856544
0.033520
-0.015925
-0.514738
0.011132
0.000400
-0.015800
-0.043446
0.066291
0.134266
0.007226
-0.073819
-0.997246
1.070723
---
0.856947
0.033603
-0.015716
-0.514067
0.028119
0.018047
0.008612
-0.001110
0.034212
0.089518
0.007611
-0.073750
-0.997248
1.087850
---
0.857253
0.033727
-0.015609
-0.513552
0.017647
0.018917
-0.015792
0.021049
0.013685
0.069173
0.007881
-0.073857
-0.997238
1.104969
---
0.858003
0.033099
-0.016128
-0.512323
0.000379
-0.001058
-0.046117
-0.048317
-0.062367
0.085048
0.006238
-0.073324
-0.997289
1.139214
---
0.858296
0.032521
-0.016080
-0.511871
0.006666
0.006815
-0.024711
-0.070936
-0.004235
0.063342
0.005690
-0.072286
-0.997368
1.156340
---
0.858479
0.032071
-0.015638
-0.511606
0.006941
0.008035
-0.024798
-0.051346
-0.007079
0.025340
0.005965
-0.071067
-0.997454
1.173466
---
0.858652
0.031760
-0.015800
-0.511329
0.015110
0.005471
0.007400
-0.001944
-0.051474
0.052108
0.005345
-0.070701
-0.997483
1.190581
---
0.858947
0.031558
-0.016222
-0.510834
-0.013205
-0.014147
0.015213
0.016063
-0.060721
0.081888
0.004374
-0.070788
-0.997482
1.206698
---
0.859260
0.031519
-0.016726
-0.510293
-0.014154
-0.014598
0.015242
0.009677
-0.033906
0.083987
0.003424
-0.071238
-0.997454
1.223819
---
0.859623
0.031494
-0.016767
-0.509682
-0.009419
-0.013620
0.028913
-0.018246
0.024103
0.088362
0.003276
-0.071238
-0.997454
1.240940
---
0.860162
0.031376
-0.016493
-0.508788
0.000626
-0.000448
-0.005300
-0.034194
0.024503
0.118566
0.003556
-0.070761
-0.997487
1.258063
---
0.860671
0.031165
-0.016166
-0.507950
0.000903
0.000243
-0.005347
-0.028766
0.020835
0.110951
0.003833
-0.070069
-0.997535
1.275185
---
0.861064
0.031000
-0.015708
-0.507307
0.002450
0.007825
-0.016139
-0.055701
0.054149
0.096470
0.004403
-0.069323
-0.997585
1.292307
---
0.861439
0.030765
-0.015253
-0.506698
0.022477
0.004780
0.003335
-0.020549
0.018325
0.061235
0.004899
-0.068462
-0.997642
1.309430
---
0.861643
0.030821
-0.015405
-0.506344
0.012477
0.006481
0.013117
0.032514
-0.031973
0.046689
0.004665
-0.068714
-0.997625
1.326551
---
0.861765
0.030930
-0.016096
-0.506108
0.011378
0.005594
0.013174
0.054237
-0.089807
0.036737
0.003566
-0.069601
-0.997569
1.342664
---
0.861764
0.030979
-0.017033
-0.506076
0.016648
0.015304
-0.008242
0.044034
-0.084062
-0.010280
0.001999
-0.070634
-0.997500
1.359790
---
0.861699
0.030869
-0.017550
-0.506176
0.020534
0.013019
-0.011150
0.016293
-0.058421
-0.012413
0.001003
-0.070966
-0.997478
1.376915
---
0.861613
0.030795
-0.017964
-0.506313
0.019757
0.012726
-0.011130
0.016961
-0.028854
-0.005307
0.000226
-0.071258
-0.997458
1.394031
---
0.861615
0.031161
-0.017968
-0.506286
-0.006246
0.004279
0.004541
0.048939
0.017641
0.010295
0.000590
-0.071892
-0.997412
1.411156
---
0.861646
0.031496
-0.018085
-0.506208
-0.002209
-0.003251
-0.001268
0.034601
0.011711
0.010464
0.000721
-0.072587
-0.997362
1.428277
---
0.861646
0.031789
-0.018156
-0.506187
-0.002037
-0.003827
-0.001226
0.024712
-0.011973
-0.014463
0.000893
-0.073163
-0.997320
1.445399
---
0.861477
0.031866
-0.018378
-0.506463
0.014285
0.006559
-0.009989
0.018412
-0.033224
-0.051401
0.000613
-0.073519
-0.997294
1.462522
---
0.861302
0.032088
-0.018502
-0.506741
-0.000328
0.008006
-0.007022
0.033109
0.025667
-0.028757
0.000649
-0.074026
-0.997256
1.479643
---
0.861169
0.032371
-0.018402
-0.506953
0.000150
0.007619
-0.006993
0.019689
0.026658
-0.022712
0.001127
-0.074412
-0.997227
1.495759
---
0.861241
0.032894
-0.017411
-0.506832
-0.040591
-0.015714
-0.030433
-0.012352
0.148165
0.017499
0.003354
-0.074308
-0.997230
1.512883
---
0.861458
0.033680
-0.015847
-0.506463
-0.034203
-0.009628
-0.012854
-0.003371
0.181350
0.051815
0.006813
-0.074081
-0.997229
1.530002
---
0.861602
0.034400
-0.014834
-0.506199
-0.031752
-0.009845
-0.012818
0.030194
0.132273
0.021133
0.009264
-0.074298
-0.997193
1.547124
---
0.861655
0.034950
-0.014096
-0.506093
-0.012354
0.000697
-0.017667
-0.002206
0.112169
0.005105
0.011084
-0.074498
-0.997160
1.564246
---
0.861734
0.035363
-0.012672
-0.505968
-0.011447
-0.002482
-0.046982
-0.025479
0.079483
0.004329
0.013943
-0.073771
-0.997178
1.598521
---
0.861798
0.035745
-0.012066
-0.505847
-0.011979
-0.002530
-0.005942
0.011650
0.096502
0.002448
0.015365
-0.073819
-0.997153
1.615646
---
0.861852
0.036169
-0.011704
-0.505734
-0.010934
-0.000941
-0.008828
0.026698
0.049425
0.008473
0.016410
-0.074183
-0.997110
1.631759
---
0.861895
0.036376
-0.011579
-0.505648
-0.010517
-0.001173
-0.008804
0.002189
0.015803
0.013772
0.016827
-0.074415
-0.997085
1.648880
---
0.861984
0.036340
-0.011314
-0.505505
-0.011084
-0.007680
-0.032259
-0.026515
0.035826
0.011960
0.017237
-0.074086
-0.997103
1.666001
---
0.862072
0.036192
-0.010814
-0.505376
-0.000618
-0.013760
-0.008865
-0.056575
0.054366
0.014716
0.017937
-0.073330
-0.997146
1.683126
---
0.862232
0.036091
-0.009963
-0.505128
0.000725
-0.012732
-0.008915
-0.052430
0.075314
0.034271
0.019279
-0.072303
-0.997196
1.700247
---
0.862431
0.035953
-0.009422
-0.504809
-0.009249
-0.009026
-0.014815
-0.039315
0.004246
0.027377
0.020048
-0.071526
-0.997237
1.717369
---
0.862530
0.035464
-0.009634
-0.504670
0.001598
-0.002541
-0.035385
-0.037387
-0.075537
0.028491
0.019176
-0.070901
-0.997299
1.734490
---
0.862681
0.034862
-0.009952
-0.504447
-0.003482
-0.010620
0.006535
-0.040627
-0.060246
0.046156
0.018003
-0.070190
-0.997371
1.752346
---
0.862918
0.034543
-0.010032
-0.504062
-0.003974
-0.010159
0.006494
-0.026861
-0.014884
0.071601
0.017510
-0.069729
-0.997412
1.768462
---
0.863251
0.034348
-0.009926
-0.503507
0.000851
-0.000939
0.010369
-0.018826
0.009521
0.073479
0.017452
-0.069298
-0.997443
1.785583
---
0.863528
0.034240
-0.009954
-0.503038
0.000655
-0.000792
0.010356
-0.003984
-0.030028
0.054189
0.017257
-0.069151
-0.997457
1.801697
---
0.863700
0.034198
-0.010080
-0.502743
0.013067
0.006962
0.004495
0.008669
-0.011996
0.039739
0.016974
-0.069210
-0.997458
1.818822
---
0.863857
0.034072
-0.010488
-0.502473
0.027839
0.009694
0.010354
0.014342
-0.061128
0.026759
0.016121
-0.069408
-0.997458
1.835884
---
0.863796
0.033764
-0.011221
-0.502584
0.053614
0.030978
-0.006257
0.021607
-0.154947
-0.049512
0.014552
-0.069608
-0.997468
1.853036
---
0.863463
0.033109
-0.012531
-0.503169
0.050740
0.030798
-0.006283
0.003973
-0.175472
-0.078349
0.011678
-0.069788
-0.997494
1.870157
---
0.863144
0.032604
-0.013561
-0.503722
0.043616
0.016967
0.003470
0.027390
-0.142946
-0.073421
0.009436
-0.069947
-0.997506
1.887278
---
0.862901
0.032412
-0.014453
-0.504126
0.021408
-0.004105
0.030839
0.040142
-0.086587
-0.039539
0.007736
-0.070511
-0.997481
1.904400
---
0.862795
0.032501
-0.015243
-0.504278
0.020148
-0.005051
0.030898
0.057530
-0.078527
-0.018485
0.006476
-0.071457
-0.997423
1.921521
---
0.862670
0.032324
-0.016074
-0.504477
0.014646
0.000277
0.001630
0.009071
-0.085569
-0.029004
0.004880
-0.071989
-0.997394
1.938583
---
0.862480
0.032064
-0.016718
-0.504797
0.017205
0.011795
-0.014963
0.014235
-0.072069
-0.054783
0.003533
-0.072189
-0.997385
1.954697
---
0.862170
0.032053
-0.017041
-0.505317
0.016681
0.011492
-0.014943
0.019933
-0.006606
-0.085478
0.003009
-0.072492
-0.997364
1.971731
---
0.861806
0.032382
-0.017247
-0.505909
0.026477
0.010720
0.017341
0.062343
-0.001907
-0.091622
0.003039
-0.073265
-0.997308
1.988884
---
0.861312
0.033009
-0.018048
-0.506682
0.013101
0.019575
-0.004005
0.099818
-0.069668
-0.104982
0.002359
-0.075151
-0.997169
2.006278
---
0.860786
0.033317
-0.018876
-0.507524
0.012066
0.018210
-0.003903
0.064312
-0.067490
-0.119243
0.001323
-0.076517
-0.997067
2.023404
---
0.860149
0.033538
-0.019553
-0.508563
0.014145
0.009331
-0.023353
0.047737
-0.046558
-0.124451
0.000473
-0.077583
-0.996986
2.041194
---
0.859809
0.033644
-0.019755
-0.509123
-0.000689
-0.004728
-0.006721
0.033911
-0.026329
-0.100674
0.000288
-0.077970
-0.996956
2.057309
---
0.859254
0.033904
-0.020041
-0.510031
-0.000833
-0.005466
-0.006663
0.033998
-0.031143
-0.106611
0.000144
-0.078708
-0.996898
2.074463
---
0.858716
0.033948
-0.020264
-0.510924
0.014536
0.000090
-0.008592
0.008490
-0.015959
-0.143527
-0.000112
-0.079012
-0.996874
2.091584
---
0.857984
0.033823
-0.020608
-0.512147
0.044204
0.020459
-0.009558
0.008940
-0.061716
-0.186016
-0.000718
-0.079150
-0.996863
2.107851
---
0.856763
0.033483
-0.021356
-0.514179
0.038854
0.001719
0.003154
-0.002277
-0.129296
-0.230785
-0.002161
-0.079336
-0.996846
2.124972
---
0.855794
0.033089
-0.022241
-0.515778
0.037081
0.001478
0.003179
0.018201
-0.134796
-0.218340
-0.003934
-0.079576
-0.996821
2.142188
---
0.854911
0.032897
-0.022429
-0.517244
0.017164
-0.006208
0.001217
-0.020135
-0.034489
-0.224248
-0.004320
-0.079450
-0.996830
2.159309
---
0.853852
0.032730
-0.022307
-0.519007
0.014435
0.003958
-0.011511
-0.012754
0.009276
-0.225650
-0.004120
-0.079049
-0.996862
2.177317
---
0.852740
0.032612
-0.022243
-0.520843
0.014590
0.004217
-0.011532
-0.014823
-0.032070
-0.261425
-0.003965
-0.078791
-0.996883
2.193434
---
0.851600
0.032469
-0.022759
-0.522691
0.013734
0.005868
-0.015410
0.037214
-0.113137
-0.275275
-0.004821
-0.079093
-0.996856
2.210464
---
0.850285
0.032104
-0.023895
-0.524799
0.014546
-0.005456
0.005156
0.015928
-0.159688
-0.248215
-0.006938
-0.079675
-0.996797
2.227615
---
0.849252
0.031569
-0.024790
-0.526459
0.012619
-0.005503
0.005175
-0.007661
-0.127737
-0.256902
-0.008865
-0.079722
-0.996778
2.243731
---
0.848260
0.031224
-0.025394
-0.528049
0.020167
0.006147
0.012029
-0.006269
-0.102248
-0.283781
-0.010106
-0.079791
-0.996760
2.260852
---
0.846486
0.030715
-0.026067
-0.530885
0.031450
0.017979
0.013011
0.010198
-0.104233
-0.319769
-0.011519
-0.079677
-0.996754
2.278706
---
0.845070
0.030352
-0.026937
-0.533113
0.029803
0.017635
0.013059
0.033702
-0.141418
-0.326004
-0.013166
-0.080022
-0.996706
2.294821
---
0.843642
0.030128
-0.027583
-0.535351
0.016967
0.002641
0.022868
0.034587
-0.075313
-0.328812
-0.014283
-0.080367
-0.996663
2.311944
---
0.840380
0.031481
-0.028021
-0.540356
0.018176
-0.000188
0.023084
0.134775
0.007613
-0.328266
-0.013074
-0.083196
-0.996447
2.346188
---
0.837065
0.032699
-0.029533
-0.545327
0.012589
0.001914
-0.009789
0.094356
-0.091128
-0.403370
-0.013778
-0.086953
-0.996117
2.380433
---
0.834544
0.033198
-0.030351
-0.549103
0.012168
0.000126
-0.009625
0.055786
-0.029948
-0.440896
-0.014200
-0.088741
-0.995954
2.397554
---
0.832636
0.033706
-0.030660
-0.551943
0.010564
-0.013804
0.027590
0.083289
-0.013839
-0.436858
-0.013850
-0.089976
-0.995848
2.414310
---
0.830715
0.034693
-0.030585
-0.554774
-0.016227
-0.014427
-0.008417
0.087217
0.067294
-0.421349
-0.012320
-0.091576
-0.995722
2.431344
---
0.828103
0.035458
-0.030652
-0.558613
-0.015057
-0.015822
-0.008302
0.058584
-0.013968
-0.459934
-0.011151
-0.092971
-0.995606
2.449288
---
0.825781
0.035875
-0.030789
-0.562006
-0.008574
-0.016708
-0.023850
0.057399
-0.005994
-0.486440
-0.010527
-0.093856
-0.995530
2.466197
---
0.823526
0.036297
-0.031197
-0.565256
0.000393
-0.016927
0.009464
0.087320
-0.038495
-0.530339
-0.010349
-0.095052
-0.995419
2.483072
---
0.821222
0.036742
-0.031898
-0.568531
0.000131
-0.018492
0.009618
0.122482
-0.120887
-0.536094
-0.010611
-0.096617
-0.995265
2.499100
---
0.818622
0.036937
-0.033143
-0.572185
0.011444
-0.008560
-0.000934
0.097429
-0.143132
-0.570522
-0.011994
-0.098404
-0.995074
2.516308
---
0.815206
0.036634
-0.035124
-0.576944
0.027974
-0.009439
-0.013403
0.090991
-0.231502
-0.595634
-0.014995
-0.100259
-0.994848
2.534287
---
0.812368
0.036353
-0.036932
-0.580837
0.025195
-0.011147
-0.013184
0.104113
-0.198282
-0.589315
-0.017774
-0.101967
-0.994629
2.550341
---
0.809477
0.036141
-0.038423
-0.584778
0.009361
-0.010675
-0.012013
0.064956
-0.154838
-0.589188
-0.019936
-0.103449
-0.994435
2.568196
---
0.806610
0.035865
-0.039444
-0.588675
0.025468
-0.016407
0.004708
0.034595
-0.155674
-0.616943
-0.021407
-0.104297
-0.994316
2.584708
---
0.803444
0.035536
-0.040560
-0.592933
0.023839
-0.017311
0.004839
0.051821
-0.264207
-0.637489
-0.023036
-0.105201
-0.994184
2.600827
---
0.799305
0.034717
-0.043172
-0.598367
0.057494
-0.011461
0.014927
0.099769
-0.303187
-0.677160
-0.027467
-0.107164
-0.993862
2.617942
---
0.795747
0.034319
-0.045183
-0.602965
0.041745
-0.009498
0.007415
0.100403
-0.262107
-0.743704
-0.030521
-0.109108
-0.993561
2.635067
---
0.792010
0.033858
-0.047042
-0.607751
0.044764
-0.028780
-0.000117
0.054054
-0.267394
-0.731041
-0.033361
-0.110812
-0.993281
2.652191
---
0.787421
0.033150
-0.049112
-0.613560
0.041461
-0.030442
0.000186
0.073785
-0.244682
-0.758234
-0.036664
-0.112473
-0.992978
2.669312
---
0.783426
0.033048
-0.050096
-0.618581
0.020010
-0.037585
0.012086
0.024807
-0.138374
-0.812128
-0.037608
-0.113757
-0.992796
2.686433
---
0.778743
0.032604
-0.050876
-0.624426
0.019096
-0.038145
0.012186
-0.012227
-0.152082
-0.825178
-0.038521
-0.114317
-0.992697
2.703561
---
0.775536
0.032147
-0.051176
-0.628403
0.027432
-0.031173
-0.033711
-0.045539
-0.138639
-0.862283
-0.038975
-0.114181
-0.992695
2.719671
---
0.770545
0.031384
-0.051782
-0.634503
0.037173
-0.037905
-0.018058
-0.041476
-0.169320
-0.860158
-0.039976
-0.114077
-0.992667
2.736792
---
0.764629
0.030665
-0.052801
-0.641571
0.033796
-0.020896
-0.010122
0.009679
-0.183272
-0.933318
-0.041400
-0.114646
-0.992543
2.753916
---
0.759444
0.029942
-0.054036
-0.647634
0.031904
-0.021720
-0.009945
0.021635
-0.260364
-0.979371
-0.043291
-0.115470
-0.992367
2.771036
---
0.754051
0.029315
-0.055613
-0.653800
0.025751
-0.018298
-0.019439
0.057675
-0.257514
-1.028759
-0.045538
-0.116931
-0.992096
2.788160
---
0.747638
0.028943
-0.057179
-0.661007
0.024055
-0.020238
-0.019129
0.026232
-0.158644
-0.986364
-0.047234
-0.118870
-0.991786
2.805278
---
0.741970
0.028754
-0.057800
-0.667318
0.016081
-0.036803
0.033726
0.029134
-0.170006
-1.109961
-0.047395
-0.119811
-0.991665
2.822404
---
0.735648
0.028288
-0.058388
-0.674249
0.036224
-0.004144
-0.007206
-0.041557
-0.165079
-1.179625
-0.047761
-0.120355
-0.991581
2.839525
---
0.728852
0.027324
-0.059056
-0.681572
0.053699
-0.009980
-0.004227
-0.057359
-0.236866
-1.241995
-0.048840
-0.120332
-0.991532
2.856647
---
0.721641
0.026428
-0.060192
-0.689139
0.052091
-0.010754
-0.004052
0.016752
-0.269706
-1.278927
-0.050448
-0.121105
-0.991357
2.872762
---
0.712808
0.027142
-0.061210
-0.698155
0.011185
-0.045062
0.056818
0.101759
-0.134832
-1.237776
-0.049362
-0.124163
-0.991033
2.889885
---
0.706644
0.027141
-0.061607
-0.704360
-0.013678
-0.047998
0.005158
-0.034692
-0.110780
-1.234568
-0.048834
-0.125146
-0.990936
2.907007
---
0.698699
0.026472
-0.061604
-0.712266
-0.013219
-0.047600
0.005085
-0.097467
-0.171786
-1.227193
-0.048375
-0.124749
-0.991008
2.924129
---
0.690180
0.026128
-0.061907
-0.720511
0.010790
-0.045197
0.022702
0.021838
-0.114172
-1.233263
-0.047803
-0.125275
-0.990970
2.941253
---
0.683109
0.026907
-0.063190
-0.727079
0.012365
-0.054430
0.102207
0.163539
-0.146929
-1.157749
-0.047205
-0.128649
-0.990566
2.958373
---
0.675383
0.027469
-0.064632
-0.734115
0.012597
-0.057780
0.102637
0.066533
-0.119777
-1.154604
-0.046973
-0.131999
-0.990136
2.975496
---
0.669488
0.027493
-0.065273
-0.739438
0.000134
-0.049359
0.054955
0.029615
-0.139042
-1.114565
-0.046741
-0.133343
-0.989967
2.992618
---
0.662856
0.027183
-0.065564
-0.745375
-0.000498
-0.058582
0.019841
-0.046435
-0.114473
-1.105597
-0.046397
-0.133777
-0.989925
3.008732
---
0.654880
0.026498
-0.065929
-0.752386
-0.000580
-0.058718
0.019863
-0.040033
-0.186098
-1.023371
-0.046478
-0.133913
-0.989903
3.025855
---
0.648852
0.026010
-0.066700
-0.757539
0.027069
-0.068404
0.051267
0.051754
-0.167549
-0.903065
-0.047150
-0.134810
-0.989749
3.042977
---
0.643490
0.027226
-0.068764
-0.761873
-0.005997
-0.080248
0.070510
0.301257
-0.124992
-0.807786
-0.047013
-0.139819
-0.989060
3.060099
---
0.637638
0.027592
-0.070906
-0.766570
0.016330
-0.076514
0.009625
0.090468
-0.207533
-0.830847
-0.048123
-0.143897
-0.988422
3.077223
---
0.632179
0.026983
-0.071423
-0.771052
0.015760
-0.076875
0.009706
-0.061190
-0.118429
-0.811024
-0.048693
-0.144258
-0.988341
3.094344
---
0.626758
0.025693
-0.071862
-0.775468
0.045471
-0.066512
-0.025461
-0.088708
-0.222058
-0.860105
-0.050232
-0.143660
-0.988351
3.111464
---
0.621996
0.024895
-0.071958
-0.779310
0.044989
-0.065975
-0.025514
-0.069158
-0.071039
-0.728091
-0.050714
-0.143124
-0.988405
3.128587
---
0.617403
0.024448
-0.072037
-0.782960
0.003043
-0.082447
0.022316
-0.030418
-0.096756
-0.715909
-0.050668
-0.142994
-0.988426
3.144702
---
0.612416
0.024326
-0.071690
-0.786902
0.004187
-0.082075
0.022205
-0.045881
-0.037105
-0.623714
-0.049524
-0.142622
-0.988538
3.161824
---
0.608400
0.024130
-0.071924
-0.789996
0.012131
-0.098079
0.020300
0.026528
-0.131445
-0.627703
-0.049392
-0.143001
-0.988489
3.178950
---
0.605026
0.023803
-0.073208
-0.792475
0.010666
-0.099914
0.020641
0.126235
-0.201287
-0.493686
-0.050858
-0.144836
-0.988148
3.196068
---
0.602161
0.023739
-0.074730
-0.794515
-0.009308
-0.100463
0.008390
0.159330
-0.179224
-0.488807
-0.052277
-0.147338
-0.987704
3.213191
---
0.597472
0.023728
-0.077440
-0.797789
-0.011707
-0.105039
0.009214
0.232609
-0.212773
-0.591087
-0.054676
-0.151914
-0.986880
3.230311
---
0.593327
0.023537
-0.079475
-0.800683
0.012719
-0.073169
-0.042900
0.169250
-0.242849
-0.622306
-0.056616
-0.155200
-0.986259
3.247434
---
0.589136
0.022792
-0.081291
-0.803611
0.026785
-0.078406
-0.067776
0.092976
-0.265011
-0.596117
-0.059153
-0.157507
-0.985745
3.264558
---
0.585334
0.021831
-0.081950
-0.806345
0.007629
-0.100100
0.039776
-0.092843
-0.151663
-0.551040
-0.060730
-0.157717
-0.985615
3.280672
---
0.580837
0.021123
-0.082998
-0.809502
0.006141
-0.101296
0.040060
0.193916
-0.187048
-0.553710
-0.062218
-0.158913
-0.985330
3.297794
---
0.576984
0.021125
-0.084835
-0.812063
-0.015737
-0.114309
0.068998
0.143619
-0.164032
-0.547882
-0.063588
-0.162161
-0.984713
3.314920
---
0.573347
0.020480
-0.084964
-0.814638
-0.016207
-0.114063
0.068987
-0.125715
-0.098475
-0.543877
-0.064059
-0.161915
-0.984723
3.332038
---
0.569689
0.019506
-0.084383
-0.817284
-0.017386
-0.107420
0.003283
-0.147792
-0.118000
-0.543268
-0.064261
-0.160154
-0.984998
3.349161
---
0.565570
0.018272
-0.084431
-0.820163
-0.015725
-0.111312
0.015901
-0.071940
-0.176598
-0.470022
-0.065529
-0.159164
-0.985075
3.366284
---
0.562319
0.017480
-0.084312
-0.822426
-0.043608
-0.127090
0.033383
-0.065529
-0.050387
-0.497067
-0.066069
-0.158340
-0.985172
3.383403
---
0.558735
0.018009
-0.084252
-0.824859
-0.041979
-0.127867
0.033400
0.216765
-0.039317
-0.588386
-0.064440
-0.159117
-0.985155
3.400528
---
0.553537
0.019408
-0.085340
-0.828213
0.012865
-0.110112
0.076843
0.086022
-0.003601
-0.649967
-0.062330
-0.162847
-0.984681
3.417649
---
0.549234
0.019262
-0.084079
-0.831205
0.014858
-0.108198
0.076404
-0.159909
-0.001476
-0.664847
-0.060337
-0.160932
-0.985119
3.433770
---
0.544502
0.018930
-0.082843
-0.834444
-0.026399
-0.135432
0.013466
-0.159962
-0.007844
-0.662801
-0.058626
-0.158870
-0.985557
3.450887
---
0.540398
0.018433
-0.082239
-0.837178
-0.025794
-0.134183
0.013230
-0.103618
-0.082408
-0.634420
-0.058021
-0.157620
-0.985794
3.468009
---
0.536641
0.018829
-0.083139
-0.839494
-0.092773
-0.160775
0.068244
0.172633
-0.035610
-0.520770
-0.057617
-0.159798
-0.985467
3.485130
---
0.532561
0.020957
-0.084161
-0.841936
-0.089509
-0.165015
0.068756
0.179196
0.174031
-0.473908
-0.054353
-0.164038
-0.984955
3.502255
---
0.529626
0.023466
-0.083967
-0.843739
-0.073757
-0.190964
0.087468
0.107400
0.279198
-0.449642
-0.049343
-0.166549
-0.984798
3.519314
---
0.526345
0.025443
-0.080148
-0.846103
-0.048153
-0.176082
0.003400
-0.225106
0.324656
-0.433811
-0.041317
-0.162410
-0.985858
3.537290
---
0.523491
0.027020
-0.077991
-0.848024
-0.052430
-0.158613
-0.012742
-0.087295
0.235659
-0.467725
-0.035828
-0.160566
-0.986375
3.554292
---
0.520229
0.028459
-0.076814
-0.850089
-0.048138
-0.158256
-0.012946
-0.039885
0.176874
-0.519686
-0.031536
-0.160209
-0.986579
3.570347
---
0.515791
0.029582
-0.075919
-0.852831
-0.013211
-0.115087
-0.024808
-0.083708
0.119695
-0.631504
-0.027859
-0.160009
-0.986722
3.587620
---
0.511886
0.030762
-0.075281
-0.855196
-0.053752
-0.137792
-0.073687
0.084730
0.103037
-0.579550
-0.024455
-0.160253
-0.986773
3.603648
---
0.507275
0.031834
-0.075814
-0.857852
-0.051595
-0.139911
-0.073392
0.079442
0.012846
-0.448073
-0.022298
-0.162372
-0.986478
3.620792
---
0.504383
0.032022
-0.076674
-0.859473
-0.136560
-0.143593
-0.054551
0.113510
-0.116268
-0.412084
-0.022302
-0.164101
-0.986191
3.638285
---
0.501813
0.031591
-0.077692
-0.860901
-0.139791
-0.141061
-0.050385
0.039821
-0.153320
-0.322623
-0.023580
-0.165475
-0.985932
3.655408
---
0.498928
0.030794
-0.077780
-0.862597
-0.140697
-0.140500
-0.050457
-0.217214
0.006115
-0.380333
-0.024486
-0.164914
-0.986004
3.673292
---
0.496685
0.030466
-0.076007
-0.864059
-0.072658
-0.107901
-0.007097
-0.247632
0.079855
-0.381798
-0.022854
-0.161612
-0.986590
3.689622
---
0.493385
0.030198
-0.073782
-0.866150
-0.042953
-0.111712
0.020524
-0.206934
0.031734
-0.447682
-0.020493
-0.157611
-0.987289
3.706163
---
0.490685
0.029780
-0.072523
-0.867803
-0.041947
-0.109198
0.020105
-0.180150
0.007219
-0.401311
-0.019486
-0.155096
-0.987707
3.723284
---
0.487802
0.029168
-0.071185
-0.869558
-0.063644
-0.116123
0.005000
-0.210281
-0.024656
-0.410290
-0.018722
-0.152256
-0.988164
3.741171
---
0.483749
0.027999
-0.069107
-0.872025
-0.060023
-0.114412
-0.015248
-0.249766
-0.034715
-0.496797
-0.018031
-0.147616
-0.988880
3.757288
---
0.480158
0.026983
-0.067585
-0.874158
-0.059719
-0.110870
-0.015776
-0.250327
-0.102874
-0.489653
-0.017727
-0.144073
-0.989408
3.774346
---
0.476571
0.025369
-0.066552
-0.876246
-0.059990
-0.160343
0.050184
-0.201499
-0.163682
-0.487297
-0.018974
-0.140812
-0.989855
3.791501
---
0.473909
0.023536
-0.067195
-0.877691
-0.169836
-0.228152
0.063849
-0.039738
-0.200671
-0.214637
-0.022375
-0.140261
-0.989862
3.809293
---
0.472651
0.022833
-0.067490
-0.878365
-0.171147
-0.228038
0.063864
0.046365
-0.054658
-0.129182
-0.023686
-0.140147
-0.989847
3.825408
---
0.472244
0.023415
-0.069177
-0.878437
-0.253692
-0.213964
0.195238
0.305766
-0.047513
-0.000535
-0.024199
-0.143651
-0.989332
3.842438
---
0.473291
0.024692
-0.072792
-0.877546
-0.324395
-0.234138
0.233496
0.499364
-0.083540
0.196209
-0.025567
-0.151130
-0.988183
3.859560
---
0.475088
0.026204
-0.075201
-0.876327
-0.323378
-0.179162
0.010731
0.077227
0.471790
0.327545
-0.025527
-0.156701
-0.987316
3.876499
---
0.478316
0.029664
-0.071756
-0.874749
-0.314599
-0.176376
0.010105
-0.241317
0.569588
0.295729
-0.016748
-0.153915
-0.987942
3.893623
---
0.478616
0.030998
-0.068980
-0.874762
-0.144609
-0.104456
0.011438
-0.262984
0.369100
-0.042541
-0.011797
-0.150354
-0.988562
3.910285
---
0.478207
0.032036
-0.066978
-0.875103
-0.092949
-0.108803
0.070595
-0.031765
0.048752
-0.073889
-0.007988
-0.147865
-0.988975
3.927405
---
0.478032
0.032254
-0.068249
-0.875093
-0.093760
-0.111223
0.070967
0.237598
-0.111436
0.098847
-0.008799
-0.150285
-0.988604
3.945293
---
0.478816
0.032408
-0.071573
-0.874393
-0.197413
-0.150341
0.144182
0.426741
-0.209233
0.168132
-0.011866
-0.156200
-0.987654
3.961407
---
0.479874
0.031849
-0.075939
-0.873464
-0.168612
-0.113423
0.073133
0.425160
-0.385507
0.181375
-0.017245
-0.163228
-0.986438
3.978835
---
0.480616
0.029827
-0.080634
-0.872707
-0.176814
-0.119606
0.074353
0.422025
-0.533594
0.101449
-0.025447
-0.169411
-0.985217
3.994948
---
0.479333
0.028138
-0.086860
-0.872871
-0.040007
-0.065328
-0.079030
0.624745
-0.618659
-0.024797
-0.034147
-0.178610
-0.983327
4.011982
---
0.478784
0.024903
-0.091386
-0.872808
-0.003022
0.009988
-0.242799
0.140888
-0.654375
-0.007998
-0.044038
-0.183371
-0.982057
4.029133
---
0.476274
0.022194
-0.093007
-0.874082
-0.008778
0.009626
-0.242456
0.074224
-0.204718
-0.208677
-0.049794
-0.183733
-0.981714
4.046316
---
0.474255
0.020637
-0.094129
-0.875098
0.045469
-0.060295
-0.066389
-0.072363
-0.365736
-0.226014
-0.053164
-0.184318
-0.981428
4.063439
---
0.470882
0.016042
-0.093352
-0.877096
-0.010946
-0.024569
-0.261353
-0.407388
-0.369077
-0.453190
-0.059774
-0.178866
-0.982056
4.081294
---
0.466861
0.012924
-0.091519
-0.879487
-0.013893
-0.018749
-0.262212
-0.302296
-0.258826
-0.532584
-0.062721
-0.173046
-0.982915
4.097408
---
0.462630
0.011068
-0.091810
-0.881715
0.067383
-0.076440
-0.050280
0.024848
-0.324447
-0.559806
-0.065429
-0.172143
-0.982897
4.114804
---
0.459894
0.009441
-0.092706
-0.883071
-0.093011
-0.126518
0.005648
-0.057017
-0.324129
-0.327283
-0.068597
-0.172416
-0.982633
4.130920
---
0.458173
0.005923
-0.092943
-0.883971
-0.099107
-0.123849
0.005628
-0.311823
-0.306470
-0.134373
-0.074693
-0.169747
-0.982653
4.147983
---
0.457486
0.003379
-0.091654
-0.884474
-0.139407
-0.123231
-0.109153
-0.417004
-0.138228
-0.070694
-0.077883
-0.165223
-0.983176
4.165132
---
0.456401
0.003248
-0.086025
-0.885600
-0.077658
-0.093806
-0.041819
-0.432470
0.297106
-0.181083
-0.072775
-0.155330
-0.985178
4.182741
---
0.454840
0.003629
-0.083108
-0.886679
-0.074052
-0.089156
-0.042800
-0.280062
0.172711
-0.273058
-0.069169
-0.150680
-0.986160
4.198858
---
0.452919
0.003049
-0.083425
-0.887635
-0.080889
-0.103994
0.002219
0.170449
-0.241320
-0.273164
-0.070146
-0.150869
-0.986062
4.216314
---
0.450637
0.001500
-0.089280
-0.888230
-0.128560
-0.122856
0.072587
0.499615
-0.509899
-0.150218
-0.077778
-0.159966
-0.984054
4.233440
---
0.449780
-0.000999
-0.093774
-0.888202
-0.136944
-0.128557
0.074230
0.173035
-0.430991
0.021043
-0.086163
-0.165666
-0.982411
4.251323
---
0.450183
-0.003216
-0.094117
-0.887956
-0.228149
-0.080263
-0.140466
-0.282751
-0.151878
0.110057
-0.090453
-0.164248
-0.982263
4.267440
---
0.450856
-0.004050
-0.088130
-0.888226
-0.147216
-0.050363
-0.175840
-0.735777
0.435662
0.056845
-0.086669
-0.152902
-0.984434
4.284530
---
0.451207
-0.003129
-0.081408
-0.888693
-0.139574
-0.039329
-0.178132
-0.866726
0.620137
-0.052960
-0.079028
-0.141868
-0.986726
4.300646
---
0.450968
-0.002017
-0.074394
-0.889432
-0.077525
0.015967
-0.077790
-0.714711
0.452871
-0.103032
-0.070689
-0.130517
-0.988923
4.318316
---
0.449808
-0.001021
-0.069432
-0.890422
-0.084830
0.043308
-0.010864
-0.174397
0.101343
-0.161924
-0.064322
-0.122708
-0.990356
4.335439
---
0.449242
-0.001402
-0.069353
-0.890713
-0.210323
-0.002167
0.076030
-0.049884
-0.175894
0.072698
-0.064815
-0.122285
-0.990376
4.353322
---
0.450820
-0.003081
-0.068654
-0.889965
-0.212893
0.000695
0.075852
-0.240656
-0.010343
0.248362
-0.067386
-0.119422
-0.990554
4.370293
---
0.452340
-0.001370
-0.065466
-0.889439
-0.206181
0.003917
0.016388
-0.373900
0.612572
0.282431
-0.061650
-0.115224
-0.991425
4.386528
---
0.455526
0.003318
-0.058017
-0.888324
-0.187582
0.011088
0.034098
-0.437132
0.823784
0.312619
-0.046957
-0.106100
-0.993246
4.403621
---
0.459034
0.007464
-0.051924
-0.886869
-0.175055
0.018235
0.032847
-0.340536
0.671091
0.419625
-0.034430
-0.098953
-0.994496
4.419738
---
0.463562
0.010617
-0.047626
-0.884720
-0.207986
-0.013060
0.002809
-0.164978
0.484592
0.620683
-0.025369
-0.094114
-0.995238
4.437287
---
0.468993
0.011636
-0.046271
-0.881912
-0.281666
-0.026121
0.033850
-0.043338
0.026957
0.856226
-0.022877
-0.092528
-0.995447
4.454409
---
0.475886
0.011230
-0.045812
-0.878241
-0.282665
-0.024752
0.033747
-0.120257
0.058065
1.014775
-0.023876
-0.091158
-0.995550
4.471473
---
0.483858
0.012828
-0.041458
-0.874070
-0.232535
-0.014576
-0.025530
-0.411842
0.423062
0.982529
-0.017692
-0.084889
-0.996233
4.488531
---
0.490769
0.012231
-0.036732
-0.870429
-0.101677
0.032448
-0.088799
-0.521354
0.152282
0.830378
-0.014763
-0.075951
-0.997002
4.506293
---
0.495728
0.011752
-0.033323
-0.867759
-0.099554
0.038914
-0.089300
-0.512929
0.293934
0.929189
-0.012640
-0.069485
-0.997503
4.522408
---
0.504797
0.011853
-0.028140
-0.862698
-0.109518
0.047878
0.050693
-0.368084
0.301082
1.067109
-0.007956
-0.060520
-0.998135
4.540178
---
0.512312
0.012580
-0.025099
-0.858341
-0.147676
0.055350
0.084584
-0.262402
0.322734
1.158801
-0.004121
-0.055978
-0.998424
4.556287
---
0.523150
0.013861
-0.022302
-0.851836
-0.143274
0.058830
0.084387
-0.116826
0.261339
1.272116
0.000280
-0.052498
-0.998621
4.574294
---
0.529822
0.014482
-0.021120
-0.847722
-0.128685
0.040643
0.068694
-0.118579
0.208694
1.296342
0.002174
-0.051153
-0.998688
4.590406
---
0.540611
0.015718
-0.018549
-0.840921
-0.069792
0.034814
-0.024208
-0.160908
0.309967
1.210259
0.006380
-0.048194
-0.998818
4.607441
---
0.550671
0.017452
-0.015792
-0.834391
-0.064441
0.037434
-0.024283
-0.116705
0.370721
1.227554
0.011731
-0.045574
-0.998892
4.624594
---
0.556747
0.018755
-0.014260
-0.830348
-0.109731
0.046255
0.020641
-0.099204
0.347351
1.246762
0.015269
-0.044565
-0.998890
4.641195
---
0.567924
0.020870
-0.011408
-0.822737
-0.152445
0.006351
0.024569
-0.132813
0.393160
1.358050
0.021383
-0.042477
-0.998869
4.658318
---
0.576975
0.022803
-0.008907
-0.816395
-0.104879
0.000158
0.073464
-0.135793
0.287307
1.379048
0.026957
-0.040857
-0.998801
4.676112
---
0.586261
0.024163
-0.006622
-0.809735
-0.100466
0.001961
0.073521
-0.165251
0.310615
1.312197
0.031370
-0.039055
-0.998745
4.692226
---
0.595999
0.025302
-0.004492
-0.802574
-0.027239
0.026108
-0.013328
-0.093723
0.189669
1.236078
0.035261
-0.037369
-0.998679
4.709293
---
0.603635
0.025549
-0.003984
-0.796841
0.004657
0.034094
0.006220
-0.023707
0.007344
1.158893
0.035907
-0.037195
-0.998663
4.726414
---
0.611192
0.025550
-0.004417
-0.791057
0.003771
0.033066
0.006227
0.040890
0.001630
1.095806
0.035021
-0.038223
-0.998655
4.743593
---
0.618604
0.025973
-0.004523
-0.785260
-0.002892
0.034980
0.059984
0.017046
0.078195
1.093667
0.035194
-0.039239
-0.998610
4.759712
---
0.626460
0.026995
-0.003845
-0.778976
-0.067254
-0.006614
0.020042
-0.014911
0.218493
1.143043
0.037238
-0.039817
-0.998513
4.777532
---
0.633719
0.028205
-0.002517
-0.773045
-0.064073
-0.006435
0.020158
-0.064095
0.264920
1.166198
0.040419
-0.039638
-0.998396
4.794654
---
0.640953
0.029698
-0.000752
-0.767005
-0.055045
0.000780
-0.003118
-0.068811
0.321517
1.193620
0.044564
-0.039259
-0.998235
4.810709
---
0.648454
0.031572
0.000905
-0.760598
-0.013304
0.032690
0.036175
0.009239
0.311966
1.166859
0.049196
-0.039575
-0.998005
4.827860
---
0.656776
0.033730
0.002228
-0.753327
-0.008756
0.031315
0.036465
0.011818
0.233511
1.103864
0.053744
-0.040951
-0.997715
4.845319
---
0.663094
0.034593
0.002520
-0.747732
0.029691
0.035048
-0.019078
-0.001568
0.078549
1.019058
0.055082
-0.042100
-0.997594
4.862440
---
0.669123
0.034876
0.002746
-0.742328
0.035926
0.044323
-0.047357
-0.033358
0.062239
0.976184
0.055457
-0.042591
-0.997552
4.879472
---
0.674882
0.035201
0.003303
-0.737078
0.036818
0.044270
-0.047305
-0.056419
0.125388
0.977566
0.056349
-0.042644
-0.997500
4.896623
---
0.682159
0.036131
0.004503
-0.730296
0.005201
0.033451
0.004605
-0.038665
0.192132
1.033124
0.058912
-0.042721
-0.997349
4.913287
---
0.688569
0.037235
0.005615
-0.724193
-0.032084
0.011544
0.021391
-0.060134
0.253811
1.113863
0.061666
-0.043143
-0.997164
4.930411
---
0.695112
0.038359
0.007095
-0.717842
-0.028813
0.011549
0.021598
-0.078197
0.269001
1.134765
0.064937
-0.043139
-0.996957
4.947472
---
0.700733
0.039209
0.008071
-0.712299
0.016386
0.021977
-0.003631
-0.040574
0.208719
1.088122
0.067167
-0.043453
-0.996795
4.964624
---
0.708610
0.040050
0.008229
-0.704414
0.063205
0.038819
-0.011305
0.062837
-0.014279
0.993690
0.068088
-0.045166
-0.996657
4.981319
---
0.714134
0.040455
0.007204
-0.698801
0.061949
0.036274
-0.011271
0.094488
-0.016999
0.979252
0.066832
-0.047711
-0.996623
4.998352
---
0.719592
0.041018
0.006651
-0.693153
0.041044
0.030265
-0.000453
0.041092
0.048820
1.002159
0.066435
-0.049813
-0.996547
5.016293
---
0.726659
0.042228
0.007125
-0.685663
0.002836
0.025551
-0.007074
0.016593
0.197169
1.045706
0.068266
-0.051598
-0.996332
5.033296
---
0.732360
0.043654
0.008023
-0.679470
0.005645
0.024110
-0.006802
0.008340
0.240554
1.048319
0.071075
-0.053038
-0.996060
5.049356
---
0.738047
0.044886
0.008885
-0.673196
0.021792
0.015043
-0.006555
-0.015526
0.186700
1.032033
0.073550
-0.054293
-0.995813
5.066413
---
0.743357
0.045500
0.009856
-0.667273
0.049009
0.037306
-0.086486
-0.090881
0.160584
0.994250
0.075376
-0.054490
-0.995665
5.083440
---
0.748542
0.045612
0.010997
-0.661425
0.050432
0.038060
-0.086418
-0.127737
0.129775
0.919730
0.076799
-0.053737
-0.995597
5.100503
---
0.754862
0.045621
0.011863
-0.654188
0.065881
0.054069
-0.067822
-0.064880
0.059587
0.920789
0.077600
-0.053353
-0.995556
5.118324
---
0.759538
0.045946
0.011441
-0.648737
-0.004058
0.036848
-0.005282
0.066837
0.004605
0.993263
0.076996
-0.054949
-0.995516
5.134288
---
0.764708
0.046619
0.011223
-0.642590
-0.003975
0.034921
-0.005167
0.021934
0.135119
1.007967
0.077080
-0.056876
-0.995401
5.151317
---
0.769931
0.047648
0.012117
-0.636231
-0.002743
0.037751
-0.010791
-0.036804
0.230620
1.002088
0.079288
-0.057953
-0.995166
5.168960
---
0.774654
0.048244
0.013645
-0.630395
0.057552
0.043044
-0.059426
-0.136243
0.218878
0.916747
0.081966
-0.057542
-0.994973
5.185226
---
0.780166
0.048192
0.015466
-0.623521
0.050051
0.023193
-0.070072
-0.161629
0.117728
0.858682
0.084230
-0.055908
-0.994877
5.202289
---
0.784906
0.047526
0.016261
-0.617576
0.050048
0.024580
-0.070149
-0.148498
0.026031
0.899049
0.084228
-0.054521
-0.994954
5.219411
---
0.790425
0.047136
0.016575
-0.610517
-0.012923
0.008223
0.014759
-0.078507
0.064423
0.968015
0.083756
-0.054277
-0.995007
5.237270
---
0.795353
0.047293
0.017227
-0.604053
0.023017
0.014919
0.026551
-0.079365
0.108156
0.944639
0.084540
-0.054417
-0.994933
5.254113
---
0.799878
0.047205
0.018136
-0.598028
0.023949
0.015512
0.026599
-0.136794
0.099714
0.904234
0.085473
-0.053824
-0.994886
5.270229
---
0.804352
0.046361
0.018775
-0.592043
0.069475
0.019917
-0.039918
-0.168438
-0.001298
0.859073
0.085100
-0.052349
-0.994996
5.287347
---
0.808866
0.045681
0.019215
-0.585901
0.049456
0.011117
0.048857
-0.083552
0.033256
0.861113
0.084612
-0.051383
-0.995088
5.305297
---
0.813095
0.045662
0.019148
-0.580022
0.048953
0.010458
0.048849
-0.016030
0.000820
0.904767
0.084109
-0.052042
-0.995097
5.321413
---
0.817307
0.045777
0.018676
-0.574077
0.014728
-0.018229
0.083990
0.023876
-0.033347
0.924561
0.083087
-0.053386
-0.995111
5.338444
---
0.821457
0.045618
0.017825
-0.568164
0.069404
-0.003910
0.014563
-0.004693
-0.090492
0.871733
0.081123
-0.054691
-0.995203
5.355595
---
0.825403
0.045109
0.016902
-0.562484
0.066930
-0.004671
0.014407
-0.016418
-0.106455
0.842933
0.078649
-0.055452
-0.995359
5.371622
---
0.830186
0.044816
0.016184
-0.555446
0.059080
0.007045
0.009423
-0.034111
0.004544
0.874208
0.076658
-0.056431
-0.995459
5.389445
---
0.834135
0.044777
0.016521
-0.549491
0.025012
-0.013575
0.026040
-0.066159
0.089299
0.913161
0.076770
-0.056544
-0.995444
5.406475
---
0.838262
0.044798
0.016968
-0.543160
0.025355
-0.013703
0.026074
-0.059082
0.054940
0.928028
0.077112
-0.056672
-0.995411
5.423626
---
0.842149
0.045032
0.016996
-0.537092
0.026218
0.007838
-0.001226
-0.006385
0.019312
0.912637
0.076999
-0.057592
-0.995366
5.440204
---
0.846882
0.045082
0.016427
-0.529612
0.052137
0.024049
-0.013950
0.001611
-0.041063
0.873567
0.075575
-0.058959
-0.995396
5.458326
---
0.850474
0.045395
0.016127
-0.523806
0.051551
0.022687
-0.013913
0.045858
0.047928
0.851426
0.074989
-0.060321
-0.995358
5.474353
---
0.854208
0.046687
0.016025
-0.517583
0.064965
0.028625
0.041006
0.131492
0.115662
0.839048
0.075707
-0.063172
-0.995127
5.491503
---
0.857957
0.048644
0.016378
-0.511152
0.070018
0.028977
0.052144
0.102909
0.168144
0.772561
0.077831
-0.066726
-0.994731
5.509298
---
0.860493
0.049672
0.016695
-0.506760
0.064427
0.025185
-0.023805
0.080616
0.096387
0.768895
0.079075
-0.068565
-0.994508
5.525411
---
0.864265
0.050618
0.017031
-0.500193
0.065427
0.023292
-0.023592
0.028323
0.096504
0.758900
0.080076
-0.070458
-0.994296
5.543206
---
0.867457
0.051295
0.016774
-0.494576
0.048591
0.010606
-0.040073
0.068368
0.007158
0.749532
0.079841
-0.072401
-0.994175
5.559323
---
0.870651
0.051829
0.015879
-0.488905
0.053916
0.018049
-0.021467
0.079994
-0.031283
0.717781
0.078330
-0.074724
-0.994123
5.577298
---
0.873417
0.053072
0.014661
-0.483850
0.052554
0.014252
-0.021281
0.224838
-0.063737
0.731091
0.076968
-0.078521
-0.993937
5.593414
---
0.876369
0.053924
0.013121
-0.478432
0.004286
-0.007740
-0.000676
0.080467
-0.093095
0.772624
0.074599
-0.081959
-0.993840
5.610445
---
0.879303
0.054081
0.012681
-0.473013
0.045145
0.041890
-0.083673
0.026326
0.085976
0.755067
0.073466
-0.083110
-0.993829
5.627597
---
0.882077
0.055097
0.012989
-0.467691
0.046132
0.039950
-0.083435
0.080176
0.106564
0.702929
0.074453
-0.085050
-0.993591
5.643651
---
0.884413
0.055399
0.012915
-0.463225
0.052684
0.041904
-0.081419
-0.019966
-0.002897
0.616023
0.074169
-0.086026
-0.993528
5.660802
---
0.887075
0.055111
0.013432
-0.458127
0.052841
0.037580
-0.054112
-0.099922
0.115191
0.581438
0.074326
-0.085467
-0.993565
5.678290
---
0.889235
0.055097
0.014499
-0.453889
0.054317
0.038220
-0.054055
-0.044580
0.121769
0.600276
0.075801
-0.084827
-0.993508
5.695412
---
0.891945
0.055627
0.015074
-0.448456
0.013305
0.014873
-0.007029
0.020737
0.084477
0.595538
0.076782
-0.085713
-0.993357
5.713268
---
0.894014
0.055943
0.014998
-0.444280
0.028673
0.004119
-0.040166
0.017423
0.010779
0.569832
0.076525
-0.086701
-0.993291
5.729384
---
0.896007
0.055916
0.014425
-0.440268
0.027236
0.003319
-0.040206
-0.005992
-0.061691
0.569264
0.075088
-0.087501
-0.993331
5.746416
---
0.898145
0.055738
0.013957
-0.435930
-0.014224
0.006774
-0.049061
-0.019654
-0.018067
0.597153
0.073666
-0.087953
-0.993397
5.763566
---
0.900239
0.055763
0.014008
-0.431584
-0.012584
0.005441
-0.009990
-0.028145
0.061715
0.624919
0.073354
-0.088309
-0.993389
5.779592
---
0.902483
0.055897
0.014625
-0.426832
-0.011822
0.005343
-0.009925
-0.049918
0.111212
0.618526
0.074115
-0.088407
-0.993323
5.797019
---
0.904936
0.055736
0.015381
-0.421601
0.021125
0.007798
-0.033353
-0.083465
0.064277
0.576080
0.074836
-0.087905
-0.993314
5.814322
---
0.906855
0.055461
0.015828
-0.417478
0.026187
0.017119
-0.021667
-0.067277
0.062010
0.549640
0.075016
-0.087373
-0.993347
5.831444
---
0.909087
0.055267
0.016320
-0.412601
0.012778
0.009661
0.003712
-0.050980
0.047062
0.538985
0.075278
-0.087018
-0.993358
5.850305
---
0.910874
0.055136
0.016585
-0.408649
0.012776
0.009790
0.003700
-0.046208
0.068029
0.528836
0.075276
-0.086890
-0.993370
5.865412
---
0.912611
0.055140
0.017068
-0.404733
0.018171
0.016689
0.006664
-0.042997
0.088912
0.544411
0.075788
-0.086826
-0.993336
5.882442
---
0.914396
0.055223
0.017797
-0.400642
0.019179
0.016784
0.006733
-0.051550
0.131710
0.543001
0.076796
-0.086731
-0.993267
5.899600
---
0.916028
0.055423
0.018744
-0.396824
0.013875
0.018806
0.004893
-0.035388
0.149321
0.521345
0.078328
-0.086663
-0.993154
5.916289
---
0.917984
0.055800
0.019461
-0.392190
0.027740
0.018286
0.007961
0.004158
0.058413
0.472495
0.079498
-0.087183
-0.993015
5.933415
---
0.919380
0.055909
0.019315
-0.388899
0.027243
0.017688
0.007974
0.009104
-0.015831
0.416659
0.079001
-0.087781
-0.993002
5.951328
---
0.920720
0.055865
0.018823
-0.385747
0.027957
0.022002
-0.023323
0.003166
-0.065404
0.435496
0.077762
-0.088350
-0.993050
5.967445
---
0.922095
0.055744
0.018290
-0.382490
0.000201
0.009823
-0.008741
-0.005839
-0.018308
0.467847
0.076373
-0.088810
-0.993116
5.985359
---
0.923896
0.056083
0.018382
-0.378064
0.000200
0.008901
-0.008659
0.028617
0.069016
0.495954
0.076372
-0.089731
-0.993034
6.001476
---
0.925510
0.056568
0.018589
-0.374013
0.000552
0.013689
0.036388
0.022690
0.057059
0.488266
0.076724
-0.090803
-0.992909
6.019330
---
0.926714
0.056865
0.019003
-0.370953
0.024675
-0.001452
0.009143
-0.007109
0.129314
0.459802
0.077409
-0.091296
-0.992811
6.035355
---
0.928328
0.057316
0.019793
-0.366784
0.043638
0.002829
0.001494
0.000179
0.086473
0.437470
0.078794
-0.091897
-0.992646
6.053331
---
0.929580
0.057579
0.019591
-0.363568
0.043134
0.001925
0.001539
0.028529
-0.031191
0.423766
0.078291
-0.092802
-0.992602
6.070298
---
0.930814
0.057580
0.018909
-0.360433
0.027882
0.000188
-0.034646
-0.003098
-0.062147
0.412126
0.076710
-0.093562
-0.992654
6.086415
---
0.932006
0.057355
0.018426
-0.357402
0.029445
0.011730
-0.036687
-0.026829
-0.019708
0.410362
0.075343
-0.093739
-0.992742
6.103447
---
0.933214
0.057327
0.018460
-0.354237
0.029171
0.011550
-0.036691
-0.014150
0.045101
0.424603
0.075069
-0.093919
-0.992746
6.120593
---
0.934682
0.057491
0.018468
-0.350319
0.020116
0.015820
0.003386
-0.003261
0.005794
0.419397
0.074804
-0.094531
-0.992707
6.137293
---
0.935842
0.057493
0.018562
-0.347203
0.032673
0.013680
-0.019067
-0.031825
0.044823
0.394332
0.074665
-0.094719
-0.992700
6.154414
---
0.936884
0.057422
0.018996
-0.344369
0.033150
0.013886
-0.019051
-0.040976
0.061795
0.360343
0.075143
-0.094513
-0.992684
6.171446
---
0.938037
0.057466
0.019199
-0.341198
0.046913
0.013690
-0.022932
0.003700
0.022276
0.329836
0.075233
-0.094709
-0.992658
6.189362
---
0.938945
0.057566
0.019078
-0.338681
0.035757
0.007359
-0.008269
0.004252
-0.003768
0.319332
0.074819
-0.095180
-0.992644
6.206056
---
0.939718
0.057634
0.018683
-0.336540
0.034843
0.006794
-0.008283
0.022457
-0.041408
0.328425
0.073906
-0.095745
-0.992658
6.222174
---
0.940686
0.057684
0.018289
-0.333838
0.009444
-0.000612
-0.020020
-0.000466
-0.003047
0.335410
0.072920
-0.096315
-0.992676
6.240176
---
0.941591
0.057584
0.018201
-0.331298
0.024579
0.001276
-0.027862
-0.024880
0.003873
0.334511
0.072430
-0.096381
-0.992706
6.256293
---
0.942714
0.057445
0.018345
-0.328107
0.024433
0.001387
-0.027883
-0.029577
0.037645
0.329068
0.072285
-0.096269
-0.992727
6.273293
---
0.943549
0.057275
0.018578
-0.325713
0.025494
0.004604
-0.017163
-0.038882
0.020388
0.303794
0.072369
-0.095981
-0.992749
6.290412
---
0.944371
0.057070
0.018442
-0.323367
0.016078
0.007653
-0.031868
-0.027678
-0.030526
0.301782
0.071743
-0.095862
-0.992806
6.307448
---
0.945171
0.056748
0.018178
-0.321093
0.015144
0.007918
-0.031961
-0.044348
-0.027530
0.290588
0.070808
-0.095598
-0.992899
6.324599
---
0.946064
0.056291
0.018014
-0.318543
0.024050
0.000669
-0.024264
-0.045046
-0.005994
0.299468
0.069948
-0.095034
-0.993014
6.341203
---
0.946864
0.056031
0.018285
-0.316188
0.008536
0.005065
-0.005748
-0.046983
0.039104
0.304500
0.070060
-0.094544
-0.993052
6.358325
---
0.947634
0.055927
0.018454
-0.313882
0.008561
0.005198
-0.005759
-0.027619
0.015171
0.303597
0.070084
-0.094411
-0.993063
6.375355
---
0.948517
0.055719
0.018262
-0.311251
0.008783
0.000393
-0.006796
-0.028408
-0.017283
0.303075
0.069330
-0.094334
-0.993124
6.392506
---
0.949312
0.055397
0.018350
-0.308871
0.015352
0.000884
-0.021509
-0.059052
0.028482
0.266462
0.069062
-0.093843
-0.993189
6.410300
---
0.949980
0.055164
0.018613
-0.306838
0.015506
0.001340
-0.021541
-0.040828
0.035520
0.259604
0.069217
-0.093386
-0.993221
6.426417
---
0.950649
0.055030
0.018596
-0.304782
0.013236
0.004363
-0.013760
-0.016020
-0.016779
0.268480
0.068900
-0.093294
-0.993252
6.443477
---
0.951439
0.054901
0.018205
-0.302354
-0.010283
-0.003617
-0.019676
-0.009915
-0.036857
0.286906
0.067842
-0.093461
-0.993309
6.460600
---
0.952234
0.054811
0.018304
-0.299852
-0.005512
-0.004540
-0.006017
-0.037187
0.057494
0.305480
0.067730
-0.093407
-0.993322
6.477326
---
0.952979
0.054687
0.018796
-0.297467
-0.004882
-0.004182
-0.006007
-0.043085
0.072897
0.306092
0.068360
-0.093049
-0.993312
6.494445
---
0.953698
0.054496
0.019098
-0.295171
-0.005621
-0.006733
-0.019698
-0.041398
0.007319
0.309042
0.068598
-0.092671
-0.993331
6.511509
---
0.954525
0.054134
0.018844
-0.292570
-0.012428
-0.014193
-0.024679
-0.047068
-0.037426
0.316653
0.067650
-0.092318
-0.993429
6.528659
---
0.955273
0.053665
0.018742
-0.290212
-0.013120
-0.013526
-0.024788
-0.076186
0.001343
0.327854
0.066958
-0.091651
-0.993538
6.544927
---
0.956118
0.053143
0.018975
-0.287496
0.002390
-0.005751
-0.011210
-0.072391
0.035307
0.314258
0.066843
-0.090711
-0.993632
6.562050
---
0.957011
0.052787
0.019203
-0.284562
0.007228
-0.004168
0.001428
-0.041357
0.017988
0.315072
0.066798
-0.090105
-0.993690
6.579354
---
0.957613
0.052675
0.019052
-0.282558
0.006687
-0.004181
0.001392
-0.010114
-0.031923
0.301782
0.066257
-0.090118
-0.993725
6.596475
---
0.958418
0.052754
0.018620
-0.279830
0.005646
0.004028
-0.002530
0.012090
-0.015122
0.291180
0.065217
-0.090699
-0.993741
6.614300
---
0.959126
0.052745
0.018569
-0.277399
-0.013240
-0.010799
0.004301
-0.014651
0.036564
0.324480
0.064885
-0.090877
-0.993746
6.630416
---
0.959907
0.052608
0.018994
-0.274682
-0.012759
-0.010486
0.004304
-0.042077
0.080665
0.347493
0.065366
-0.090564
-0.993743
6.647448
---
0.960541
0.052504
0.019473
-0.272442
0.000588
0.002519
-0.000564
-0.045338
0.079783
0.319196
0.066018
-0.090255
-0.993728
6.664598
---
0.961406
0.052307
0.019634
-0.269401
0.029804
0.018402
-0.022077
-0.025254
-0.016640
0.270855
0.065936
-0.089997
-0.993757
6.681264
---
0.961992
0.052058
0.019400
-0.267367
0.029029
0.018613
-0.022148
-0.029681
-0.033666
0.257360
0.065162
-0.089785
-0.993827
6.698385
---
0.962552
0.051830
0.019235
-0.265399
0.032313
0.013946
-0.008536
-0.027789
-0.003466
0.262746
0.064540
-0.089570
-0.993887
6.716298
---
0.963264
0.051622
0.019248
-0.262844
0.021252
0.010276
0.016813
-0.026741
0.009270
0.266934
0.064221
-0.089333
-0.993929
6.733302
---
0.963812
0.051523
0.019213
-0.260851
0.020947
0.010317
0.016790
-0.016941
-0.007463
0.254490
0.063916
-0.089292
-0.993953
6.750270
---
0.964301
0.051463
0.018983
-0.259066
0.032026
0.017030
0.003088
-0.000911
-0.021431
0.204022
0.063276
-0.089415
-0.993982
6.767149
---
0.964695
0.051542
0.018694
-0.257601
0.045045
0.023467
0.006989
0.026560
-0.018876
0.177879
0.062623
-0.089814
-0.993988
6.783170
---
0.965047
0.051796
0.018432
-0.256245
0.044542
0.022757
0.007022
0.033513
-0.002609
0.171767
0.062121
-0.090524
-0.993955
6.800691
---
0.965417
0.052134
0.018390
-0.254783
0.018128
0.010271
0.015878
0.037337
0.019005
0.189950
0.062073
-0.091291
-0.993888
6.816809
---
0.965949
0.052404
0.018629
-0.252683
-0.009791
-0.008815
0.000327
-0.005921
0.043243
0.226106
0.062475
-0.091823
-0.993814
6.834294
---
0.966410
0.052406
0.019035
-0.250883
0.003518
-0.006779
-0.031869
-0.040817
0.069396
0.221097
0.063088
-0.091740
-0.993783
6.852304
---
0.966849
0.052201
0.019512
-0.249192
0.004176
-0.006256
-0.031875
-0.046024
0.043782
0.201218
0.063747
-0.091217
-0.993789
6.868722
---
0.967276
0.052003
0.019672
-0.247559
0.004231
-0.004925
-0.024091
-0.031433
0.006041
0.220528
0.063802
-0.090863
-0.993818
6.885262
---
0.967867
0.051732
0.019822
-0.245283
0.004177
-0.004478
-0.024135
-0.048174
0.034773
0.231776
0.063748
-0.090416
-0.993862
6.902387
---
0.968329
0.051461
0.020184
-0.243480
-0.007140
-0.012685
-0.005607
-0.052111
0.047633
0.230345
0.064149
-0.089834
-0.993889
6.919509
---
0.968851
0.051156
0.020560
-0.241431
0.013759
-0.006190
-0.012475
-0.042041
0.032660
0.192261
0.064540
-0.089198
-0.993921
6.937303
---
0.969249
0.050984
0.020724
-0.239849
0.006036
-0.001978
-0.008591
-0.028523
0.022237
0.201291
0.064630
-0.088892
-0.993942
6.953327
---
0.969649
0.050856
0.020873
-0.238239
0.006116
-0.001764
-0.008605
-0.027495
0.031848
0.211828
0.064710
-0.088678
-0.993956
6.970448
---
0.970052
0.050759
0.021254
-0.236583
0.011542
-0.006389
0.003127
-0.027024
0.065424
0.200324
0.065252
-0.088421
-0.993944
6.988269
---
0.970481
0.050772
0.021781
-0.234764
0.015334
0.004453
-0.013427
-0.009348
0.052036
0.196140
0.066115
-0.088321
-0.993896
7.005303
---
0.970804
0.050808
0.022021
-0.233393
0.015692
0.004404
-0.013399
-0.009507
0.019153
0.162274
0.066474
-0.088369
-0.993867
7.021419
---
0.971110
0.050729
0.022120
-0.232125
0.020614
0.006468
-0.022195
-0.027853
-0.000320
0.162672
0.066513
-0.088259
-0.993874
7.038450
---
0.971484
0.050530
0.022225
-0.230591
-0.004803
-0.002966
-0.022226
-0.022753
0.032443
0.184561
0.066486
-0.087927
-0.993906
7.055603
---
0.971777
0.050496
0.022477
-0.229334
-0.004444
-0.002872
-0.022210
-0.020543
0.045969
0.182710
0.066845
-0.087833
-0.993890
7.071656
---
0.972180
0.050424
0.022766
-0.227606
-0.009927
0.000212
-0.012433
-0.027869
0.028462
0.194225
0.067221
-0.087678
-0.993878
7.088807
---
0.972561
0.050140
0.023044
-0.226007
0.006940
0.003707
-0.027113
-0.050985
0.016805
0.167176
0.067487
-0.087113
-0.993910
7.105930
---
0.972893
0.049967
0.023194
-0.224598
0.007028
0.004014
-0.027134
-0.021717
0.022492
0.164594
0.067575
-0.086806
-0.993931
7.123054
---
0.973171
0.049948
0.023307
-0.223386
0.008109
0.002065
-0.000760
-0.004406
0.018533
0.184872
0.067679
-0.086802
-0.993924
7.140201
---
0.973606
0.049890
0.023571
-0.221464
-0.013059
-0.015417
0.001206
-0.029741
0.032125
0.209126
0.067995
-0.086706
-0.993911
7.157330
---
0.973972
0.049837
0.023853
-0.219830
-0.012679
-0.015303
0.001222
-0.020124
0.033308
0.210791
0.068376
-0.086592
-0.993895
7.174360
---
0.974387
0.049780
0.024031
-0.217978
-0.003734
-0.005479
-0.006584
-0.027331
0.026837
0.203698
0.068532
-0.086533
-0.993889
7.191510
---
0.974785
0.049549
0.024280
-0.216216
0.004309
-0.006021
-0.022231
-0.045726
0.034168
0.192011
0.068762
-0.086099
-0.993911
7.209273
---
0.975120
0.049293
0.024591
-0.214725
0.004674
-0.005495
-0.022251
-0.044664
0.030824
0.180531
0.069127
-0.085573
-0.993931
7.225389
---
0.975467
0.049060
0.024719
-0.213179
0.006643
-0.001189
-0.012519
-0.034073
0.006073
0.191493
0.069143
-0.085173
-0.993964
7.243180
---
0.975805
0.048890
0.024712
-0.211667
-0.004316
0.000985
-0.006693
-0.031052
0.003382
0.213092
0.068926
-0.084953
-0.993998
7.259296
---
0.976171
0.048790
0.024700
-0.210001
0.008169
-0.000896
0.013794
-0.017690
0.012266
0.207744
0.068716
-0.084881
-0.994019
7.276723
---
0.976485
0.048825
0.024931
-0.208498
0.008502
-0.000974
0.013823
0.000631
0.044987
0.166606
0.069049
-0.084958
-0.993989
7.292836
---
0.976789
0.049169
0.024968
-0.206982
0.017374
0.012914
0.014871
0.041373
-0.010349
0.157543
0.069132
-0.085719
-0.993918
7.310295
---
0.977074
0.049478
0.024536
-0.205611
-0.003972
-0.006521
-0.003665
0.042733
-0.033530
0.182756
0.068293
-0.086599
-0.993900
7.327420
---
0.977418
0.049842
0.024387
-0.203901
-0.004268
-0.007409
-0.003608
0.016339
0.023726
0.192289
0.067998
-0.087488
-0.993842
7.345273
---
0.977719
0.049954
0.024573
-0.202402
-0.002040
-0.008634
0.009128
-0.008410
0.044030
0.186879
0.068273
-0.087735
-0.993801
7.361389
---
0.978013
0.050027
0.024782
-0.200932
0.001195
0.005855
-0.025016
0.006897
0.031178
0.184377
0.068578
-0.087895
-0.993766
7.378814
---
0.978297
0.050142
0.024867
-0.199504
0.001280
0.005565
-0.024985
0.009178
0.023302
0.187216
0.068663
-0.088185
-0.993735
7.394929
---
0.978573
0.050330
0.024969
-0.198088
-0.010294
0.001232
-0.007359
0.013957
0.025076
0.199243
0.068807
-0.088612
-0.993687
7.411962
---
0.978882
0.050560
0.024991
-0.196494
0.005319
0.014351
-0.004380
0.027464
0.015908
0.193010
0.068796
-0.089164
-0.993638
7.429112
---
0.979205
0.050840
0.025024
-0.194797
0.005337
0.013700
-0.004321
0.023572
0.006220
0.165633
0.068813
-0.089816
-0.993578
7.446295
---
0.979430
0.051015
0.024947
-0.193627
0.021749
0.014222
-0.016011
0.018155
0.004975
0.129339
0.068624
-0.090270
-0.993550
7.463418
---
0.979638
0.051313
0.024928
-0.192495
0.015862
0.011601
-0.004233
0.028106
0.014245
0.109532
0.068596
-0.090939
-0.993491
7.481304
---
0.979808
0.051427
0.024951
-0.191595
0.015867
0.011324
-0.004208
-0.006047
0.026774
0.128017
0.068601
-0.091216
-0.993465
7.497419
---
0.980009
0.051366
0.025167
-0.190552
0.000545
-0.002220
-0.022753
-0.021713
0.039702
0.142559
0.068904
-0.091087
-0.993456
7.515300
---
0.980251
0.051158
0.025548
-0.189310
-0.017457
-0.020311
-0.014945
-0.040527
0.053827
0.158865
0.069457
-0.090623
-0.993460
7.531365
---
0.980569
0.051059
0.026146
-0.187603
-0.006715
-0.013177
-0.009044
-0.010150
0.047050
0.168377
0.070433
-0.090325
-0.993419
7.550279
---
0.980811
0.051186
0.026211
-0.186288
-0.006661
-0.013494
-0.009011
0.015226
-0.007043
0.159960
0.070487
-0.090642
-0.993386
7.565386
---
0.981043
0.051299
0.025932
-0.185069
-0.000445
-0.004140
-0.026595
0.012140
-0.026303
0.160805
0.069868
-0.091054
-0.993392
7.582416
---
0.981290
0.051334
0.025785
-0.183769
-0.000840
-0.004357
-0.026603
-0.000517
-0.004596
0.165302
0.069472
-0.091271
-0.993400
7.599452
---
0.981530
0.051394
0.025849
-0.182453
0.004066
0.003270
-0.018772
-0.002107
0.026119
0.168843
0.069496
-0.091457
-0.993381
7.617303
---
0.981819
0.051350
0.026238
-0.180850
0.010525
0.007291
-0.017764
-0.033058
0.055345
0.148148
0.070095
-0.091342
-0.993350
7.634303
---
0.982028
0.051199
0.026494
-0.179717
0.011845
0.005646
-0.032416
-0.024612
0.024415
0.142003
0.070439
-0.091034
-0.993353
7.651306
---
0.982237
0.051161
0.026451
-0.178586
0.011643
0.005623
-0.032428
0.002599
-0.005097
0.125559
0.070237
-0.091057
-0.993366
7.668212
---
0.982407
0.051256
0.026258
-0.177649
-0.003439
-0.000558
-0.008992
0.014008
-0.023088
0.127064
0.069803
-0.091378
-0.993367
7.685182
---
0.982656
0.051165
0.026179
-0.176304
-0.001798
-0.008317
-0.016831
-0.034876
0.013815
0.134546
0.069491
-0.091325
-0.993394
7.701298
---
0.982799
0.050950
0.026371
-0.175539
-0.001566
-0.007881
-0.016855
-0.049865
0.042624
0.125472
0.069723
-0.090889
-0.993417
7.718326
---
0.983060
0.050610
0.026758
-0.174115
-0.019610
-0.012063
-0.000281
-0.038519
0.031480
0.154301
0.070234
-0.090188
-0.993445
7.735389
---
0.983328
0.050593
0.026930
-0.172572
-0.011607
-0.011103
0.009499
0.008036
0.027429
0.158024
0.070425
-0.090204
-0.993430
7.753305
---
0.983534
0.050762
0.026904
-0.171349
-0.011714
-0.011532
0.009531
0.029729
-0.003388
0.155326
0.070318
-0.090633
-0.993399
7.770303
---
0.983750
0.051072
0.026636
-0.170051
-0.012256
-0.001581
-0.003130
0.036799
-0.025100
0.158375
0.069775
-0.091425
-0.993364
7.786421
---
0.983934
0.051166
0.026408
-0.168995
0.007737
0.004918
-0.021690
-0.005959
-0.025745
0.150166
0.069261
-0.091761
-0.993369
7.803452
---
0.984131
0.051013
0.026311
-0.167903
0.007395
0.005108
-0.021731
-0.031194
0.007432
0.121392
0.068919
-0.091571
-0.993411
7.820602
---
0.984345
0.050890
0.026319
-0.166682
0.009209
0.009174
-0.005154
-0.003571
0.001524
0.126033
0.068780
-0.091412
-0.993435
7.837297
---
0.984496
0.050992
0.026200
-0.165774
0.002089
0.000081
0.011456
0.018881
-0.006348
0.111334
0.068495
-0.091716
-0.993427
7.854328
---
0.984650
0.051115
0.026072
-0.164841
0.001788
-0.000268
0.011468
0.007675
-0.008965
0.121320
0.068195
-0.092065
-0.993415
7.871360
---
0.984824
0.051249
0.026215
-0.163729
-0.003850
-0.008374
-0.008998
0.017355
0.032724
0.117147
0.068416
-0.092358
-0.993373
7.888513
---
0.984979
0.051567
0.026225
-0.162696
0.000082
-0.001255
0.005717
0.043566
-0.003651
0.114261
0.068442
-0.093052
-0.993306
7.906273
---
0.985105
0.051981
0.025891
-0.161854
-0.000521
-0.002235
0.005768
0.041720
-0.046074
0.103953
0.067839
-0.094032
-0.993255
7.922391
---
0.985263
0.052026
0.025512
-0.160932
0.004518
-0.014228
-0.008910
-0.008850
-0.020789
0.124175
0.067018
-0.094306
-0.993285
7.940183
---
0.985442
0.051852
0.025524
-0.159887
-0.001473
-0.005165
-0.013828
-0.028340
0.026679
0.140701
0.066887
-0.094032
-0.993320
7.956298
---
0.985650
0.051970
0.025767
-0.158520
-0.001089
-0.005412
-0.013778
0.029722
0.012326
0.132004
0.067270
-0.094279
-0.993270
7.974304
---
0.985804
0.052510
0.025477
-0.157429
-0.006479
-0.006640
0.021461
0.071049
-0.031406
0.137981
0.066764
-0.095507
-0.993187
7.990417
---
0.985954
0.052889
0.025101
-0.156421
0.007450
-0.007574
-0.002911
0.030352
-0.023954
0.118791
0.066043
-0.096441
-0.993145
8.007451
---
0.986093
0.052912
0.025107
-0.155535
0.007382
-0.007676
-0.002905
-0.017400
0.017005
0.111046
0.065975
-0.096543
-0.993140
8.024603
---
0.986221
0.052920
0.025206
-0.154702
0.016287
-0.005763
-0.015589
0.001298
0.011450
0.099331
0.066092
-0.096583
-0.993128
8.041176
---
0.986369
0.053384
0.025028
-0.153620
-0.002583
-0.004850
0.022578
0.072188
-0.017298
0.105975
0.065777
-0.097623
-0.993047
8.058300
---
0.986476
0.053972
0.024781
-0.152766
0.004834
-0.002235
0.006078
0.064507
-0.010406
0.106901
0.065381
-0.098914
-0.992946
8.076153
---
0.986574
0.054261
0.024833
-0.152026
0.004951
-0.002835
0.006145
0.008941
0.042514
0.081143
0.065498
-0.099514
-0.992878
8.092270
---
0.986671
0.054322
0.025004
-0.151339
0.013050
-0.000994
-0.025075
-0.005453
0.000670
0.079398
0.065784
-0.099626
-0.992848
8.110275
---
0.986738
0.054385
0.024912
-0.150898
-0.006688
0.004682
-0.003585
0.023512
-0.008371
0.076553
0.065577
-0.099810
-0.992843
8.126388
---
0.986836
0.054745
0.024995
-0.150107
-0.006500
0.003947
-0.003499
0.030127
0.036324
0.088527
0.065766
-0.100545
-0.992757
8.143424
---
0.986914
0.055064
0.025279
-0.149431
0.003853
0.010197
0.001483
0.028986
0.056702
0.075925
0.066353
-0.101131
-0.992658
8.160574
---
0.986950
0.055391
0.025505
-0.149036
0.020956
0.017407
-0.016977
0.049913
0.006867
0.040219
0.066854
-0.101733
-0.992563
8.177055
---
0.986976
0.056021
0.025149
-0.148687
0.020403
0.016037
-0.016873
0.066575
-0.030918
0.037247
0.066302
-0.103104
-0.992458
8.194178
---
0.986979
0.056435
0.024792
-0.148573
0.014927
0.007295
-0.019745
0.053026
-0.037302
0.020875
0.065708
-0.104033
-0.992401
8.211240
---
0.986986
0.056837
0.024615
-0.148399
0.001005
0.011323
-0.021624
0.043658
0.001168
0.032484
0.065459
-0.104888
-0.992327
8.228390
---
0.987031
0.057224
0.024652
-0.147947
0.001144
0.010543
-0.021532
0.023264
0.024363
0.055686
0.065597
-0.105668
-0.992236
8.246275
---
0.987081
0.057415
0.024692
-0.147532
-0.002672
-0.005476
-0.023438
0.013168
-0.000744
0.046478
0.065687
-0.106062
-0.992188
8.262390
---
0.987149
0.057449
0.024632
-0.147073
0.004983
-0.005591
-0.038084
0.004705
-0.009238
0.055534
0.065530
-0.106177
-0.992186
8.279423
---
0.987212
0.057413
0.024561
-0.146675
0.004789
-0.005567
-0.038099
-0.001343
-0.009111
0.034127
0.065336
-0.106153
-0.992201
8.296574
---
0.987244
0.057651
0.024277
-0.146412
0.020870
0.013394
-0.010729
0.039985
-0.031150
0.033890
0.064815
-0.106723
-0.992174
8.313270
---
0.987282
0.057796
0.023931
-0.146157
0.010438
0.001273
-0.015611
0.013451
-0.036831
0.034602
0.064149
-0.107125
-0.992174
8.330391
---
0.987315
0.057763
0.023819
-0.145964
0.010186
0.001291
-0.015630
-0.001906
-0.008927
0.017078
0.063897
-0.107107
-0.992192
8.347454
---
0.987329
0.057670
0.023933
-0.145888
0.029907
0.012245
-0.021500
-0.013917
0.020341
0.004667
0.064087
-0.106895
-0.992203
8.364604
---
0.987317
0.057657
0.023867
-0.145985
0.021970
0.012258
-0.016626
0.015763
-0.024345
-0.006760
0.063962
-0.106883
-0.992212
8.381299
---
0.987289
0.057864
0.023554
-0.146145
0.021430
0.011767
-0.016608
0.026459
-0.036393
-0.004470
0.063423
-0.107373
-0.992194
8.398363
---
0.987293
0.057955
0.023223
-0.146131
-0.001659
-0.009993
-0.016618
0.004108
-0.037141
0.015408
0.062794
-0.107649
-0.992204
8.416303
---
0.987339
0.057747
0.022949
-0.145945
-0.009116
-0.005771
-0.025480
-0.032206
-0.027771
0.016260
0.062173
-0.107333
-0.992277
8.432421
---
0.987358
0.057427
0.023152
-0.145911
-0.008811
-0.005083
-0.025535
-0.037502
0.033958
-0.018042
0.062478
-0.106645
-0.992332
8.450306
---
0.987346
0.057276
0.023483
-0.145999
0.023056
0.002152
0.000828
-0.012519
0.038426
-0.012340
0.063096
-0.106247
-0.992336
8.466422
---
0.987318
0.057364
0.023632
-0.146133
0.015579
-0.002850
0.008675
0.025566
-0.001213
-0.028675
0.063430
-0.106366
-0.992302
8.484093
---
0.987265
0.057716
0.023432
-0.146382
0.015313
-0.003586
0.008737
0.050236
-0.033512
-0.023759
0.063165
-0.107102
-0.992240
8.500208
---
0.987244
0.058039
0.022947
-0.146475
0.001765
-0.009243
-0.015647
0.046768
-0.071898
0.001862
0.062312
-0.107876
-0.992210
8.517329
---
0.987270
0.058031
0.022434
-0.146379
-0.017815
-0.008408
-0.032297
-0.020595
-0.026729
0.012925
0.061287
-0.108018
-0.992258
8.534729
---
0.987302
0.057815
0.022450
-0.146248
-0.017862
-0.007987
-0.032346
-0.029724
0.002606
0.010970
0.061240
-0.107596
-0.992307
8.551299
---
0.987326
0.057366
0.022410
-0.146270
0.003417
0.000700
-0.031476
-0.052985
-0.013301
-0.007271
0.061034
-0.106722
-0.992414
8.569277
---
0.987323
0.057038
0.022263
-0.146436
0.011837
0.009125
-0.029612
-0.040137
-0.034799
-0.028677
0.060665
-0.106109
-0.992502
8.585481
---
0.987309
0.056996
0.021798
-0.146618
-0.010557
0.001268
0.000611
0.025738
-0.057228
-0.001464
0.059756
-0.106154
-0.992553
8.603001
---
0.987296
0.057153
0.021309
-0.146718
-0.011464
0.000822
0.000605
0.024189
-0.048100
-0.010158
0.058848
-0.106600
-0.992559
8.619118
---
0.987294
0.056931
0.021146
-0.146841
-0.006956
0.002192
-0.018014
-0.052311
-0.005793
-0.020766
0.058474
-0.106206
-0.992623
8.636149
---
0.987267
0.056133
0.021321
-0.147301
0.003948
0.016538
-0.040641
-0.089434
0.001099
-0.063792
0.058636
-0.104556
-0.992789
8.653333
---
0.987232
0.055626
0.021243
-0.147739
0.003693
0.017540
-0.040761
-0.032936
-0.035102
-0.043578
0.058381
-0.103554
-0.992909
8.670392
---
0.987231
0.055339
0.021082
-0.147881
-0.041615
-0.007327
0.014826
-0.025665
-0.014332
0.003327
0.057995
-0.103030
-0.992986
8.687912