---
0.993549
0.014420
-0.003819
-0.112419
0.002484
0.000757
-0.020063
-0.041458
-0.002896
-0.013037
-0.004352
-0.029516
-0.999555
0.000000
---
0.995169
0.013734
-0.003271
-0.097159
0.004938
0.000349
-0.012297
0.027861
0.031847
0.546510
-0.003851
-0.027971
-0.999601
0.101724
---
0.995635
0.013935
-0.003095
-0.092233
-0.003602
0.002930
-0.019124
0.023561
0.031249
0.628447
-0.003602
-0.028320
-0.999592
0.118846
---
0.996125
0.014087
-0.003091
-0.086762
0.004101
0.000695
-0.015209
0.018711
0.014700
0.632412
-0.003712
-0.028602
-0.999584
0.135968
---
0.996519
0.014155
-0.003179
-0.082092
0.004783
-0.001391
-0.015204
-0.002892
-0.009077
0.574351
-0.004007
-0.028735
-0.999579
0.153093
---
0.996851
0.014079
-0.003343
-0.077965
0.004322
-0.001246
-0.015206
-0.021066
0.004370
0.273830
-0.004467
-0.028590
-0.999581
0.170212
---
0.997033
0.013944
-0.003309
-0.075628
-0.002543
-0.002919
-0.012284
-0.016664
0.005979
0.389735
-0.004496
-0.028310
-0.999589
0.187337
---
0.997246
0.013894
-0.003262
-0.072777
-0.000579
0.000134
-0.017171
-0.002546
0.011395
0.335964
-0.004485
-0.028186
-0.999593
0.204458
---
0.997711
0.013935
-0.003155
-0.066101
-0.000542
0.000097
-0.017170
0.018497
0.037384
0.599222
-0.004448
-0.028224
-0.999592
0.221580
---
0.998327
0.014212
-0.002894
-0.055968
-0.000280
0.000598
-0.015204
0.021121
0.015906
0.605439
-0.004186
-0.028699
-0.999579
0.254815
---
0.998658
0.014093
-0.002751
-0.049755
0.000780
-0.004007
-0.016189
-0.014142
0.008812
0.142776
-0.004103
-0.028421
-0.999588
0.289060
---
0.998728
0.013913
-0.002738
-0.048383
0.000753
-0.001686
-0.015223
-0.022046
0.008696
0.125346
-0.004130
-0.028053
-0.999598
0.306183
---
0.998604
0.013814
-0.002821
-0.050905
0.000657
-0.001510
-0.015227
-0.008693
-0.003117
-0.359071
-0.004226
-0.027878
-0.999602
0.323305
---
0.998440
0.013816
-0.002768
-0.054035
-0.003053
0.000432
-0.019134
-0.000110
0.007012
-0.377000
-0.004029
-0.027888
-0.999603
0.340425
---
0.998243
0.013885
-0.002686
-0.057538
-0.002797
0.000290
-0.018155
0.001226
0.006023
-0.197987
-0.003773
-0.028031
-0.999600
0.357549
---
0.998171
0.014078
-0.002511
-0.058736
0.000549
-0.003984
-0.015216
-0.017486
0.012215
0.072257
-0.003357
-0.028398
-0.999591
0.407906
---
0.998126
0.014002
-0.002531
-0.059518
0.000519
-0.003838
-0.015220
-0.010294
-0.006868
-0.101584
-0.003388
-0.028252
-0.999595
0.425032
---
0.998059
0.013902
-0.002493
-0.060660
-0.001346
-0.001685
-0.012296
-0.013027
0.001281
-0.184494
-0.003300
-0.028052
-0.999601
0.442152
---
0.997971
0.013718
-0.002569
-0.062129
0.003406
-0.003285
-0.009376
-0.019599
-0.013576
-0.218782
-0.003430
-0.027699
-0.999610
0.459275
---
0.997845
0.013670
-0.002691
-0.064121
0.000284
0.002648
-0.018167
0.002992
-0.014135
-0.176340
-0.003622
-0.027625
-0.999612
0.477769
---
0.997721
0.013700
-0.002746
-0.066012
0.000234
0.002571
-0.018164
0.007786
-0.008985
-0.330859
-0.003672
-0.027703
-0.999609
0.492880
---
0.997438
0.013464
-0.002444
-0.070208
-0.011781
-0.006695
-0.018180
-0.022661
0.024144
-0.311320
-0.002992
-0.027203
-0.999626
0.510000
---
0.997304
0.013339
-0.002329
-0.072116
0.003135
0.001379
-0.008422
-0.011227
-0.000441
-0.173425
-0.002724
-0.026941
-0.999633
0.527122
---
0.997228
0.013298
-0.002293
-0.073174
0.003229
0.001462
-0.008425
-0.005159
-0.006633
-0.116551
-0.002630
-0.026858
-0.999636
0.544243
---
0.997141
0.013260
-0.002228
-0.074363
-0.002473
-0.001387
-0.018193
-0.001157
0.005029
-0.121791
-0.002473
-0.026777
-0.999638
0.561367
---
0.997089
0.013427
-0.002146
-0.075018
-0.003247
0.004151
-0.013302
0.018982
0.019608
-0.075697
-0.002270
-0.027099
-0.999630
0.578488
---
0.996962
0.013561
-0.002090
-0.076666
-0.003069
0.003888
-0.013295
0.007197
-0.007584
-0.153831
-0.002092
-0.027362
-0.999623
0.595613
---
0.996870
0.013587
-0.002128
-0.077854
0.003722
-0.001052
-0.021106
0.002797
-0.005725
-0.136548
-0.002138
-0.027420
-0.999622
0.611725
---
0.996734
0.013663
-0.002121
-0.079559
0.003789
-0.001210
-0.021102
0.011028
0.006353
-0.218072
-0.002070
-0.027577
-0.999618
0.628849
---
0.996581
0.013780
-0.002125
-0.081438
-0.002966
0.001483
-0.012306
0.020976
-0.008876
-0.133440
-0.001990
-0.027814
-0.999611
0.645972
---
0.996511
0.013949
-0.002184
-0.082253
0.002818
0.003089
-0.014250
0.022680
-0.013140
-0.072628
-0.002065
-0.028161
-0.999601
0.663096
---
0.996473
0.014098
-0.002277
-0.082692
0.002678
0.001801
-0.010334
0.021854
-0.009834
-0.048269
-0.002205
-0.028473
-0.999592
0.680215
---
0.996637
0.014217
-0.002354
-0.080666
0.002471
0.001556
-0.010327
0.002505
-0.000145
0.211717
-0.002412
-0.028717
-0.999585
0.697733
---
0.996809
0.014224
-0.002454
-0.078506
0.004162
-0.001400
-0.014232
0.004038
-0.010377
0.281348
-0.002674
-0.028744
-0.999583
0.713847
---
0.996975
0.014251
-0.002546
-0.076366
0.001981
-0.000485
-0.013253
0.000591
-0.003466
0.252114
-0.002902
-0.028805
-0.999581
0.730970
---
0.997112
0.014208
-0.002590
-0.074557
0.001840
-0.000401
-0.013255
-0.014955
-0.000315
0.208905
-0.003043
-0.028722
-0.999583
0.748094
---
0.997225
0.014126
-0.002601
-0.073042
0.000772
-0.003165
-0.016189
-0.007119
0.000372
0.168841
-0.003134
-0.028556
-0.999587
0.765216
---
0.997316
0.013915
-0.002618
-0.071834
-0.000285
-0.004694
-0.018154
-0.028669
0.000976
0.041131
-0.003215
-0.028132
-0.999599
0.782333
---
0.997350
0.013797
-0.002663
-0.071382
-0.000414
-0.004463
-0.018160
-0.015548
-0.006385
0.071694
-0.003343
-0.027901
-0.999605
0.799458
---
0.997402
0.013718
-0.002765
-0.070661
0.003253
-0.000413
-0.011327
0.001176
-0.011982
0.087381
-0.003583
-0.027757
-0.999608
0.816580
---
0.997446
0.013744
-0.002800
-0.070028
0.000244
0.001487
-0.014255
0.009070
-0.001367
0.084200
-0.003663
-0.027810
-0.999607
0.832695
---
0.997567
0.013845
-0.002850
-0.068263
0.000112
0.001287
-0.014249
0.015859
-0.004110
0.172800
-0.003795
-0.028010
-0.999600
0.849815
---
0.997639
0.013991
-0.002842
-0.067174
0.001083
0.002951
-0.011311
0.014352
-0.002975
0.121001
-0.003800
-0.028299
-0.999592
0.866938
---
0.997696
0.014168
-0.002868
-0.066287
-0.000918
0.003578
-0.018137
0.022201
0.001541
0.104406
-0.003847
-0.028648
-0.999582
0.884066
---
0.997739
0.014223
-0.002808
-0.065633
-0.000821
0.003476
-0.018134
-0.005281
0.011484
0.056201
-0.003751
-0.028750
-0.999580
0.901183
---
0.997800
0.014104
-0.002743
-0.064712
-0.003648
-0.005064
-0.013259
-0.039299
-0.001445
0.101484
-0.003648
-0.028502
-0.999587
0.918302
---
0.997862
0.013811
-0.002713
-0.063826
0.000245
-0.008377
-0.011323
-0.033325
-0.002672
0.116529
-0.003662
-0.027909
-0.999604
0.935429
---
0.997902
0.013714
-0.002686
-0.063210
-0.003636
0.005492
-0.017188
0.009550
0.020084
0.055306
-0.003636
-0.027711
-0.999609
0.952853
---
0.997958
0.013784
-0.002569
-0.062310
-0.003408
0.005370
-0.017185
0.003634
0.019295
0.121922
-0.003408
-0.027833
-0.999607
0.968970
---
0.998066
0.013774
-0.002505
-0.060567
0.000571
-0.002408
-0.017186
-0.002196
0.015250
0.226809
-0.003335
-0.027799
-0.999608
0.986093
---
0.998146
0.013780
-0.002351
-0.059238
-0.007938
0.000531
-0.013281
0.002557
0.028651
0.141410
-0.003055
-0.027790
-0.999609
1.003214
---
0.998111
0.013579
-0.002332
-0.059875
-0.000102
-0.003949
-0.014269
-0.007574
-0.007688
-0.178915
-0.003031
-0.027387
-0.999620
1.070698
---
0.997993
0.013517
-0.002348
-0.061826
-0.000090
0.000071
-0.013295
-0.007083
-0.013343
-0.298988
-0.003019
-0.027272
-0.999624
1.087819
---
0.997861
0.013501
-0.002463
-0.063919
-0.000263
0.000080
-0.013295
0.000929
-0.015389
-0.244478
-0.003193
-0.027263
-0.999623
1.104939
---
0.997724
0.013481
-0.002618
-0.066014
0.005337
0.001075
-0.008412
-0.003492
-0.014049
-0.191297
-0.003452
-0.027246
-0.999623
1.122061
---
0.997657
0.013463
-0.002705
-0.067026
0.001290
-0.000858
-0.017201
-0.000119
-0.011276
-0.067004
-0.003593
-0.027225
-0.999623
1.139185
---
0.997614
0.013586
-0.002730
-0.067638
-0.001658
0.004752
-0.015241
0.017802
0.000681
-0.075322
-0.003611
-0.027475
-0.999616
1.156306
---
0.997635
0.013701
-0.002710
-0.067295
-0.001614
0.004526
-0.015235
0.007385
-0.003088
0.022378
-0.003567
-0.027701
-0.999610
1.173432
---
0.997658
0.013724
-0.002694
-0.066959
-0.000611
-0.002354
-0.015234
0.002262
0.001001
0.090313
-0.003541
-0.027745
-0.999609
1.190557
---
0.997711
0.013765
-0.002708
-0.066154
0.000323
0.000498
-0.012302
0.000794
0.001687
0.137469
-0.003583
-0.027823
-0.999606
1.206671
---
0.997791
0.013807
-0.002727
-0.064931
0.000247
0.000412
-0.012299
0.005556
-0.006792
0.174001
-0.003659
-0.027908
-0.999604
1.223792
---
0.997879
0.013812
-0.002789
-0.063551
0.004969
0.000400
-0.018158
0.000446
-0.005058
0.162991
-0.003820
-0.027921
-0.999603
1.240918
---
0.997999
0.013876
-0.002829
-0.061623
-0.001000
0.002228
-0.013271
0.005770
0.002416
0.209267
-0.003929
-0.028045
-0.999599
1.258030
---
0.998094
0.013887
-0.002829
-0.060057
-0.001050
0.002214
-0.013270
-0.007518
0.007128
0.182554
-0.003980
-0.028059
-0.999598
1.275154
---
0.998209
0.013851
-0.002784
-0.058135
-0.001019
-0.003563
-0.015226
-0.004181
0.001613
0.261668
-0.003949
-0.027977
-0.999601
1.292279
---
0.998316
0.013788
-0.002635
-0.056281
-0.008595
-0.001459
-0.017184
-0.005587
0.011974
0.165744
-0.003712
-0.027827
-0.999606
1.309400
---
0.998405
0.013759
-0.002569
-0.054692
0.002242
0.000564
-0.012303
0.003646
0.008573
0.213574
-0.003618
-0.027757
-0.999608
1.326521
---
0.998477
0.013762
-0.002499
-0.053371
0.002341
0.000571
-0.012304
0.004730
0.010001
0.141751
-0.003519
-0.027749
-0.999609
1.343642
---
0.998534
0.013665
-0.002444
-0.052310
-0.000521
-0.003133
-0.013286
-0.013828
0.000322
0.104371
-0.003451
-0.027547
-0.999615
1.359762
---
0.998577
0.013617
-0.002448
-0.051500
-0.001539
-0.001083
-0.015242
-0.001632
-0.000605
0.093964
-0.003492
-0.027450
-0.999617
1.376880
---
0.998589
0.013582
-0.002401
-0.051275
-0.001448
-0.001005
-0.015245
0.005140
-0.006334
0.041593
-0.003401
-0.027373
-0.999620
1.394002
---
0.998604
0.013602
-0.002481
-0.050973
0.006180
0.001878
-0.013290
0.001037
-0.012147
0.030767
-0.003586
-0.027419
-0.999618
1.411124
---
0.998611
0.013644
-0.002525
-0.050832
-0.001709
0.000810
-0.014263
0.000134
0.007665
-0.001888
-0.003662
-0.027510
-0.999615
1.428247
---
0.998592
0.013698
-0.002587
-0.051174
-0.001817
0.000699
-0.014260
-0.004500
-0.009658
-0.053417
-0.003770
-0.027622
-0.999611
1.445370
---
0.998567
0.013680
-0.002612
-0.051672
0.000095
-0.001226
-0.014260
-0.004389
-0.005025
-0.071207
-0.003811
-0.027594
-0.999612
1.462491
---
0.998545
0.013594
-0.002680
-0.052123
0.002901
-0.002038
-0.013288
-0.012812
-0.013185
-0.049529
-0.003935
-0.027429
-0.999616
1.479613
---
0.998557
0.013547
-0.002686
-0.051898
0.002868
-0.001942
-0.013290
-0.007156
0.005507
0.034297
-0.003968
-0.027332
-0.999619
1.495726
---
0.998568
0.013486
-0.002713
-0.051700
0.001829
-0.001826
-0.012317
-0.011432
0.000811
0.023246
-0.004031
-0.027217
-0.999622
1.512848
---
0.998544
0.013414
-0.002794
-0.052182
0.003628
-0.000711
-0.016226
-0.005822
-0.014627
-0.060641
-0.004185
-0.027078
-0.999625
1.529974
---
0.998518
0.013337
-0.002868
-0.052692
0.003483
-0.000571
-0.016229
-0.009270
-0.000156
-0.080625
-0.004330
-0.026938
-0.999628
1.547095
---
0.998481
0.013278
-0.002847
-0.053406
-0.002314
-0.002407
-0.014280
-0.013657
0.001561
-0.107958
-0.004267
-0.026821
-0.999631
1.564217
---
0.998364
0.013261
-0.002863
-0.055551
0.001611
0.002499
-0.015257
-0.002689
-0.004947
-0.127572
-0.004248
-0.026798
-0.999632
1.598190
---
0.998314
0.013279
-0.002865
-0.056438
0.000660
-0.000469
-0.012326
0.004783
-0.001275
-0.091457
-0.004223
-0.026836
-0.999631
1.615310
---
0.998275
0.013397
-0.002891
-0.057090
0.001613
0.005147
-0.012320
0.018283
-0.006738
-0.082349
-0.004247
-0.027080
-0.999624
1.632431
---
0.998255
0.013485
-0.002886
-0.057413
0.001645
0.004973
-0.012315
0.002061
-0.004482
-0.041502
-0.004215
-0.027254
-0.999620
1.649552
---
0.998247
0.013480
-0.002909
-0.057563
0.001593
-0.002837
-0.012315
0.004711
0.000043
-0.009460
-0.004266
-0.027251
-0.999620
1.665668
---
0.998250
0.013511
-0.003012
-0.057492
0.005305
0.000998
-0.014265
0.003997
-0.016917
0.005055
-0.004460
-0.027322
-0.999617
1.682790
---
0.998249
0.013505
-0.003057
-0.057505
0.005211
0.001006
-0.014265
-0.005525
-0.003793
-0.007606
-0.004555
-0.027314
-0.999617
1.699912
---
0.998247
0.013469
-0.003110
-0.057553
0.000222
-0.001860
-0.013290
-0.006320
-0.006769
0.003306
-0.004661
-0.027250
-0.999618
1.717034
---
0.998238
0.013321
-0.003115
-0.057732
-0.004683
-0.006447
-0.013298
-0.019924
0.000485
-0.011267
-0.004683
-0.026955
-0.999626
1.734154
---
0.998234
0.013195
-0.003062
-0.057840
-0.004596
-0.006190
-0.013305
-0.015076
0.008368
-0.022994
-0.004596
-0.026698
-0.999633
1.751281
---
0.998228
0.013099
-0.003054
-0.057963
-0.002624
-0.002091
-0.008427
-0.012772
0.000900
-0.016474
-0.004577
-0.026505
-0.999638
1.769406
---
0.998245
0.013098
-0.003025
-0.057674
-0.002574
-0.002084
-0.008428
0.002316
0.005175
0.040351
-0.004527
-0.026498
-0.999639
1.785522
---
0.998260
0.013138
-0.002927
-0.057411
-0.002384
-0.002152
-0.008427
0.004422
0.014554
0.026495
-0.004337
-0.026566
-0.999638
1.802648
---
0.998280
0.013237
-0.002850
-0.057046
-0.003197
0.003519
-0.017211
0.009660
0.008545
0.052309
-0.004174
-0.026754
-0.999633
1.818760
---
0.998312
0.013324
-0.002839
-0.056450
0.002666
0.001397
-0.013301
0.006207
0.010114
0.079910
-0.004170
-0.026923
-0.999629
1.835886
---
0.998319
0.013391
-0.002786
-0.056314
0.002778
0.001268
-0.013298
0.007137
0.006575
0.016523
-0.004058
-0.027052
-0.999626
1.853006
---
0.998311
0.013440
-0.002813
-0.056450
-0.001172
0.000190
-0.018178
0.009948
-0.003493
-0.016098
-0.004102
-0.027154
-0.999623
1.870126
---
0.998307
0.013484
-0.002871
-0.056504
0.002631
0.002047
-0.017198
0.005687
-0.007026
-0.009978
-0.004205
-0.027250
-0.999620
1.887247
---
0.998299
0.013585
-0.002917
-0.056619
0.000593
0.002820
-0.017192
0.012860
-0.012270
-0.011591
-0.004290
-0.027453
-0.999614
1.904281
---
0.998312
0.013664
-0.002930
-0.056377
0.000571
0.002658
-0.017187
0.003386
0.008704
0.019036
-0.004312
-0.027616
-0.999609
1.921429
---
0.998341
0.013664
-0.002917
-0.055861
-0.001372
-0.003195
-0.012305
0.001209
-0.002970
0.072894
-0.004302
-0.027609
-0.999610
1.939377
---
0.998373
0.013639
-0.002919
-0.055294
-0.003342
-0.001191
-0.014259
-0.002258
-0.002556
0.059294
-0.004319
-0.027558
-0.999611
1.955494
---
0.998408
0.013596
-0.002865
-0.054660
-0.003258
-0.001094
-0.014262
-0.010322
0.008207
0.064432
-0.004234
-0.027461
-0.999614
1.973256
---
0.998443
0.013500
-0.002735
-0.054064
-0.004992
-0.005770
-0.013292
-0.011694
0.012234
0.061523
-0.004015
-0.027254
-0.999621
1.989372
---
0.998471
0.013518
-0.002716
-0.053526
-0.000066
0.002009
-0.018174
0.001912
-0.005363
0.069867
-0.003972
-0.027288
-0.999620
2.006402
---
0.998501
0.013455
-0.002666
-0.052989
0.000004
0.002140
-0.018178
-0.011321
0.000059
0.051028
-0.003903
-0.027157
-0.999624
2.023797
---
0.998516
0.013393
-0.002688
-0.052720
-0.001025
-0.004571
-0.015252
-0.008376
-0.004631
0.012167
-0.003955
-0.027032
-0.999627
2.039914
---
0.998524
0.013242
-0.002615
-0.052608
0.000072
-0.004261
-0.013307
-0.005851
-0.006967
-0.021268
-0.003834
-0.026722
-0.999636
2.057345
---
0.998508
0.013143
-0.002629
-0.052943
0.000043
-0.004065
-0.013313
-0.018419
0.003503
-0.051445
-0.003864
-0.026526
-0.999641
2.074372
---
0.998486
0.012980
-0.002540
-0.053399
-0.005638
-0.006662
-0.016252
-0.020551
0.015576
-0.050740
-0.003685
-0.026193
-0.999650
2.091494
---
0.998467
0.012956
-0.002517
-0.053751
-0.000708
0.002175
-0.016253
-0.000067
0.003770
-0.098946
-0.003637
-0.026145
-0.999652
2.108921
---
0.998416
0.012953
-0.002490
-0.054697
-0.000638
0.002183
-0.016254
0.007521
0.003831
-0.122447
-0.003568
-0.026137
-0.999652
2.125038
---
0.998341
0.012949
-0.002457
-0.056043
-0.004438
0.000236
-0.018207
0.000068
-0.002010
-0.133352
-0.003461
-0.026131
-0.999653
2.142618
---
0.998285
0.012932
-0.002411
-0.057050
-0.002368
-0.001681
-0.015279
0.001017
-0.004146
-0.121391
-0.003345
-0.026095
-0.999654
2.158734
---
0.998235
0.012892
-0.002380
-0.057923
-0.002285
-0.001603
-0.015281
-0.010427
0.001451
-0.117982
-0.003261
-0.026017
-0.999656
2.176401
---
0.998188
0.012832
-0.002290
-0.058739
-0.004050
-0.002450
-0.019191
-0.003657
0.000349
-0.091796
-0.003073
-0.025887
-0.999660
2.193525
---
0.998143
0.012855
-0.002214
-0.059498
-0.003868
0.000438
-0.015285
0.004526
0.009968
-0.036170
-0.002891
-0.025929
-0.999660
2.210648
---
0.998132
0.012934
-0.002224
-0.059663
-0.003886
0.000283
-0.015281
0.016520
-0.006398
0.000723
-0.002909
-0.026085
-0.999656
2.226761
---
0.998130
0.013023
-0.002218
-0.059675
0.003957
0.008895
-0.011370
0.004507
0.000908
0.002187
-0.002879
-0.026261
-0.999651
2.243883
---
0.998151
0.013195
-0.002254
-0.059284
0.003894
0.008549
-0.011360
0.019219
-0.000411
0.071082
-0.002942
-0.026607
-0.999642
2.261005
---
0.998185
0.013416
-0.002348
-0.058665
0.003722
0.008098
-0.011348
0.026046
0.002234
0.066875
-0.003114
-0.027059
-0.999629
2.278128
---
0.998213
0.013504
-0.002383
-0.058164
0.003650
0.007918
-0.011343
-0.006782
-0.004963
0.050750
-0.003186
-0.027238
-0.999624
2.295159
---
0.998213
0.013473
-0.002373
-0.058161
-0.001218
-0.004712
-0.012321
-0.009283
-0.001238
-0.044157
-0.003171
-0.027173
-0.999626
2.312373
---
0.998194
0.013488
-0.002370
-0.058486
-0.002172
0.001118
-0.011344
0.001461
0.001193
-0.039011
-0.003148
-0.027202
-0.999625
2.329740
---
0.998159
0.013511
-0.002329
-0.059074
-0.002083
0.001073
-0.011343
0.007456
0.002530
-0.087355
-0.003060
-0.027247
-0.999624
2.345855
---
0.998142
0.013522
-0.002329
-0.059358
0.003786
0.000072
-0.010366
0.007672
-0.004766
-0.002175
-0.003050
-0.027272
-0.999623
2.363371
---
0.998136
0.013516
-0.002348
-0.059475
-0.001134
-0.000895
-0.014272
-0.002845
-0.003059
-0.014864
-0.003087
-0.027262
-0.999624
2.381196
---
0.998167
0.013439
-0.002303
-0.058957
-0.001071
-0.000733
-0.014277
-0.011541
-0.000255
0.040362
-0.003024
-0.027101
-0.999628
2.397371
---
0.998204
0.013342
-0.002297
-0.058363
-0.002048
-0.006397
-0.007446
-0.005583
0.007024
0.092651
-0.003025
-0.026904
-0.999633
2.415378
---
0.998254
0.013263
-0.002293
-0.057504
0.001828
-0.000376
-0.010380
-0.006847
0.008762
0.146619
-0.003055
-0.026744
-0.999638
2.432379
---
0.998327
0.013228
-0.002271
-0.056235
0.001833
-0.000300
-0.010382
0.000320
0.004420
0.138005
-0.003050
-0.026667
-0.999640
2.448495
---
0.998372
0.013204
-0.002280
-0.055437
-0.000174
-0.001229
-0.009407
-0.007168
-0.008510
0.056788
-0.003103
-0.026620
-0.999641
2.466409
---
0.998392
0.013116
-0.002267
-0.055101
-0.002114
-0.004957
-0.011364
-0.013697
0.004066
0.017576
-0.003090
-0.026441
-0.999646
2.482525
---
0.998405
0.013029
-0.002224
-0.054891
-0.002042
-0.004777
-0.011369
-0.011287
-0.014201
0.041971
-0.003018
-0.026261
-0.999651
2.499557
---
0.998413
0.012908
-0.002280
-0.054766
0.001732
-0.003563
-0.007469
-0.009257
-0.009693
-0.002181
-0.003151
-0.026024
-0.999656
2.515704
---
0.998423
0.012782
-0.002319
-0.054617
0.005546
-0.009176
-0.010405
-0.016864
-0.001041
0.026020
-0.003243
-0.025778
-0.999662
2.533342
---
0.998433
0.012647
-0.002310
-0.054466
-0.005188
-0.002067
-0.009435
-0.008216
-0.000087
0.001177
-0.003235
-0.025505
-0.999669
2.550465
---
0.998445
0.012565
-0.002300
-0.054255
-0.005191
-0.001905
-0.009439
-0.008664
-0.000318
0.036059
-0.003238
-0.025342
-0.999674
2.568380
---
0.998454
0.012518
-0.002194
-0.054117
-0.004005
-0.000822
-0.012372
-0.003709
0.019934
0.008628
-0.003028
-0.025236
-0.999677
2.584493
---
0.998460
0.012514
-0.002125
-0.054004
-0.001925
0.006031
-0.012373
0.012238
0.008621
0.010762
-0.002901
-0.025219
-0.999678
2.601525
---
0.998449
0.012600
-0.002068
-0.054195
-0.001786
0.005866
-0.012369
0.001651
0.002551
-0.029674
-0.002763
-0.025384
-0.999674
2.618677
---
0.998439
0.012607
-0.002057
-0.054371
-0.002736
-0.004888
-0.016275
0.002882
-0.001730
-0.005393
-0.002736
-0.025395
-0.999674
2.634793
---
0.998439
0.012628
-0.001987
-0.054362
-0.002603
-0.004928
-0.016275
0.004330
0.008958
0.001365
-0.002603
-0.025435
-0.999673
2.651915
---
0.998454
0.012699
-0.001934
-0.054073
-0.000535
0.003729
-0.013342
0.008824
0.008247
0.040882
-0.002488
-0.025568
-0.999670
2.669038
---
0.998468
0.012731
-0.001879
-0.053812
-0.003370
-0.003166
-0.012364
0.004623
0.010443
0.036766
-0.002394
-0.025627
-0.999669
2.686159
---
0.998483
0.012758
-0.001739
-0.053530
-0.005030
0.000704
-0.015293
-0.000494
0.013164
0.023978
-0.002101
-0.025663
-0.999668
2.703464
---
0.998512
0.012765
-0.001656
-0.052986
-0.004888
0.000700
-0.015294
-0.003094
0.009088
0.075292
-0.001959
-0.025667
-0.999669
2.720586
---
0.998562
0.012792
-0.001722
-0.052029
0.007639
-0.000334
-0.012362
0.004756
-0.009360
0.058824
-0.002127
-0.025725
-0.999667
2.737346
---
0.998580
0.012778
-0.001691
-0.051691
-0.000118
-0.001281
-0.007480
-0.007270
-0.002998
-0.034615
-0.002071
-0.025695
-0.999668
2.754464
---
0.998569
0.012781
-0.001700
-0.051906
-0.000123
-0.001291
-0.007480
0.001334
-0.004227
-0.029258
-0.002076
-0.025705
-0.999667
2.771527
---
0.998552
0.012745
-0.001777
-0.052228
0.003637
-0.003180
-0.009434
0.002895
-0.004540
-0.071665
-0.002222
-0.025641
-0.999669
2.788677
---
0.998512
0.012665
-0.001815
-0.053006
-0.002290
-0.003025
-0.014321
-0.005547
-0.003249
-0.083702
-0.002290
-0.025486
-0.999673
2.805373
---
0.998477
0.012592
-0.001847
-0.053672
-0.002348
-0.002883
-0.014324
-0.000683
-0.014278
-0.072586
-0.002348
-0.025344
-0.999676
2.822495
---
0.998441
0.012623
-0.001879
-0.054334
0.002494
0.000957
-0.009440
0.002696
-0.005112
-0.098865
-0.002389
-0.025411
-0.999674
2.839923
---
0.998384
0.012608
-0.001827
-0.055375
-0.006155
-0.000964
-0.013347
-0.000443
0.002588
-0.121514
-0.002249
-0.025378
-0.999675
2.855979
---
0.998341
0.012629
-0.001827
-0.056145
-0.006141
-0.001008
-0.013346
0.010347
-0.017717
-0.057502
-0.002235
-0.025422
-0.999674
2.873343
---
0.998321
0.012735
-0.001875
-0.056468
0.006481
0.008541
-0.008458
0.013395
-0.008467
-0.032766
-0.002308
-0.025639
-0.999669
2.890464
---
0.998305
0.012779
-0.001871
-0.056747
-0.001311
0.000640
-0.013338
0.008201
0.000886
-0.035733
-0.002288
-0.025727
-0.999666
2.907495
---
0.998274
0.012863
-0.001903
-0.057274
0.001585
0.001442
-0.010404
0.006417
-0.005318
-0.049362
-0.002321
-0.025902
-0.999662
2.925350
---
0.998247
0.012933
-0.001895
-0.057727
0.001610
0.001304
-0.010400
0.004631
-0.002051
-0.061740
-0.002296
-0.026040
-0.999658
2.941708
---
0.998212
0.012914
-0.001926
-0.058325
-0.000386
-0.001591
-0.009425
-0.000916
-0.012218
-0.129254
-0.002340
-0.026005
-0.999659
2.958373
---
0.998156
0.012942
-0.001976
-0.059266
-0.000469
-0.001660
-0.009423
0.003054
-0.007852
-0.110379
-0.002422
-0.026074
-0.999657
2.976380
---
0.998100
0.012971
-0.002002
-0.060205
0.002444
0.003163
-0.011374
-0.000941
-0.004454
-0.116792
-0.002439
-0.026134
-0.999656
2.993259
---
0.998031
0.012920
-0.002010
-0.061344
-0.002436
-0.007480
-0.013330
-0.009337
-0.005340
-0.150637
-0.002436
-0.026034
-0.999658
3.009371
---
0.997939
0.012881
-0.001983
-0.062830
-0.001372
0.001387
-0.010403
-0.004278
0.005783
-0.151858
-0.002349
-0.025957
-0.999660
3.026406
---
0.997866
0.012886
-0.001983
-0.063983
-0.001351
0.001371
-0.010402
0.001925
0.002953
-0.109015
-0.002327
-0.025973
-0.999660
3.043984
---
0.997824
0.012888
-0.002006
-0.064633
0.002551
0.001362
-0.014308
0.000239
-0.002548
-0.084657
-0.002332
-0.025982
-0.999660
3.060011
---
0.997783
0.012893
-0.002054
-0.065261
0.002459
0.001347
-0.014308
0.003120
-0.012120
-0.086652
-0.002424
-0.025997
-0.999659
3.077311
---
0.997720
0.012889
-0.002090
-0.066214
-0.000523
0.000371
-0.017237
-0.004152
-0.004691
-0.088687
-0.002476
-0.025997
-0.999659
3.095290
---
0.997667
0.012879
-0.002086
-0.067010
-0.001468
-0.002539
-0.011378
-0.002846
0.002201
-0.116182
-0.002445
-0.025976
-0.999660
3.111375
---
0.997611
0.012878
-0.002075
-0.067840
-0.000442
0.004298
-0.019191
0.005068
-0.001198
-0.115763
-0.002395
-0.025975
-0.999660
3.129321
---
0.997550
0.012945
-0.002068
-0.068720
-0.000393
0.004165
-0.019188
0.005864
-0.001131
-0.105550
-0.002346
-0.026108
-0.999656
3.145680
---
0.997501
0.012964
-0.002100
-0.069415
0.001497
0.001188
-0.013327
0.006351
-0.000221
-0.043375
-0.002410
-0.026155
-0.999655
3.162344
---
0.997480
0.012974
-0.002132
-0.069718
-0.002455
-0.004694
-0.014303
-0.002012
-0.002780
-0.040337
-0.002455
-0.026178
-0.999654
3.180201
---
0.997472
0.012923
-0.002093
-0.069843
-0.002383
-0.004590
-0.014306
-0.009193
0.008064
-0.030756
-0.002383
-0.026075
-0.999657
3.196255
---
0.997477
0.012870
-0.002021
-0.069790
-0.005176
-0.003501
-0.020168
0.000982
0.016748
0.035683
-0.002246
-0.025962
-0.999660
3.213373
---
0.997497
0.012887
-0.001991
-0.069490
-0.001209
0.003309
-0.015285
-0.000980
0.000715
0.037202
-0.002186
-0.025988
-0.999660
3.231352
---
0.997523
0.012897
-0.001930
-0.069120
-0.001103
0.003297
-0.015285
-0.000738
0.008823
0.048588
-0.002079
-0.026000
-0.999660
3.247468
---
0.997557
0.012886
-0.001938
-0.068633
0.000828
-0.001562
-0.014309
-0.008084
-0.002229
0.055281
-0.002102
-0.025976
-0.999660
3.265380
---
0.997581
0.012917
-0.001953
-0.068270
0.000790
0.003257
-0.017237
0.004159
-0.006879
0.065518
-0.002140
-0.026040
-0.999659
3.281497
---
0.997621
0.012986
-0.001961
-0.067672
0.000760
0.003122
-0.017233
0.005034
0.003041
0.062124
-0.002170
-0.026174
-0.999655
3.298530
---
0.997650
0.013011
-0.001987
-0.067240
0.002664
0.002090
-0.013325
0.003631
0.001829
0.062704
-0.002218
-0.026230
-0.999654
3.315680
---
0.997694
0.013076
-0.002064
-0.066568
0.005432
-0.000977
-0.016251
0.001742
-0.009442
0.085240
-0.002381
-0.026368
-0.999650
3.331765
---
0.997736
0.013059
-0.002139
-0.065937
0.005250
-0.000954
-0.016251
0.000049
-0.003903
0.051859
-0.002562
-0.026345
-0.999650
3.348889
---
0.997754
0.013083
-0.002149
-0.065667
-0.002568
-0.000997
-0.015273
0.001026
-0.002613
0.011630
-0.002568
-0.026388
-0.999648
3.366406
---
0.997756
0.013129
-0.002156
-0.065621
0.000343
0.000863
-0.012341
0.008829
-0.002545
0.007406
-0.002586
-0.026481
-0.999646
3.383528
---
0.997768
0.013190
-0.002187
-0.065423
0.006151
0.003665
-0.012338
0.007519
-0.010140
0.029712
-0.002638
-0.026609
-0.999642
3.401353
---
0.997782
0.013224
-0.002241
-0.065199
0.006031
0.003591
-0.012336
0.006082
-0.012329
0.032829
-0.002758
-0.026683
-0.999640
3.417466
---
0.997793
0.013246
-0.002274
-0.065033
0.000118
-0.001339
-0.017217
-0.001010
-0.003643
0.017860
-0.002811
-0.026729
-0.999639
3.435383
---
0.997832
0.013333
-0.002264
-0.064411
-0.000846
0.008255
-0.012330
0.013789
0.000620
0.068138
-0.002799
-0.026901
-0.999634
3.451500
---
0.997881
0.013418
-0.002274
-0.063626
-0.000874
0.008089
-0.012325
0.013313
-0.003066
0.112395
-0.002827
-0.027067
-0.999630
3.468621
---
0.997934
0.013495
-0.002187
-0.062769
-0.005605
0.000134
-0.017204
0.009958
0.013367
0.100746
-0.002675
-0.027209
-0.999626
3.484736
---
0.998001
0.013621
-0.002167
-0.061669
0.006145
0.000865
-0.010362
0.011284
0.002880
0.130210
-0.002644
-0.027455
-0.999620
3.502681
---
0.998045
0.013660
-0.002187
-0.060942
0.006083
0.000786
-0.010359
0.007286
0.002636
0.114446
-0.002706
-0.027534
-0.999617
3.518795
---
0.998115
0.013716
-0.002241
-0.059772
0.004981
0.000673
-0.014262
0.002654
-0.005121
0.123288
-0.002832
-0.027647
-0.999614
3.535829
---
0.998143
0.013730
-0.002244
-0.059297
-0.001891
-0.000333
-0.015238
-0.005622
0.003860
0.036185
-0.002867
-0.027677
-0.999613
3.552980
---
0.998160
0.013753
-0.002251
-0.059005
-0.001897
-0.000379
-0.015237
0.005336
-0.000249
0.038123
-0.002874
-0.027723
-0.999612
3.570104
---
0.998169
0.013757
-0.002170
-0.058869
-0.006625
-0.002329
-0.012307
-0.000697
0.017872
0.040837
-0.002718
-0.027719
-0.999612
3.587226
---
0.998194
0.013776
-0.002132
-0.058435
0.001266
0.001545
-0.016213
-0.001904
-0.000506
0.049307
-0.002640
-0.027752
-0.999611
3.604290
---
0.998234
0.013820
-0.002132
-0.057743
0.001244
0.001458
-0.016210
0.006597
-0.002060
0.082309
-0.002663
-0.027839
-0.999609
3.621435
---
0.998287
0.013862
-0.002100
-0.056809
0.000298
0.000403
-0.012302
0.005569
0.004265
0.128265
-0.002632
-0.027917
-0.999607
3.639386
---
0.998351
0.013857
-0.002075
-0.055677
0.003261
-0.001533
-0.015232
0.001895
0.003506
0.141116
-0.002598
-0.027900
-0.999607
3.655499
---
0.998431
0.013877
-0.002068
-0.054213
0.003229
-0.001569
-0.015231
0.003858
0.000737
0.139204
-0.002631
-0.027936
-0.999606
3.673351
---
0.998472
0.013925
-0.002086
-0.053434
-0.001700
0.003220
-0.014252
0.003430
-0.005727
0.085034
-0.002677
-0.028030
-0.999604
3.689467
---
0.998505
0.013905
-0.002068
-0.052813
0.001246
-0.005527
-0.015230
-0.007562
0.003002
0.057099
-0.002660
-0.027988
-0.999605
3.706534
---
0.998532
0.013897
-0.002114
-0.052315
0.001145
-0.005513
-0.015230
0.002293
-0.008743
0.065778
-0.002762
-0.027974
-0.999605
3.723684
---
0.998555
0.013919
-0.002107
-0.051856
0.003092
0.001282
-0.013276
0.000891
-0.002872
0.052115
-0.002767
-0.028015
-0.999604
3.740378
---
0.998579
0.013900
-0.002107
-0.051405
-0.000833
-0.000635
-0.013277
0.005617
-0.001893
0.053998
-0.002786
-0.027979
-0.999605
3.757502
---
0.998617
0.013908
-0.002093
-0.050655
-0.000818
-0.000644
-0.013276
-0.003851
0.009077
0.071781
-0.002771
-0.027987
-0.999604
3.774531
---
0.998658
0.013865
-0.002061
-0.049863
0.001158
-0.004460
-0.010349
-0.003451
0.007730
0.115776
-0.002748
-0.027898
-0.999607
3.791685
---
0.998707
0.013743
-0.002024
-0.048902
-0.003678
-0.006162
-0.018169
-0.016810
0.012316
0.131848
-0.002701
-0.027647
-0.999614
3.807703
---
0.998757
0.013711
-0.001987
-0.047889
-0.003649
-0.006095
-0.018171
-0.003015
0.005472
0.139627
-0.002673
-0.027579
-0.999616
3.824860
---
0.998827
0.013619
-0.001980
-0.046429
-0.000735
-0.003954
-0.014270
-0.011046
0.005907
0.152362
-0.002688
-0.027392
-0.999621
3.842137
---
0.998883
0.013587
-0.001942
-0.045223
0.000274
0.000024
-0.018178
-0.004005
0.010999
0.141382
-0.002656
-0.027320
-0.999623
3.859255
---
0.998906
0.013595
-0.001891
-0.044703
0.001337
0.001966
-0.011342
0.001006
0.001205
0.074654
-0.002569
-0.027331
-0.999623
3.877238
---
0.998917
0.013617
-0.001899
-0.044440
0.001316
0.001922
-0.011341
0.001965
-0.004947
0.018192
-0.002590
-0.027375
-0.999622
3.893344
---
0.998918
0.013624
-0.001859
-0.044422
-0.001526
-0.001995
-0.010364
-0.009563
0.000354
-0.018408
-0.002503
-0.027385
-0.999622
3.910349
---
0.998912
0.013612
-0.001879
-0.044566
0.001361
-0.000994
-0.012318
-0.004634
0.000119
-0.011127
-0.002545
-0.027361
-0.999622
3.927624
---
0.998898
0.013617
-0.001938
-0.044863
0.001249
-0.001009
-0.012317
0.000169
-0.006840
-0.045595
-0.002657
-0.027376
-0.999622
3.944379
---
0.998883
0.013585
-0.001987
-0.045223
0.004091
-0.000952
-0.011342
-0.004706
-0.010277
-0.018826
-0.002745
-0.027319
-0.999623
3.962355
---
0.998878
0.013571
-0.002017
-0.045326
0.003059
0.000049
-0.013295
0.000400
0.000149
-0.011084
-0.002800
-0.027295
-0.999624
3.979234
---
0.998878
0.013555
-0.002079
-0.045327
0.002932
0.000074
-0.013296
-0.002433
-0.008743
-0.009472
-0.002927
-0.027270
-0.999624
3.995290
---
0.998869
0.013552
-0.002057
-0.045525
-0.000934
0.000082
-0.011343
-0.002519
-0.000978
-0.041226
-0.002888
-0.027262
-0.999624
4.012379
---
0.998853
0.013590
-0.002079
-0.045860
0.001982
0.001954
-0.014270
0.005177
0.009263
-0.036529
-0.002901
-0.027342
-0.999622
4.030200
---
0.998840
0.013593
-0.002121
-0.046147
0.001900
0.001945
-0.014270
-0.001483
-0.006230
-0.034777
-0.002983
-0.027352
-0.999621
4.046319
---
0.998828
0.013594
-0.002156
-0.046412
0.001827
-0.004898
-0.008410
0.003486
-0.008352
-0.025017
-0.003055
-0.027359
-0.999621
4.063376
---
0.998813
0.013590
-0.002163
-0.046719
-0.005019
-0.000987
-0.016223
-0.003198
-0.001790
-0.040924
-0.003066
-0.027354
-0.999621
4.080503
---
0.998790
0.013621
-0.002170
-0.047205
-0.005013
-0.001047
-0.016221
0.002410
-0.004590
-0.041473
-0.003060
-0.027415
-0.999620
4.098356
---
0.998777
0.013663
-0.002177
-0.047460
0.001837
0.003746
-0.016219
0.000998
-0.000428
-0.026431
-0.003046
-0.027504
-0.999617
4.114467
---
0.998766
0.013697
-0.002170
-0.047679
-0.000104
0.001729
-0.010358
0.010255
-0.002718
-0.024956
-0.003034
-0.027568
-0.999615
4.131504
---
0.998758
0.013719
-0.002163
-0.047839
-0.000087
0.001685
-0.010356
0.002557
0.004638
-0.040222
-0.003016
-0.027611
-0.999614
4.148655
---
0.998736
0.013718
-0.002118
-0.048308
-0.007791
-0.002215
-0.020123
-0.003593
0.000550
-0.054884
-0.002908
-0.027605
-0.999615
4.165380
---
0.998720
0.013677
-0.002050
-0.048647
-0.002765
-0.005058
-0.015242
-0.002173
0.011628
-0.040051
-0.002765
-0.027519
-0.999617
4.182503
---
0.998705
0.013614
-0.002010
-0.048976
-0.002690
-0.004930
-0.015246
-0.013834
-0.003455
-0.043795
-0.002690
-0.027391
-0.999621
4.199532
---
0.998695
0.013576
-0.001987
-0.049192
0.000295
-0.003876
-0.011342
-0.001267
0.000524
-0.027340
-0.002634
-0.027314
-0.999623
4.216683
---
0.998688
0.013545
-0.001987
-0.049355
0.000288
0.000092
-0.016227
0.000584
-0.006762
-0.016756
-0.002642
-0.027252
-0.999625
4.232847
---
0.998687
0.013538
-0.001995
-0.049374
0.000270
0.000106
-0.016227
0.000064
0.000091
0.007479
-0.002659
-0.027238
-0.999626
4.249894
---
0.998696
0.013537
-0.002028
-0.049174
0.005082
0.000104
-0.016227
0.001466
-0.001335
0.032985
-0.002731
-0.027240
-0.999625
4.267013
---
0.998711
0.013571
-0.001998
-0.048870
-0.001695
0.001017
-0.014272
0.004971
0.004017
0.072833
-0.002672
-0.027303
-0.999624
4.284134
---
0.998734
0.013581
-0.001968
-0.048387
-0.001652
0.001000
-0.014272
-0.003838
0.001630
0.053970
-0.002629
-0.027320
-0.999623
4.301299
---
0.998756
0.013588
-0.001965
-0.047935
-0.001642
-0.001941
-0.015248
-0.002625
0.000403
0.055952
-0.002618
-0.027332
-0.999623
4.318348
---
0.998789
0.013567
-0.001998
-0.047243
0.004113
-0.002877
-0.012319
-0.002583
0.002150
0.084220
-0.002723
-0.027291
-0.999624
4.335348
---
0.998828
0.013491
-0.002010
-0.046447
0.004072
-0.002726
-0.012323
-0.012187
-0.004393
0.088672
-0.002764
-0.027140
-0.999628
4.352469
---
0.998846
0.013385
-0.001983
-0.046089
0.000199
-0.008369
-0.012329
-0.008769
0.002891
0.044807
-0.002731
-0.026924
-0.999634
4.370293
---
0.998853
0.013358
-0.001980
-0.045943
0.001176
-0.000501
-0.010378
-0.000066
0.003542
0.005758
-0.002731
-0.026868
-0.999635
4.386408
---
0.998860
0.013328
-0.002046
-0.045782
0.000058
-0.001422
-0.013308
-0.003257
-0.002920
0.015556
-0.002872
-0.026813
-0.999636
4.403684
---
0.998855
0.013295
-0.002090
-0.045918
-0.000032
-0.001364
-0.013310
-0.006970
-0.007620
-0.031796
-0.002962
-0.026754
-0.999638
4.419799
---
0.998840
0.013313
-0.002035
-0.046222
-0.002835
0.000559
-0.014286
0.006258
0.004892
-0.036365
-0.002835
-0.026785
-0.999637
4.437349
---
0.998831
0.013296
-0.002021
-0.046423
0.000114
0.001572
-0.022099
-0.002972
0.005277
-0.023586
-0.002816
-0.026748
-0.999638
4.455480
---
0.998825
0.013330
-0.002013
-0.046560
0.000149
0.001503
-0.022097
-0.003088
-0.003287
-0.017183
-0.002781
-0.026817
-0.999637
4.471502
---
0.998816
0.013324
-0.002013
-0.046741
0.001120
-0.002391
-0.012332
0.000581
-0.002576
-0.029400
-0.002786
-0.026805
-0.999637
4.488651
---
0.998802
0.013336
-0.002028
-0.047049
0.000129
0.000513
-0.017214
0.002486
0.002584
-0.029864
-0.002801
-0.026830
-0.999636
4.505349
---
0.998797
0.013346
-0.002061
-0.047149
0.000060
0.000491
-0.017213
0.008930
-0.007093
-0.016737
-0.002870
-0.026852
-0.999635
4.522473
---
0.998787
0.013455
-0.002064
-0.047326
0.003003
0.008085
-0.012325
0.018168
0.000867
-0.027421
-0.002856
-0.027071
-0.999629
4.540355
---
0.998771
0.013475
-0.002035
-0.047650
-0.002802
-0.002697
-0.012324
-0.004361
0.009872
-0.037883
-0.002802
-0.027111
-0.999629
4.556470
---
0.998756
0.013545
-0.002013
-0.047947
-0.002721
-0.002835
-0.012320
-0.003551
0.005567
-0.031958
-0.002721
-0.027250
-0.999625
4.574356
---
0.998744
0.013567
-0.001987
-0.048193
-0.002669
-0.001901
-0.013296
-0.002416
0.005359
-0.025774
-0.002669
-0.027292
-0.999624
4.590383
---
0.998732
0.013489
-0.002057
-0.048461
0.001102
-0.005659
-0.012323
-0.009520
-0.002291
-0.059292
-0.002804
-0.027144
-0.999628
4.607409
---
0.998710
0.013428
-0.002054
-0.048932
0.001112
-0.005539
-0.012326
-0.011897
0.000547
-0.062206
-0.002794
-0.027024
-0.999631
4.624559
---
0.998683
0.013314
-0.002057
-0.049497
-0.002800
-0.007266
-0.012332
-0.013788
-0.003121
-0.061338
-0.002800
-0.026797
-0.999637
4.641349
---
0.998659
0.013286
-0.002039
-0.050002
-0.002754
0.000604
-0.014287
0.002927
-0.000154
-0.078997
-0.002754
-0.026739
-0.999639
4.658501
---
0.998628
0.013252
-0.002075
-0.050608
-0.002804
0.000662
-0.014289
-0.006962
-0.010305
-0.067884
-0.002804
-0.026682
-0.999640
4.676144
---
0.998601
0.013147
-0.002104
-0.051166
0.004955
-0.004988
-0.023083
-0.006421
-0.001481
-0.067735
-0.002858
-0.026473
-0.999645
4.692257
---
0.998576
0.013126
-0.002097
-0.051657
-0.001869
0.000913
-0.014295
-0.004764
-0.003072
-0.045076
-0.002846
-0.026430
-0.999647
4.709350
---
0.998561
0.013083
-0.002128
-0.051957
0.004915
-0.000957
-0.015274
-0.004617
-0.007904
-0.026933
-0.002898
-0.026348
-0.999649
4.727358
---
0.998549
0.013060
-0.002153
-0.052196
0.004883
-0.000918
-0.015275
-0.003297
0.004398
-0.031234
-0.002929
-0.026309
-0.999650
4.743472
---
0.998538
0.013075
-0.002153
-0.052413
0.003903
0.000029
-0.013321
0.006397
-0.001482
-0.017060
-0.002933
-0.026339
-0.999649
4.761327
---
0.998524
0.013094
-0.002153
-0.052661
-0.001961
0.001945
-0.014296
0.005740
0.001001
-0.025411
-0.002938
-0.026375
-0.999648
4.778111
---
0.998512
0.013074
-0.002177
-0.052895
-0.001988
0.001978
-0.014297
-0.003668
0.000613
-0.017658
-0.002964
-0.026342
-0.999649
4.794229
---
0.998501
0.013094
-0.002204
-0.053103
0.002842
-0.000993
-0.013319
-0.006246
0.004170
-0.037572
-0.003017
-0.026383
-0.999647
4.811381
---
0.998485
0.013096
-0.002218
-0.053395
0.000873
0.000955
-0.011366
0.004825
0.001132
-0.034907
-0.003033
-0.026389
-0.999647
4.828504
---
0.998474
0.013083
-0.002238
-0.053599
0.000837
0.000978
-0.011366
-0.001721
0.001550
-0.006745
-0.003069
-0.026365
-0.999648
4.845624
---
0.998471
0.013090
-0.002300
-0.053665
0.006567
-0.000996
-0.013319
0.003106
-0.008289
-0.011280
-0.003198
-0.026387
-0.999647
4.861741
---
0.998464
0.013084
-0.002345
-0.053791
-0.001323
0.001937
-0.014295
0.002176
0.000297
-0.018108
-0.003276
-0.026383
-0.999647
4.879133
---
0.998466
0.013118
-0.002339
-0.053746
-0.001313
0.001874
-0.014293
0.003958
0.003809
-0.003634
-0.003266
-0.026446
-0.999645
4.896200
---
0.998473
0.013133
-0.002339
-0.053600
-0.001313
-0.001089
-0.016246
0.006509
0.001346
0.039059
-0.003266
-0.026479
-0.999644
4.913349
---
0.998499
0.013125
-0.002367
-0.053115
0.001538
-0.000096
-0.016246
-0.003231
-0.005818
0.049931
-0.003345
-0.026464
-0.999644
4.930383
---
0.998527
0.013120
-0.002401
-0.052591
0.001463
-0.000088
-0.016246
-0.005016
-0.001739
0.052502
-0.003419
-0.026455
-0.999644
4.947533
---
0.998549
0.013117
-0.002401
-0.052183
-0.001482
-0.004963
-0.012340
-0.002462
-0.001384
0.060989
-0.003435
-0.026447
-0.999644
4.964657
---
0.998577
0.013055
-0.002376
-0.051650
0.000499
-0.003859
-0.012343
-0.003849
0.005274
0.064578
-0.003408
-0.026320
-0.999648
4.980772
---
0.998600
0.013016
-0.002348
-0.051214
0.000552
-0.003776
-0.012345
-0.000627
-0.004159
0.037945
-0.003355
-0.026237
-0.999650
4.998351
---
0.998600
0.013035
-0.002348
-0.051217
0.000544
0.003022
-0.013321
-0.003379
-0.000612
-0.004357
-0.003362
-0.026274
-0.999649
5.015473
---
0.998585
0.013021
-0.002326
-0.051499
-0.004270
-0.001830
-0.019181
0.001143
0.007215
-0.073070
-0.003294
-0.026244
-0.999650
5.033359
---
0.998559
0.013029
-0.002271
-0.052009
-0.004170
-0.001842
-0.019181
0.001163
0.003672
-0.071896
-0.003193
-0.026256
-0.999650
5.049472
---
0.998528
0.013041
-0.002251
-0.052608
-0.002152
-0.000890
-0.014298
0.001107
-0.001203
-0.069291
-0.003129
-0.026280
-0.999650
5.066595
---
0.998508
0.013025
-0.002264
-0.052989
0.001730
-0.002816
-0.016252
-0.001148
-0.002502
-0.057313
-0.003153
-0.026254
-0.999650
5.082710
---
0.998487
0.012956
-0.002284
-0.053392
0.001700
-0.002677
-0.016255
-0.005335
-0.000162
-0.043755
-0.003183
-0.026115
-0.999654
5.099774
---
0.998485
0.012904
-0.002257
-0.053451
-0.001177
-0.003551
-0.014305
-0.007508
0.002180
0.002862
-0.003130
-0.026012
-0.999657
5.116923
---
0.998484
0.012830
-0.002228
-0.053472
-0.004051
-0.008282
-0.015286
-0.008410
-0.003250
-0.003870
-0.003074
-0.025861
-0.999661
5.134382
---
0.998498
0.012769
-0.002177
-0.053229
0.000909
0.000634
-0.011383
0.000519
0.002887
0.036740
-0.002997
-0.025733
-0.999664
5.151506
---
0.998508
0.012736
-0.002177
-0.053049
0.000911
0.000704
-0.011385
-0.006732
0.002662
0.014580
-0.002995
-0.025663
-0.999666
5.169267
---
0.998515
0.012714
-0.002231
-0.052925
-0.000185
-0.001217
-0.017245
-0.003087
-0.007668
0.005580
-0.003114
-0.025631
-0.999667
5.185379
---
0.998517
0.012707
-0.002251
-0.052883
-0.004130
-0.006084
-0.017245
-0.005104
0.000731
0.006164
-0.003154
-0.025615
-0.999667
5.202415
---
0.998509
0.012650
-0.002248
-0.053061
-0.004123
-0.005970
-0.017248
-0.004859
-0.001202
-0.023835
-0.003146
-0.025501
-0.999670
5.219565
---
0.998503
0.012640
-0.002293
-0.053166
0.005546
0.001858
-0.016271
-0.002895
-0.005038
-0.016909
-0.003243
-0.025486
-0.999670
5.235620
---
0.998492
0.012629
-0.002319
-0.053382
-0.002305
-0.001052
-0.012366
-0.000448
-0.001225
-0.038492
-0.003282
-0.025466
-0.999670
5.252774
---
0.998486
0.012657
-0.002306
-0.053481
-0.002285
-0.001110
-0.012364
0.010291
-0.002537
0.005333
-0.003262
-0.025525
-0.999669
5.269894
---
0.998485
0.012713
-0.002335
-0.053480
0.006462
0.004636
-0.012361
0.010015
-0.000318
-0.003673
-0.003304
-0.025637
-0.999666
5.287016
---
0.998481
0.012778
-0.002383
-0.053538
-0.001432
0.004502
-0.014311
0.010427
-0.007076
-0.009061
-0.003385
-0.025772
-0.999662
5.304047
---
0.998482
0.012860
-0.002401
-0.053508
-0.001474
0.004334
-0.014306
0.007744
-0.001584
0.006822
-0.003427
-0.025939
-0.999658
5.321198
---
0.998490
0.012867
-0.002414
-0.053349
0.003389
-0.001539
-0.015282
-0.000632
-0.004503
0.021069
-0.003447
-0.025953
-0.999657
5.338352
---
0.998497
0.012901
-0.002373
-0.053222
-0.001414
0.001328
-0.008445
0.010977
-0.000739
0.033743
-0.003367
-0.026016
-0.999656
5.355473
---
0.998508
0.012912
-0.002316
-0.053009
-0.001310
0.001313
-0.008445
-0.004544
0.011030
0.011670
-0.003263
-0.026031
-0.999656
5.373328
---
0.998528
0.012900
-0.002280
-0.052634
-0.005154
-0.003545
-0.016258
-0.004468
0.005955
0.053555
-0.003200
-0.026006
-0.999657
5.389443
---
0.998551
0.012988
-0.002224
-0.052180
-0.002110
0.006056
-0.014301
0.006678
-0.001299
0.060813
-0.003086
-0.026170
-0.999653
5.406506
---
0.998575
0.013040
-0.002194
-0.051710
-0.002057
0.005955
-0.014299
-0.001551
0.003396
0.061254
-0.003034
-0.026271
-0.999650
5.423538
---
0.998609
0.013046
-0.002142
-0.051033
-0.000014
-0.000886
-0.018205
0.000969
0.010461
0.095252
-0.002944
-0.026277
-0.999650
5.441237
---
0.998658
0.013067
-0.002086
-0.050071
-0.002866
0.001038
-0.014298
0.002461
0.007817
0.092629
-0.002866
-0.026306
-0.999650
5.457352
---
0.998694
0.013074
-0.002068
-0.049345
-0.002858
0.001026
-0.014298
0.002321
0.000298
0.078853
-0.002858
-0.026318
-0.999650
5.474382
---
0.998726
0.013076
-0.001998
-0.048701
-0.005650
-0.002875
-0.017228
0.003573
0.007045
0.074784
-0.002720
-0.026313
-0.999650
5.492268
---
0.998757
0.013088
-0.001976
-0.048059
-0.000739
0.001987
-0.017228
0.000515
0.000538
0.089401
-0.002692
-0.026334
-0.999650
5.508290
---
0.998797
0.013098
-0.001895
-0.047226
-0.004497
-0.001929
-0.017228
0.005421
0.005392
0.081570
-0.002544
-0.026344
-0.999650
5.525353
---
0.998815
0.013112
-0.001867
-0.046837
-0.004457
-0.001954
-0.017227
-0.000750
0.007660
0.038226
-0.002504
-0.026368
-0.999649
5.543360
---
0.998823
0.013096
-0.001851
-0.046658
-0.000516
-0.003871
-0.013322
-0.000338
0.005935
-0.013533
-0.002469
-0.026332
-0.999650
5.559414
---
0.998818
0.013081
-0.001835
-0.046772
-0.002441
-0.001890
-0.018206
0.001437
0.002601
-0.017005
-0.002441
-0.026304
-0.999651
5.576872
---
0.998807
0.013060
-0.001835
-0.047018
-0.002426
-0.001850
-0.018207
-0.004634
0.002035
-0.025540
-0.002426
-0.026264
-0.999652
5.593260
---
0.998795
0.013053
-0.001847
-0.047278
0.005352
0.000117
-0.019184
0.000907
-0.005490
-0.033983
-0.002461
-0.026250
-0.999652
5.610352
---
0.998773
0.013065
-0.001922
-0.047721
-0.001614
0.002039
-0.012347
0.002651
-0.019252
-0.043331
-0.002590
-0.026281
-0.999651
5.629336
---
0.998753
0.013088
-0.001895
-0.048139
-0.001562
0.001993
-0.012346
0.003990
-0.001827
-0.048852
-0.002538
-0.026327
-0.999650
5.645331
---
0.998733
0.013134
-0.001895
-0.048539
0.003336
0.001900
-0.019179
0.007449
0.007721
-0.057176
-0.002524
-0.026420
-0.999648
5.661352
---
0.998716
0.013172
-0.001895
-0.048879
0.001398
0.002800
-0.012341
0.007662
0.004279
-0.046815
-0.002508
-0.026497
-0.999646
5.678718
---
0.998689
0.013219
-0.001942
-0.049415
0.001323
0.002701
-0.012338
0.006498
-0.003602
-0.055138
-0.002583
-0.026596
-0.999643
5.695627
---
0.998669
0.013242
-0.001922
-0.049815
-0.001547
0.000702
-0.012337
0.011337
0.006368
-0.052832
-0.002523
-0.026642
-0.999642
5.711741
---
0.998643
0.013255
-0.001907
-0.050334
-0.001513
-0.000302
-0.016243
-0.002367
0.005961
-0.052910
-0.002489
-0.026669
-0.999641
5.729323
---
0.998628
0.013252
-0.001907
-0.050619
-0.001494
-0.000293
-0.016243
-0.004947
0.001111
-0.024903
-0.002470
-0.026661
-0.999642
5.746443
---
0.998622
0.013225
-0.001922
-0.050748
0.001404
-0.007078
-0.015268
-0.005999
0.001721
-0.001274
-0.002502
-0.026609
-0.999643
5.764362
---
0.998620
0.013194
-0.001968
-0.050802
0.004231
0.001768
-0.016246
-0.001085
-0.000326
-0.002303
-0.002605
-0.026553
-0.999644
5.780474
---
0.998613
0.013232
-0.001987
-0.050916
0.004211
0.001689
-0.016244
0.009528
-0.008467
-0.016724
-0.002625
-0.026631
-0.999642
5.797537
---
0.998606
0.013261
-0.001961
-0.051053
0.001328
0.002613
-0.016242
-0.000483
0.005881
-0.024214
-0.002579
-0.026683
-0.999641
5.814658
---
0.998594
0.013279
-0.001972
-0.051272
0.000346
-0.000356
-0.014288
0.000754
0.011590
-0.027908
-0.002583
-0.026724
-0.999640
5.831171
---
0.998572
0.013298
-0.002006
-0.051700
0.000292
-0.000396
-0.014287
0.001569
-0.004177
-0.049390
-0.002638
-0.026763
-0.999638
5.848293
---
0.998550
0.013365
-0.002061
-0.052105
0.002149
0.002392
-0.015259
0.008695
-0.006424
-0.039808
-0.002734
-0.026905
-0.999634
5.865384
---
0.998529
0.013354
-0.002082
-0.052510
-0.005683
-0.002476
-0.010377
-0.003181
0.004313
-0.036877
-0.002753
-0.026890
-0.999635
5.883085
---
0.998517
0.013349
-0.002121
-0.052744
-0.005760
-0.002471
-0.010377
0.002352
-0.009092
-0.034329
-0.002830
-0.026885
-0.999635
5.899111
---
0.998502
0.013342
-0.002104
-0.053012
0.000141
0.001450
-0.012330
0.001142
0.006688
-0.034778
-0.002789
-0.026870
-0.999635
5.916382
---
0.998484
0.013369
-0.002057
-0.053353
-0.000725
0.001404
-0.012329
0.000782
0.009096
-0.022784
-0.002678
-0.026917
-0.999634
5.934360
---
0.998470
0.013407
-0.002079
-0.053605
-0.000755
0.001323
-0.012327
0.007223
-0.010840
-0.030568
-0.002708
-0.026997
-0.999632
5.950475
---
0.998461
0.013448
-0.002046
-0.053761
0.002228
0.005152
-0.015255
0.010786
0.000345
-0.020532
-0.002655
-0.027074
-0.999630
5.967599
---
0.998452
0.013470
-0.002046
-0.053935
0.003219
-0.003679
-0.016230
-0.004247
0.004292
-0.034400
-0.002640
-0.027117
-0.999629
5.983713
---
0.998436
0.013469
-0.002024
-0.054220
0.002291
-0.003677
-0.014277
0.000008
-0.002177
-0.030695
-0.002592
-0.027115
-0.999629
6.001354
---
0.998420
0.013470
-0.002032
-0.054509
0.002290
-0.003682
-0.014277
-0.001323
-0.000276
-0.051208
-0.002592
-0.027119
-0.999629
6.018475
---
0.998395
0.013468
-0.002090
-0.054966
0.000237
0.000223
-0.016230
-0.005210
-0.006376
-0.042984
-0.002693
-0.027121
-0.999629
6.035508
---
0.998370
0.013445
-0.002050
-0.055425
0.000320
-0.000707
-0.016232
-0.006154
0.000215
-0.056136
-0.002610
-0.027074
-0.999630
6.052659
---
0.998345
0.013429
-0.002068
-0.055884
0.000297
-0.000679
-0.016232
0.001277
-0.002343
-0.059995
-0.002633
-0.027046
-0.999631
6.068774
---
0.998315
0.013409
-0.002079
-0.056423
0.001271
-0.003571
-0.012327
-0.000147
-0.006113
-0.040645
-0.002635
-0.027009
-0.999632
6.085897
---
0.998297
0.013388
-0.002086
-0.056744
0.000285
-0.005485
-0.013305
-0.003171
0.000320
-0.046062
-0.002644
-0.026970
-0.999633
6.102929
---
0.998287
0.013316
-0.002068
-0.056934
0.000316
-0.005337
-0.013309
-0.008957
0.005059
-0.006361
-0.002614
-0.026822
-0.999637
6.120078
---
0.998290
0.013298
-0.002100
-0.056878
0.001214
0.002507
-0.018192
0.000696
-0.002718
0.030167
-0.002692
-0.026790
-0.999638
6.137324
---
0.998302
0.013268
-0.002121
-0.056682
-0.000785
-0.007200
-0.014287
-0.004161
-0.001995
0.022745
-0.002738
-0.026731
-0.999639
6.154445
---
0.998333
0.013212
-0.002097
-0.056138
-0.000758
-0.007088
-0.014291
-0.009578
0.009493
0.067779
-0.002711
-0.026619
-0.999642
6.171478
---
0.998368
0.013182
-0.002061
-0.055535
-0.000713
-0.003114
-0.010386
-0.004454
-0.000820
0.091346
-0.002666
-0.026552
-0.999644
6.188629
---
0.998413
0.013188
-0.002028
-0.054705
-0.007494
0.001763
-0.016245
-0.003416
0.000833
0.081194
-0.002611
-0.026557
-0.999644
6.205355
---
0.998436
0.013213
-0.001991
-0.054293
-0.007429
0.001715
-0.016244
0.002673
0.007662
0.061100
-0.002547
-0.026605
-0.999643
6.222475
---
0.998467
0.013235
-0.001942
-0.053717
0.000468
0.001682
-0.015267
0.003733
0.005931
0.049048
-0.002462
-0.026638
-0.999642
6.239875
---
0.998485
0.013260
-0.001953
-0.053359
-0.000534
0.002607
-0.012336
0.001926
0.000483
0.046887
-0.002487
-0.026690
-0.999641
6.255989
---
0.998491
0.013291
-0.001934
-0.053240
-0.000504
0.002547
-0.012335
0.005943
-0.002440
0.021731
-0.002457
-0.026750
-0.999639
6.273356
---
0.998499
0.013307
-0.001972
-0.053093
0.002343
0.000559
-0.017216
-0.000278
-0.002485
0.016254
-0.002539
-0.026785
-0.999638
6.290477
---
0.998502
0.013292
-0.001976
-0.053037
-0.005471
-0.006247
-0.015264
-0.004161
-0.000649
0.006569
-0.002541
-0.026755
-0.999639
6.307505
---
0.998517
0.013266
-0.001972
-0.052767
-0.005473
-0.006194
-0.015265
0.000836
-0.003730
0.042473
-0.002544
-0.026701
-0.999640
6.325090
---
0.998534
0.013255
-0.001949
-0.052452
0.000410
0.001644
-0.012336
-0.001570
0.006186
0.044801
-0.002519
-0.026676
-0.999641
6.341659
---
0.998557
0.013253
-0.001918
-0.052014
0.004369
-0.000303
-0.014290
-0.002673
0.009355
0.051206
-0.002467
-0.026670
-0.999641
6.358355
---
0.998586
0.013238
-0.001907
-0.051443
0.004371
-0.000270
-0.014291
-0.001755
-0.004736
0.075892
-0.002465
-0.026638
-0.999642
6.375965
---
0.998615
0.013257
-0.001903
-0.050873
0.001453
-0.002258
-0.014290
-0.000580
0.006302
0.064979
-0.002453
-0.026672
-0.999641
6.392265
---
0.998640
0.013288
-0.001895
-0.050376
0.000481
0.001589
-0.016241
0.000763
-0.001630
0.060784
-0.002449
-0.026731
-0.999640
6.409720
---
0.998644
0.013357
-0.001875
-0.050275
0.000527
0.001454
-0.016238
-0.000672
0.002571
0.006992
-0.002403
-0.026867
-0.999636
6.426356
---
0.998652
0.013338
-0.001851
-0.050131
-0.000416
-0.002411
-0.010380
0.000639
-0.003565
0.018707
-0.002369
-0.026825
-0.999637
6.444087
---
0.998653
0.013350
-0.001855
-0.050106
-0.002370
0.003420
-0.015262
0.004739
0.004243
-0.028472
-0.002370
-0.026854
-0.999637
6.460145
---
0.998640
0.013338
-0.001867
-0.050375
0.003468
-0.002416
-0.011356
-0.002265
-0.006839
-0.026778
-0.002391
-0.026830
-0.999637
6.477297
---
0.998622
0.013345
-0.001855
-0.050722
0.003514
-0.002427
-0.011356
0.005614
0.005252
-0.042427
-0.002345
-0.026841
-0.999637
6.495271
---
0.998605
0.013363
-0.001887
-0.051044
-0.001428
0.005343
-0.016237
0.004331
-0.000403
-0.038874
-0.002404
-0.026884
-0.999636
6.511385
---
0.998585
0.013387
-0.001875
-0.051439
-0.002374
-0.001537
-0.016236
0.001068
0.004333
-0.039797
-0.002374
-0.026928
-0.999635
6.529363
---
0.998567
0.013397
-0.001895
-0.051782
-0.002402
-0.001562
-0.016235
0.000197
0.002793
-0.039945
-0.002402
-0.026953
-0.999634
6.545388
---
0.998555
0.013406
-0.001907
-0.052010
0.005389
-0.001582
-0.013305
-0.003445
-0.005268
-0.017779
-0.002424
-0.026972
-0.999633
6.563365
---
0.998545
0.013367
-0.001945
-0.052203
0.002390
-0.000534
-0.014283
-0.005776
-0.004158
-0.020512
-0.002492
-0.026901
-0.999635
6.579997
---
0.998536
0.013357
-0.001980
-0.052369
0.002327
-0.000515
-0.014284
0.003455
-0.011237
-0.015970
-0.002556
-0.026882
-0.999635
6.596021
---
0.998532
0.013403
-0.002021
-0.052436
0.002252
0.004270
-0.015258
0.004587
-0.007117
-0.007427
-0.002631
-0.026980
-0.999633
6.613326
---
0.998527
0.013442
-0.002035
-0.052535
-0.003644
0.002241
-0.015255
0.008755
-0.005257
-0.003589
-0.002667
-0.027056
-0.999630
6.631057
---
0.998518
0.013482
-0.002039
-0.052691
-0.003620
0.002158
-0.015253
0.003115
0.001179
-0.023876
-0.002643
-0.027138
-0.999628
6.647172
---
0.998509
0.013468
-0.002024
-0.052861
-0.006523
-0.001720
-0.010371
-0.005442
0.003361
-0.022897
-0.002617
-0.027111
-0.999629
6.664355
---
0.998497
0.013494
-0.001938
-0.053091
0.000479
0.007026
-0.025019
0.000550
0.000206
-0.019466
-0.002451
-0.027154
-0.999628
6.681479
---
0.998486
0.013612
-0.001895
-0.053268
0.000592
0.006791
-0.025013
0.005793
0.003515
-0.014647
-0.002338
-0.027389
-0.999622
6.698541
---
0.998468
0.013590
-0.002057
-0.053596
-0.001675
-0.001969
0.016979
-0.000315
-0.021186
-0.036052
-0.002651
-0.027360
-0.999622
6.715689
---
0.998450
0.013620
-0.001995
-0.053921
0.000419
-0.000069
-0.057238
0.001479
0.023027
-0.036738
-0.002511
-0.027412
-0.999621
6.732538
---
0.998433
0.013632
-0.001891
-0.054245
0.000633
-0.000082
-0.057238
-0.000397
-0.003901
-0.028874
-0.002297
-0.027425
-0.999621
6.749662
---
0.998420
0.013567
-0.002032
-0.054490
0.005231
-0.007782
0.005259
-0.005058
-0.010656
-0.021863
-0.002582
-0.027313
-0.999624
6.766386
---
0.998417
0.013511
-0.001995
-0.054567
0.008233
-0.004737
-0.006463
-0.008318
0.004393
0.023993
-0.002509
-0.027198
-0.999627
6.783508
---
0.998424
0.013452
-0.002097
-0.054440
-0.002718
0.000252
-0.025996
0.000897
-0.008436
0.008500
-0.002718
-0.027092
-0.999629
6.801333
---
0.998428
0.013437
-0.002061
-0.054368
-0.002656
0.000290
-0.025998
-0.002663
0.018897
0.014823
-0.002656
-0.027054
-0.999630
6.817447
---
0.998438
0.013450
-0.002032
-0.054183
0.002288
-0.000711
-0.007442
0.002964
-0.008617
0.017440
-0.002594
-0.027078
-0.999630
6.834510
---
0.998446
0.013423
-0.002057
-0.054048
0.002217
-0.000662
-0.007444
-0.001985
0.009189
0.015210
-0.002666
-0.027029
-0.999631
6.851660
---
0.998452
0.013402
-0.002006
-0.053947
-0.006469
-0.001587
-0.014281
-0.009267
0.004218
0.005186
-0.002563
-0.026977
-0.999633
6.867777
---
0.998456
0.013400
-0.002002
-0.053864
-0.002555
-0.000609
-0.027953
-0.002158
0.001815
0.003377
-0.002555
-0.026976
-0.999633
6.884899
---
0.998463
0.013429
-0.001945
-0.053738
0.003418
-0.000658
0.001345
0.002392
-0.003697
0.019342
-0.002441
-0.027025
-0.999632
6.902049
---
0.998467
0.013401
-0.002002
-0.053661
0.003297
-0.000610
0.001344
-0.005464
-0.008204
0.008224
-0.002562
-0.026977
-0.999633
6.919172
---
0.998470
0.013389
-0.001961
-0.053612
0.004354
0.001372
-0.020142
-0.005457
-0.004875
0.004053
-0.002482
-0.026949
-0.999634
6.936236
---
0.998471
0.013380
-0.002039
-0.053593
0.002239
0.003335
-0.010376
0.000631
-0.011963
0.008103
-0.002644
-0.026939
-0.999634
6.953387
---
0.998462
0.013397
-0.002057
-0.053764
0.002206
0.003300
-0.010375
0.003390
0.000531
-0.023223
-0.002676
-0.026974
-0.999633
6.970844
---
0.998450
0.013433
-0.002125
-0.053973
0.003064
0.002244
-0.015255
0.004319
-0.012492
-0.042187
-0.002795
-0.027053
-0.999630
6.986901
---
0.998429
0.013468
-0.002218
-0.054350
0.006803
0.003140
-0.014276
0.007477
-0.007054
-0.039988
-0.002962
-0.027134
-0.999627
7.004753
---
0.998413
0.013520
-0.002300
-0.054612
0.006647
0.003024
-0.014272
0.009892
-0.011364
-0.030261
-0.003119
-0.027249
-0.999624
7.020868
---
0.998393
0.013522
-0.002364
-0.054985
-0.007148
0.000080
-0.013295
0.001076
-0.001498
-0.027994
-0.003241
-0.027264
-0.999623
7.038356
---
0.998382
0.013527
-0.002389
-0.055181
0.000617
-0.004816
-0.020130
-0.000110
-0.003925
-0.027066
-0.003289
-0.027276
-0.999623
7.055421
---
0.998370
0.013532
-0.002373
-0.055400
0.000660
-0.004822
-0.020130
0.001240
0.001820
-0.019438
-0.003246
-0.027283
-0.999623
7.073334
---
0.998368
0.013500
-0.002426
-0.055443
0.005438
-0.002811
-0.014272
-0.003511
-0.000253
0.003464
-0.003351
-0.027225
-0.999624
7.089449
---
0.998364
0.013486
-0.002441
-0.055519
-0.002400
-0.003764
-0.014273
-0.005812
-0.001539
-0.013881
-0.003376
-0.027202
-0.999624
7.106511
---
0.998351
0.013456
-0.002438
-0.055743
-0.002399
-0.003703
-0.014274
-0.002921
-0.002930
-0.020316
-0.003375
-0.027140
-0.999626
7.123542
---
0.998338
0.013402
-0.002484
-0.055992
0.004355
-0.003601
-0.010371
-0.007674
-0.001653
-0.026955
-0.003457
-0.027039
-0.999628
7.141363
---
0.998333
0.013373
-0.002543
-0.056093
0.004230
-0.001598
-0.006465
0.002040
-0.006448
-0.020089
-0.003582
-0.026988
-0.999629
7.158333
---
0.998317
0.013406
-0.002595
-0.056358
0.004134
-0.001670
-0.006463
0.006188
0.008061
-0.034370
-0.003679
-0.027061
-0.999627
7.174386
---
0.998295
0.013408
-0.002635
-0.056742
-0.003738
-0.000701
-0.015252
-0.000027
-0.005881
-0.055583
-0.003738
-0.027068
-0.999627
7.191907
---
0.998271
0.013371
-0.002627
-0.057184
-0.002743
-0.005511
-0.015254
-0.004097
0.001539
-0.043668
-0.003719
-0.026996
-0.999629
7.207928
---
0.998246
0.013316
-0.002604
-0.057619
-0.002691
-0.005400
-0.015257
-0.005005
-0.001926
-0.038453
-0.003667
-0.026884
-0.999632
7.225358
---
0.998236
0.013280
-0.002632
-0.057813
0.003113
-0.001426
-0.018188
-0.004788
-0.003686
-0.021402
-0.003722
-0.026817
-0.999633
7.242359
---
0.998230
0.013273
-0.002669
-0.057912
0.002072
0.000534
-0.015258
0.004853
-0.012663
-0.008207
-0.003787
-0.026810
-0.999633
7.259390
---
0.998218
0.013304
-0.002730
-0.058103
0.001960
0.000463
-0.015256
0.000165
-0.009915
-0.031713
-0.003899
-0.026880
-0.999631
7.276876
---
0.998217
0.013301
-0.002699
-0.058121
-0.006769
-0.002455
-0.014280
-0.001013
0.004329
0.005240
-0.003839
-0.026869
-0.999632
7.293267
---
0.998219
0.013278
-0.002677
-0.058092
-0.002829
-0.005336
-0.011352
-0.005124
0.004127
0.001701
-0.003806
-0.026820
-0.999633
7.311211
---
0.998221
0.013216
-0.002674
-0.058074
0.000094
-0.003260
-0.016238
-0.009768
-0.002147
-0.000135
-0.003812
-0.026697
-0.999636
7.327970
---
0.998221
0.013174
-0.002694
-0.058087
0.000058
-0.003177
-0.016240
-0.003516
0.001268
-0.000900
-0.003848
-0.026615
-0.999638
7.344083
---
0.998223
0.013135
-0.002724
-0.058054
0.002925
-0.005057
-0.017218
-0.000013
-0.004459
0.004851
-0.003911
-0.026541
-0.999640
7.361329
---
0.998222
0.013139
-0.002697
-0.058073
-0.001893
0.001772
-0.009406
0.003303
-0.000560
-0.005489
-0.003846
-0.026548
-0.999640
7.378906
---
0.998222
0.013157
-0.002694
-0.058073
-0.001901
0.001736
-0.009405
0.001561
-0.000599
0.004744
-0.003854
-0.026585
-0.999639
7.395023
---
0.998220
0.013157
-0.002746
-0.058107
-0.002977
-0.000220
-0.009404
0.001574
-0.005323
-0.002825
-0.003954
-0.026587
-0.999639
7.412147
---
0.998221
0.013173
-0.002730
-0.058090
-0.000021
0.002680
-0.013310
0.002943
-0.003613
-0.002127
-0.003927
-0.026616
-0.999638
7.429329
---
0.998219
0.013207
-0.002732
-0.058103
-0.000017
0.002611
-0.013308
0.006107
0.005997
0.000081
-0.003923
-0.026686
-0.999636
7.446452
---
0.998219
0.013215
-0.002699
-0.058115
-0.000922
-0.001305
-0.015261
-0.002495
0.007318
0.004221
-0.003852
-0.026696
-0.999636
7.464368
---
0.998220
0.013214
-0.002716
-0.058089
0.000021
-0.001307
-0.010378
0.003936
0.000743
0.001682
-0.003885
-0.026698
-0.999636
7.480481
---
0.998228
0.013190
-0.002708
-0.057969
0.000029
-0.001256
-0.010380
-0.001026
0.000305
0.013070
-0.003877
-0.026647
-0.999637
7.498366
---
0.998238
0.013164
-0.002716
-0.057801
-0.001945
-0.004134
-0.013311
-0.005831
-0.000605
0.024215
-0.003898
-0.026595
-0.999639
7.515488
---
0.998248
0.013165
-0.002694
-0.057622
0.003943
0.000749
-0.016240
0.001512
0.001986
0.021637
-0.003870
-0.026595
-0.999639
7.531481
---
0.998275
0.013195
-0.002732
-0.057145
0.003865
0.000687
-0.016238
0.001916
-0.004257
0.063312
-0.003947
-0.026657
-0.999637
7.548605
---
0.998312
0.013160
-0.002727
-0.056510
0.000921
-0.000218
-0.008428
-0.000398
0.004490
0.060111
-0.003962
-0.026585
-0.999639
7.565391
---
0.998332
0.013181
-0.002724
-0.056138
-0.001035
-0.000258
-0.016239
0.002302
0.005467
0.067192
-0.003965
-0.026625
-0.999638
7.582513
---
0.998359
0.013201
-0.002730
-0.055661
-0.001054
-0.000296
-0.016238
-0.004955
-0.005955
0.045515
-0.003984
-0.026663
-0.999637
7.599546
---
0.998378
0.013203
-0.002730
-0.055316
-0.000086
-0.000298
-0.020144
-0.003784
0.003770
0.025319
-0.003992
-0.026665
-0.999636
7.616696
---
0.998388
0.013180
-0.002716
-0.055142
-0.001037
-0.005135
-0.015263
-0.002552
0.003200
0.005929
-0.003967
-0.026619
-0.999638
7.633331
---
0.998390
0.013165
-0.002716
-0.055105
-0.001040
-0.005105
-0.015264
-0.003774
-0.000054
-0.002702
-0.003970
-0.026590
-0.999639
7.650451
---
0.998391
0.013126
-0.002680
-0.055103
-0.003902
-0.001114
-0.014289
-0.002432
0.010759
0.001043
-0.003902
-0.026505
-0.999641
7.668245
---
0.998388
0.013142
-0.002658
-0.055149
-0.003864
-0.000171
-0.017219
0.001367
0.001644
-0.007009
-0.003864
-0.026539
-0.999640
7.684360
---
0.998377
0.013067
-0.002635
-0.055363
-0.009682
-0.011735
-0.016246
-0.012435
0.000681
-0.020042
-0.003823
-0.026384
-0.999645
7.701360
---
0.998370
0.013019
-0.002612
-0.055509
-0.009634
-0.011640
-0.016249
-0.006176
0.005769
-0.012530
-0.003775
-0.026288
-0.999647
7.718481
---
0.998368
0.012973
-0.002618
-0.055551
0.003045
-0.000807
-0.014298
-0.009743
0.000497
-0.003152
-0.003791
-0.026198
-0.999650
7.735546
---
0.998370
0.012940
-0.002618
-0.055523
0.001089
-0.003670
-0.015276
-0.006236
0.001703
0.001994
-0.003794
-0.026131
-0.999651
7.752695
---
0.998373
0.012909
-0.002604
-0.055471
0.001107
-0.003605
-0.015278
0.000424
0.004834
0.001403
-0.003776
-0.026066
-0.999653
7.769360
---
0.998376
0.012890
-0.002531
-0.055427
-0.006550
-0.001604
-0.021139
-0.003186
0.009572
0.006733
-0.003621
-0.026018
-0.999655
7.786481
---
0.998381
0.012866
-0.002496
-0.055341
0.000347
-0.002532
-0.014305
-0.002103
0.006655
0.004664
-0.003559
-0.025969
-0.999656
7.803848
---
0.998389
0.012852
-0.002505
-0.055202
0.000323
-0.002500
-0.014306
-0.004509
-0.004214
0.020706
-0.003583
-0.025938
-0.999657
7.819962
---
0.998394
0.012791
-0.002499
-0.055129
-0.003581
-0.002383
-0.022121
-0.000508
0.007781
0.001337
-0.003581
-0.025821
-0.999660
7.837360
---
0.998401
0.012759
-0.002478
-0.055019
0.002312
0.000616
-0.017240
-0.003278
-0.005396
0.015498
-0.003548
-0.025752
-0.999662
7.854393
---
0.998401
0.012742
-0.002469
-0.055026
0.002321
0.000652
-0.017241
-0.001437
0.003807
0.000895
-0.003538
-0.025715
-0.999663
7.871453
---
0.998401
0.012750
-0.002466
-0.055020
0.000371
0.003567
-0.011382
0.001004
0.000151
-0.001736
-0.003536
-0.025729
-0.999663
7.888602
---
0.998399
0.012796
-0.002552
-0.055039
0.001199
0.002489
-0.012355
0.010266
-0.005111
0.001434
-0.003684
-0.025831
-0.999660
7.905359
---
0.998397
0.012841
-0.002502
-0.055060
0.001287
0.002406
-0.012353
0.011555
0.000381
0.000949
-0.003596
-0.025914
-0.999658
7.922481
---
0.998396
0.012868
-0.002549
-0.055084
0.007073
0.002343
-0.009421
0.005244
-0.004769
-0.010066
-0.003669
-0.025977
-0.999656
7.940366
---
0.998392
0.012875
-0.002584
-0.055153
0.001142
-0.002558
-0.012350
0.004425
-0.007358
-0.002525
-0.003741
-0.025996
-0.999655
7.957337
---
0.998394
0.012927
-0.002615
-0.055100
0.001083
-0.002664
-0.012347
0.003823
-0.003271
0.001643
-0.003800
-0.026102
-0.999652
7.973361
---
0.998398
0.012945
-0.002624
-0.055015
0.000090
0.002183
-0.010393
0.003782
-0.003161
0.011210
-0.003816
-0.026138
-0.999651
7.990424
---
0.998399
0.012941
-0.002629
-0.054992
-0.001881
-0.003666
-0.013323
-0.001853
-0.000662
-0.001405
-0.003834
-0.026127
-0.999651
8.007449
---
0.998403
0.012929
-0.002610
-0.054929
-0.001849
-0.003645
-0.013324
-0.000802
0.001919
0.012735
-0.003802
-0.026106
-0.999652
8.024756
---
0.998412
0.012930
-0.002604
-0.054771
0.002063
-0.001691
-0.016254
0.000503
-0.001323
0.028123
-0.003797
-0.026105
-0.999652
8.040869
---
0.998424
0.012905
-0.002655
-0.054559
-0.002926
-0.003599
-0.016254
0.000367
-0.000772
0.017921
-0.003903
-0.026060
-0.999653
8.058329
---
0.998435
0.012903
-0.002615
-0.054353
-0.002854
-0.003590
-0.016255
-0.002523
0.001943
0.032383
-0.003830
-0.026051
-0.999653
8.075787
---
0.998449
0.012890
-0.002592
-0.054093
0.004030
0.000349
-0.015279
0.000016
0.006978
0.040037
-0.003782
-0.026019
-0.999654
8.092239
---
0.998461
0.012931
-0.002604
-0.053870
0.000097
0.001242
-0.015277
0.011351
-0.001588
0.001908
-0.003809
-0.026102
-0.999652
8.109940
---
0.998466
0.012923
-0.002607
-0.053784
0.000091
0.001256
-0.015277
-0.000822
-0.005054
0.008245
-0.003815
-0.026088
-0.999652
8.126361
---
0.998472
0.012919
-0.002624
-0.053670
0.005910
0.000286
-0.016254
0.001651
-0.000079
0.009275
-0.003856
-0.026081
-0.999652
8.144367
---
0.998475
0.012879
-0.002615
-0.053622
-0.001897
-0.005495
-0.010397
-0.003605
0.004427
0.001965
-0.003850
-0.026003
-0.999655
8.161338
---
0.998478
0.012889
-0.002612
-0.053566
0.007879
0.000346
-0.010396
0.002038
-0.002269
0.017323
-0.003840
-0.026022
-0.999654
8.177454
---
0.998482
0.012923
-0.002649
-0.053469
0.007814
0.000278
-0.010394
0.012461
0.005343
0.007426
-0.003905
-0.026089
-0.999652
8.194515
---
0.998490
0.012960
-0.002672
-0.053317
0.000934
0.003131
-0.012345
-0.002277
0.000951
0.023982
-0.003949
-0.026166
-0.999650
8.212156
---
0.998496
0.012963
-0.002669
-0.053205
-0.001025
-0.000782
-0.016251
-0.000913
0.003679
0.012832
-0.003955
-0.026172
-0.999650
8.228729
---
0.998502
0.012954
-0.002677
-0.053089
-0.001039
-0.000763
-0.016252
-0.002157
-0.009991
0.011851
-0.003969
-0.026154
-0.999650
8.245117
---
0.998509
0.012971
-0.002677
-0.052955
-0.001046
-0.001772
-0.014298
0.002735
0.004539
0.016959
-0.003975
-0.026187
-0.999649
8.262330
---
0.998520
0.012958
-0.002666
-0.052748
-0.001038
0.000207
-0.015275
-0.002607
0.001263
0.029115
-0.003968
-0.026160
-0.999650
8.279636
---
0.998527
0.012981
-0.002677
-0.052613
-0.001049
0.000161
-0.015274
-0.001067
0.005649
0.013120
-0.003979
-0.026206
-0.999649
8.295750
---
0.998527
0.012991
-0.002688
-0.052610
-0.000100
0.000141
-0.018203
0.001329
0.000517
-0.001502
-0.004006
-0.026226
-0.999648
8.313146
---
0.998528
0.012972
-0.002740
-0.052585
-0.001181
-0.001782
-0.019180
0.002706
-0.008940
-0.007534
-0.004111
-0.026196
-0.999648
8.330910
---
0.998519
0.012997
-0.002710
-0.052751
-0.001115
-0.001825
-0.019179
0.002068
0.005620
-0.018867
-0.004045
-0.026239
-0.999647
8.347029
---
0.998511
0.013021
-0.002724
-0.052907
-0.001142
0.000074
-0.012341
0.003164
-0.000896
-0.026819
-0.004071
-0.026293
-0.999646
8.364362
---
0.998498
0.013041
-0.002697
-0.053139
-0.002046
0.002966
-0.010387
0.001785
0.002053
-0.027503
-0.003999
-0.026331
-0.999645
8.381485
---
0.998488
0.013071
-0.002655
-0.053332
-0.001953
0.002910
-0.010386
0.003878
0.005769
-0.025250
-0.003906
-0.026387
-0.999644
8.398515
---
0.998470
0.013070
-0.002652
-0.053654
-0.001939
-0.002950
-0.017222
0.000168
-0.009247
-0.046244
-0.003892
-0.026387
-0.999644
8.415666
---
0.998454
0.013095
-0.002658
-0.053958
0.003916
-0.002025
-0.016244
0.001605
0.001821
-0.041193
-0.003897
-0.026439
-0.999643
8.431722
---
0.998438
0.013099
-0.002658
-0.054256
0.003923
-0.002032
-0.016244
0.003098
-0.005391
-0.029499
-0.003890
-0.026446
-0.999643
8.448873
---
0.998427
0.013108
-0.002713
-0.054451
0.003826
0.000874
-0.012337
0.000694
-0.004939
-0.007560
-0.003987
-0.026470
-0.999642
8.466361
---
0.998416
0.013122
-0.002708
-0.054646
-0.002017
-0.000133
-0.015266
0.002210
0.004474
-0.020263
-0.003971
-0.026500
-0.999641
8.483484
---
0.998411
0.013103
-0.002702
-0.054742
0.003860
-0.002047
-0.016244
-0.000292
0.005336
-0.014137
-0.003953
-0.026461
-0.999642
8.501339
---
0.998408
0.013092
-0.002719
-0.054804
0.003822
-0.002027
-0.016244
-0.002152
-0.007170
-0.003865
-0.003991
-0.026441
-0.999642
8.517454
---
0.998403
0.013077
-0.002754
-0.054888
-0.000156
-0.003956
-0.015268
-0.003369
-0.008468
-0.019697
-0.004062
-0.026417
-0.999643
8.534517
---
0.998396
0.013043
-0.002735
-0.055028
-0.005982
-0.002908
-0.014293
-0.005829
0.001757
-0.016701
-0.004029
-0.026345
-0.999645
8.551666
---
0.998379
0.013044
-0.002660
-0.055335
-0.005824
-0.002903
-0.014294
-0.003403
0.008342
-0.049343
-0.003871
-0.026341
-0.999646
8.567783
---
0.998359
0.013068
-0.002646
-0.055693
-0.004801
-0.000997
-0.014293
-0.004643
0.001909
-0.053270
-0.003825
-0.026387
-0.999644
8.584905
---
0.998335
0.013079
-0.002638
-0.056112
0.003030
-0.001019
-0.017222
-0.003141
0.001610
-0.034045
-0.003806
-0.026410
-0.999644
8.602332
---
0.998313
0.013080
-0.002598
-0.056517
0.003127
-0.001018
-0.017222
0.000546
0.007655
-0.043198
-0.003709
-0.026408
-0.999644
8.619456
---
0.998293
0.013124
-0.002601
-0.056847
-0.002727
0.001820
-0.014290
0.015126
-0.002634
-0.012442
-0.003703
-0.026501
-0.999642
8.637340
---
0.998283
0.013207
-0.002590
-0.057002
0.000236
-0.001274
-0.008427
0.004056
0.000284
-0.020031
-0.003670
-0.026664
-0.999638
8.653453
---
0.998289
0.013197
-0.002575
-0.056914
0.000261
-0.001253
-0.008427
0.001746
0.006557
0.007476
-0.003645
-0.026644
-0.999638
8.670546
---
0.998294
0.013271
-0.002627
-0.056802
-0.001785
0.006405
-0.016235
0.012671
-0.001511
0.020325
-0.003738
-0.026798
-0.999634
8.687668