---
0.881659
0.017073
-0.008590
-0.471500
-0.010765
0.000857
-0.032473
0.040808
0.060413
0.057223
0.000953
-0.038205
-0.999269
0.000000
---
0.882524
0.017909
-0.008045
-0.469857
0.005562
-0.000106
-0.010948
-0.003070
-0.026241
0.008647
0.002632
-0.039169
-0.999229
0.067482
---
0.882065
0.017231
-0.009234
-0.470722
0.011654
-0.001982
-0.009978
-0.032345
-0.121769
-0.071892
-0.000065
-0.039091
-0.999236
0.102090
---
0.881728
0.016570
-0.010041
-0.471360
0.009631
-0.001578
-0.009991
-0.016195
-0.092687
-0.062073
-0.002087
-0.038687
-0.999249
0.119244
---
0.881470
0.016408
-0.010239
-0.471843
-0.002569
-0.001480
-0.017807
-0.003673
-0.037986
-0.086118
-0.002569
-0.038589
-0.999252
0.135328
---
0.881212
0.016313
-0.010291
-0.472328
-0.004681
-0.006246
-0.015858
-0.020922
0.019900
-0.035236
-0.002728
-0.038472
-0.999256
0.152449
---
0.881015
0.016192
-0.010104
-0.472704
-0.004451
-0.005855
-0.015873
-0.024888
0.005638
-0.045479
-0.002498
-0.038082
-0.999272
0.169570
---
0.880846
0.016257
-0.009742
-0.473024
-0.004712
-0.002701
-0.019789
-0.004981
0.027816
-0.029890
-0.001782
-0.037857
-0.999282
0.186694
---
0.880694
0.016335
-0.009496
-0.473308
0.000692
0.000325
-0.011981
-0.003365
0.022231
-0.046637
-0.001261
-0.037761
-0.999286
0.203820
---
0.880510
0.016320
-0.009385
-0.473653
0.000884
0.000454
-0.011986
-0.009153
0.005701
-0.037091
-0.001069
-0.037632
-0.999291
0.220939
---
0.880421
0.016500
-0.009256
-0.473816
-0.002619
0.001235
-0.017839
0.010884
0.012045
-0.005457
-0.000666
-0.037828
-0.999284
0.238059
---
0.880318
0.016552
-0.009305
-0.474005
0.002238
0.000123
-0.006115
-0.001793
-0.012829
-0.015071
-0.000692
-0.037963
-0.999279
0.271298
---
0.880289
0.016465
-0.009353
-0.474060
0.001096
-0.000749
-0.007095
-0.009138
-0.010826
-0.007230
-0.000857
-0.037858
-0.999283
0.289429
---
0.880315
0.016478
-0.008868
-0.474021
-0.005853
-0.006171
-0.018831
-0.026015
0.038930
0.018539
0.000007
-0.037421
-0.999300
0.340183
---
0.880413
0.016435
-0.008609
-0.473844
-0.003491
-0.003897
-0.015913
-0.024541
0.026735
0.032704
0.000415
-0.037100
-0.999312
0.356297
---
0.879964
0.015592
-0.009332
-0.474692
0.002284
0.000808
-0.013988
0.000056
-0.041240
-0.028951
-0.001622
-0.036302
-0.999340
0.424784
---
0.879883
0.015460
-0.009554
-0.474843
0.001776
0.000828
-0.013988
-0.007362
-0.041334
-0.023856
-0.002130
-0.036282
-0.999339
0.441908
---
0.879757
0.015563
-0.009686
-0.475069
-0.001279
0.004432
-0.017883
0.023335
0.004151
-0.026984
-0.002256
-0.036584
-0.999328
0.459033
---
0.879613
0.015631
-0.009879
-0.475330
0.005296
0.003150
-0.012988
0.019058
-0.029873
-0.035808
-0.002517
-0.036889
-0.999316
0.476154
---
0.879428
0.015598
-0.010136
-0.475668
0.004821
0.002960
-0.012980
0.013367
-0.031482
-0.044124
-0.002992
-0.037079
-0.999308
0.492279
---
0.879358
0.015681
-0.010076
-0.475796
-0.006706
-0.002012
-0.015907
0.009893
0.011707
-0.019835
-0.002799
-0.037168
-0.999305
0.509390
---
0.879089
0.015805
-0.010011
-0.476290
-0.006451
-0.002166
-0.015902
-0.001405
0.011040
-0.054949
-0.002545
-0.037322
-0.999300
0.526516
---
0.878769
0.015864
-0.009989
-0.476879
0.001479
-0.000299
-0.012969
0.003768
-0.002518
-0.079978
-0.002427
-0.037408
-0.999297
0.543634
---
0.878493
0.015857
-0.009865
-0.477390
-0.002194
-0.004075
-0.011998
-0.003353
0.012455
-0.075111
-0.002194
-0.037278
-0.999303
0.560758
---
0.877648
0.016581
-0.009299
-0.478928
-0.007276
0.004956
-0.017832
0.029495
0.042065
-0.072445
-0.000440
-0.038013
-0.999277
0.612121
---
0.877418
0.016828
-0.009159
-0.479344
0.001039
-0.002176
-0.018797
0.009652
0.024269
-0.048225
0.000062
-0.038309
-0.999266
0.629246
---
0.877296
0.016896
-0.009113
-0.479566
0.001191
-0.002255
-0.018794
0.004855
0.005876
-0.030732
0.000215
-0.038388
-0.999263
0.645362
---
0.877236
0.016828
-0.009231
-0.479676
0.002880
-0.001271
-0.011959
0.001020
-0.014536
-0.006307
-0.000050
-0.038381
-0.999263
0.662482
---
0.877195
0.016823
-0.009193
-0.479752
-0.001940
-0.002203
-0.010007
-0.005532
0.004383
0.004058
0.000013
-0.038336
-0.999265
0.679604
---
0.877168
0.016771
-0.009163
-0.479802
-0.001935
-0.002083
-0.010012
-0.003406
0.005428
-0.009579
0.000018
-0.038216
-0.999269
0.696729
---
0.877125
0.016922
-0.009058
-0.479878
-0.003555
0.001658
-0.011958
0.009657
0.015105
-0.011443
0.000351
-0.038381
-0.999263
0.713850
---
0.877054
0.016947
-0.008962
-0.480009
0.000549
-0.004152
-0.012937
-0.008775
0.008092
-0.011896
0.000549
-0.038332
-0.999265
0.730971
---
0.876992
0.016883
-0.008955
-0.480124
0.000504
-0.004032
-0.012941
-0.005990
-0.012817
-0.017086
0.000504
-0.038212
-0.999270
0.748095
---
0.876932
0.016783
-0.009016
-0.480237
0.004211
-0.000009
-0.015876
-0.012408
-0.017897
-0.005928
0.000305
-0.038095
-0.999274
0.765214
---
0.876894
0.016701
-0.009101
-0.480308
0.000082
0.001031
-0.011972
-0.001062
-0.015218
-0.012914
0.000082
-0.038032
-0.999277
0.781330
---
0.876859
0.016676
-0.009146
-0.480371
-0.000018
0.001031
-0.011972
-0.012845
-0.004161
0.009169
-0.000018
-0.038031
-0.999277
0.798452
---
0.876888
0.016572
-0.009087
-0.480323
-0.000996
-0.004592
-0.010028
-0.014876
0.001471
0.002967
-0.000019
-0.037795
-0.999286
0.815577
---
0.876925
0.016475
-0.009061
-0.480259
0.000908
-0.001466
-0.017848
-0.008603
-0.002397
0.017102
-0.000069
-0.037599
-0.999293
0.832694
---
0.876982
0.016455
-0.009060
-0.480155
0.000886
-0.001429
-0.017849
0.002450
0.022294
0.019083
-0.000090
-0.037562
-0.999294
0.849816
---
0.877097
0.016503
-0.008933
-0.479947
-0.005688
-0.000416
-0.011991
-0.011491
0.016332
0.024872
0.000171
-0.037526
-0.999296
0.866938
---
0.877107
0.016461
-0.009074
-0.479927
0.006718
0.003429
-0.013942
0.002261
-0.024947
0.012188
-0.000118
-0.037586
-0.999293
0.884064
---
0.877210
0.016552
-0.009068
-0.479736
0.006807
0.003276
-0.013936
0.008848
0.029577
0.038059
-0.000029
-0.037739
-0.999288
0.901183
---
0.877437
0.016681
-0.008953
-0.479319
-0.007532
-0.000745
-0.013932
0.003886
0.028064
0.078117
0.000281
-0.037854
-0.999283
0.917299
---
0.877768
0.016746
-0.008873
-0.478711
-0.003448
-0.002737
-0.012954
0.000914
0.011318
0.079461
0.000458
-0.037893
-0.999282
0.934423
---
0.877977
0.016751
-0.008852
-0.478328
0.009271
0.001180
-0.014907
0.002068
-0.014687
0.033049
0.000482
-0.037882
-0.999282
0.951542
---
0.878030
0.016682
-0.008944
-0.478232
0.009039
0.001213
-0.014908
-0.003705
-0.015851
0.009381
0.000250
-0.037850
-0.999283
0.968667
---
0.878011
0.016511
-0.009248
-0.478267
0.011272
0.002196
-0.014909
0.001058
-0.047918
-0.009995
-0.000447
-0.037843
-0.999284
0.985787
---
0.877996
0.016397
-0.009539
-0.478292
0.002838
0.002123
-0.010999
0.011606
-0.022447
0.002253
-0.001068
-0.037916
-0.999280
1.002911
---
0.878001
0.016355
-0.009715
-0.478281
0.002491
0.002026
-0.010995
0.009015
-0.021275
0.000965
-0.001416
-0.038013
-0.999276
1.020032
---
0.878040
0.016290
-0.009706
-0.478211
-0.004394
-0.004687
-0.018812
-0.013515
-0.004650
0.017044
-0.001465
-0.037890
-0.999281
1.037155
---
0.878084
0.016280
-0.009684
-0.478131
-0.002417
0.002189
-0.013931
0.009273
0.001469
0.003793
-0.001440
-0.037850
-0.999282
1.053275
---
0.878164
0.016375
-0.009634
-0.477982
-0.002245
0.002068
-0.013927
0.004646
0.005656
0.029584
-0.001268
-0.037971
-0.999278
1.070392
---
0.878250
0.016575
-0.009528
-0.477820
-0.002849
0.002797
-0.011964
0.015093
0.011048
0.014400
-0.000895
-0.038219
-0.999269
1.087513
---
0.878320
0.016649
-0.009463
-0.477690
-0.001696
-0.004108
-0.010985
0.001281
0.017854
0.024456
-0.000720
-0.038288
-0.999267
1.104635
---
0.878311
0.016677
-0.009372
-0.477707
-0.001504
-0.004073
-0.010987
-0.004483
0.014190
-0.010538
-0.000527
-0.038252
-0.999268
1.121728
---
0.878284
0.016675
-0.009317
-0.477758
-0.001410
-0.000110
-0.010989
0.005621
0.007058
-0.008700
-0.000433
-0.038196
-0.999270
1.138852
---
0.878196
0.016755
-0.009348
-0.477916
0.003501
0.005581
-0.008053
0.012701
-0.000843
-0.032606
-0.000406
-0.038365
-0.999264
1.155972
---
0.878041
0.016828
-0.009433
-0.478197
0.003436
0.005370
-0.008045
0.016781
-0.006297
-0.053628
-0.000470
-0.038575
-0.999256
1.173098
---
0.877910
0.016924
-0.009507
-0.478432
0.002431
0.004157
-0.013895
0.014287
-0.005907
-0.024932
-0.000499
-0.038812
-0.999246
1.190216
---
0.877811
0.016934
-0.009557
-0.478613
-0.002524
-0.002746
-0.016822
0.006536
-0.003277
-0.020598
-0.000571
-0.038879
-0.999244
1.206336
---
0.877862
0.016995
-0.009530
-0.478518
-0.002420
-0.002828
-0.016819
0.006264
0.015245
0.008293
-0.000467
-0.038961
-0.999241
1.223458
---
0.878064
0.017055
-0.009368
-0.478147
-0.005025
-0.000823
-0.009008
-0.003847
0.022727
0.075449
-0.000142
-0.038909
-0.999243
1.240574
---
0.878438
0.017220
-0.008930
-0.477463
-0.021708
-0.010463
-0.012919
-0.010011
0.081556
0.118577
0.000752
-0.038784
-0.999247
1.257697
---
0.878832
0.017405
-0.008509
-0.476737
-0.020825
-0.010384
-0.012921
-0.001342
0.024570
0.089215
0.001636
-0.038705
-0.999249
1.274819
---
0.879143
0.017462
-0.008368
-0.476165
0.003870
0.000389
-0.013899
-0.002670
0.019671
0.060348
0.001917
-0.038673
-0.999250
1.291940
---
0.879302
0.017543
-0.008291
-0.475869
0.001140
0.002272
-0.014872
0.009677
0.011639
0.028245
0.002116
-0.038744
-0.999247
1.309063
---
0.879427
0.017571
-0.008218
-0.475639
-0.000667
-0.004544
-0.009990
-0.012556
0.001459
0.032474
0.002263
-0.038724
-0.999247
1.326184
---
0.879479
0.017537
-0.008185
-0.475543
-0.000647
-0.004453
-0.009993
-0.004567
0.002996
0.000951
0.002283
-0.038633
-0.999251
1.342300
---
0.879500
0.017492
-0.008134
-0.475508
0.005256
-0.003349
-0.009998
-0.015190
-0.010197
-0.015739
0.002327
-0.038506
-0.999256
1.359426
---
0.879418
0.017312
-0.008192
-0.475666
0.006942
-0.003088
-0.013915
-0.015061
-0.026044
-0.027433
0.002059
-0.038244
-0.999266
1.376544
---
0.879331
0.017127
-0.008313
-0.475830
0.006564
-0.002876
-0.013924
-0.009846
-0.015876
-0.026752
0.001681
-0.038032
-0.999275
1.393668
---
0.879265
0.017068
-0.008347
-0.475955
0.001570
0.000126
-0.012950
-0.005766
0.000538
-0.015701
0.001570
-0.037960
-0.999278
1.410790
---
0.879225
0.017000
-0.008452
-0.476029
-0.000632
-0.000831
-0.020764
0.000130
-0.011475
-0.011677
0.001322
-0.037940
-0.999279
1.427914
---
0.879131
0.016957
-0.008505
-0.476202
-0.000758
-0.000805
-0.020765
-0.002068
-0.004426
-0.028303
0.001196
-0.037914
-0.999280
1.445034
---
0.878982
0.016895
-0.008664
-0.476477
0.008677
0.003059
-0.006115
0.001804
-0.024085
-0.041480
0.000865
-0.037957
-0.999279
1.462159
---
0.878843
0.016854
-0.008770
-0.476732
-0.004228
-0.002831
-0.012950
0.004399
-0.006605
-0.031676
0.000654
-0.037987
-0.999278
1.478268
---
0.878712
0.016866
-0.008751
-0.476974
-0.004172
-0.002835
-0.012950
-0.001641
-0.001832
-0.024072
0.000710
-0.037991
-0.999278
1.495395
---
0.878697
0.016835
-0.008708
-0.477003
0.001731
-0.002737
-0.013930
-0.008675
0.001967
0.019304
0.000755
-0.037894
-0.999282
1.512514
---
0.878976
0.016806
-0.008648
-0.476492
-0.012860
-0.005559
-0.018817
-0.015558
-0.000050
0.088055
0.000812
-0.037785
-0.999286
1.529636
---
0.879456
0.016593
-0.008831
-0.475609
-0.013422
-0.005361
-0.018825
-0.006001
0.005907
0.094903
0.000250
-0.037587
-0.999293
1.546760
---
0.879766
0.016562
-0.008740
-0.475038
-0.001597
-0.003265
0.012420
-0.014150
0.006531
0.107060
0.000356
-0.037444
-0.999299
1.563880
---
0.880349
0.016508
-0.008735
-0.473959
0.009057
0.000741
-0.011021
-0.007509
-0.012889
0.138756
0.000268
-0.037345
-0.999302
1.581002
---
0.880965
0.016138
-0.009142
-0.472818
0.007938
0.001005
-0.011031
-0.055079
-0.217380
0.182089
-0.000851
-0.037081
-0.999312
1.598125
---
0.881665
0.014577
-0.011115
-0.471519
0.032233
-0.002984
-0.022765
-0.037029
-0.212348
0.101686
-0.005853
-0.036187
-0.999328
1.615676
---
0.881377
0.012076
-0.015798
-0.471995
0.067535
0.023370
0.033994
-0.027115
-0.308246
-0.050249
-0.016449
-0.036200
-0.999209
1.648455
---
0.881146
0.011173
-0.017159
-0.472401
0.050630
-0.004654
0.009628
-0.018295
-0.163880
-0.050081
-0.019682
-0.035904
-0.999161
1.665577
---
0.881071
0.009888
-0.018758
-0.472509
0.019259
-0.013668
-0.022538
-0.043443
-0.219033
-0.006669
-0.023710
-0.035152
-0.999101
1.682701
---
0.880907
0.008856
-0.020052
-0.472782
0.016016
-0.013078
-0.022477
-0.030514
-0.208375
-0.056773
-0.026953
-0.034562
-0.999039
1.699822
---
0.880611
0.008068
-0.021132
-0.473300
0.051474
0.005827
0.004930
-0.023318
-0.183788
-0.098681
-0.029581
-0.034212
-0.998977
1.716943
---
0.880062
0.007063
-0.022319
-0.474282
0.047495
-0.003331
0.002073
-0.052057
-0.192353
-0.117708
-0.032583
-0.033604
-0.998904
1.734064
---
0.879290
0.005496
-0.024598
-0.475619
0.042047
0.018697
0.006153
-0.003515
-0.236596
-0.163315
-0.038032
-0.033061
-0.998729
1.751189
---
0.878763
0.004851
-0.025803
-0.476535
0.039354
0.018636
0.006261
-0.003457
-0.143348
-0.091440
-0.040724
-0.033121
-0.998621
1.767301
---
0.878594
0.005108
-0.025859
-0.476842
-0.029826
0.011282
-0.004470
0.037124
0.016635
-0.044708
-0.040568
-0.033640
-0.998610
1.784424
---
0.878622
0.005048
-0.026583
-0.476750
-0.031159
0.010706
-0.004395
0.030335
-0.069984
0.005569
-0.041901
-0.034216
-0.998536
1.801547
---
0.878759
0.005623
-0.026675
-0.476487
-0.011250
0.017433
-0.031717
0.059625
0.069706
0.067203
-0.041523
-0.035302
-0.998514
1.818670
---
0.879196
0.005530
-0.027105
-0.475656
0.022055
-0.000359
0.013249
0.012856
-0.097475
0.156825
-0.042398
-0.035515
-0.998469
1.835792
---
0.879770
0.005359
-0.027498
-0.474573
0.007484
-0.006234
-0.013079
0.002704
-0.005082
0.148335
-0.043298
-0.035531
-0.998430
1.852914
---
0.880583
0.005222
-0.027647
-0.473056
0.007034
-0.006062
-0.013065
-0.002382
-0.046266
0.249187
-0.043748
-0.035359
-0.998417
1.870035
---
0.881738
0.005027
-0.027856
-0.470889
-0.018998
-0.006782
-0.014022
0.002625
-0.042214
0.379485
-0.044388
-0.035102
-0.998397
1.887156
---
0.883447
0.004391
-0.028337
-0.467652
0.039003
-0.016694
-0.015934
-0.079223
-0.181270
0.325740
-0.045958
-0.034272
-0.998355
1.903272
---
0.884541
0.003138
-0.029337
-0.465529
0.035982
-0.015287
-0.015837
-0.070315
-0.198936
0.287013
-0.048979
-0.032865
-0.998259
1.920394
---
0.885665
0.002241
-0.030143
-0.463340
0.034623
0.000320
-0.014774
-0.045863
-0.095461
0.308356
-0.051315
-0.031906
-0.998173
1.937520
---
0.887261
0.001647
-0.030450
-0.460259
-0.021261
-0.011434
-0.002046
-0.027784
-0.007776
0.439781
-0.052511
-0.030965
-0.998140
1.954639
---
0.889613
0.001470
-0.029917
-0.455732
-0.020635
-0.010359
-0.002112
-0.070447
0.275901
0.761982
-0.051885
-0.029890
-0.998206
1.971760
---
0.892549
0.001843
-0.027626
-0.450099
-0.076952
-0.037927
-0.017021
-0.063428
0.298727
0.756355
-0.047655
-0.028161
-0.998467
1.989339
---
0.894874
0.001903
-0.027079
-0.445492
0.005979
0.001739
0.008310
0.008431
0.015597
0.599468
-0.046755
-0.027558
-0.998526
2.005460
---
0.897531
0.001859
-0.027219
-0.440107
0.005519
0.001988
0.008325
0.017596
0.036354
0.623668
-0.047216
-0.027308
-0.998511
2.022578
---
0.899800
0.001515
-0.027723
-0.435419
0.022711
0.000489
0.014237
0.005799
-0.045925
0.597554
-0.048578
-0.026854
-0.998458
2.039701
---
0.901407
0.000518
-0.028720
-0.432019
0.056101
-0.011119
0.007510
-0.077993
-0.257148
0.576607
-0.051321
-0.025767
-0.998350
2.056823
---
0.903605
-0.001021
-0.030074
-0.427309
0.052188
-0.009185
0.007670
-0.119259
-0.189649
0.589714
-0.055234
-0.023833
-0.998189
2.073944
---
0.905903
-0.002995
-0.031375
-0.422311
0.047064
-0.023013
0.002963
-0.093795
-0.143645
0.496060
-0.059382
-0.021060
-0.998013
2.091070
---
0.906727
-0.003296
-0.033770
-0.420350
0.084428
0.043013
0.012068
0.091492
-0.223278
0.138043
-0.064009
-0.022416
-0.997697
2.108190
---
0.906451
-0.003772
-0.036288
-0.420731
0.079475
0.041732
0.012428
0.036060
-0.519265
-0.172306
-0.068962
-0.023698
-0.997338
2.124304
---
0.905439
-0.005294
-0.040388
-0.422517
0.236840
0.051632
0.011131
0.044465
-0.556042
-0.265024
-0.077613
-0.024540
-0.996682
2.141427
---
0.904999
-0.007170
-0.043051
-0.423170
0.075190
-0.018576
-0.010839
-0.118697
-0.336486
0.000904
-0.083990
-0.023459
-0.996190
2.158547
---
0.905209
-0.007873
-0.043376
-0.422674
-0.141828
0.000049
-0.005879
0.019220
0.152151
0.103275
-0.085187
-0.022412
-0.996113
2.175671
---
0.905674
-0.007412
-0.042258
-0.421798
-0.139437
0.000238
-0.006084
-0.001475
0.233573
0.157160
-0.082796
-0.022223
-0.996319
2.193250
---
0.905673
-0.005508
-0.040539
-0.421999
-0.071244
0.054867
0.010183
0.116765
0.236946
-0.165564
-0.078080
-0.024235
-0.996652
2.209883
---
0.904243
-0.005317
-0.041437
-0.424969
0.120735
0.015417
-0.038502
-0.047361
-0.441008
-0.421986
-0.079460
-0.025599
-0.996509
2.227402
---
0.902158
-0.007097
-0.044507
-0.429046
0.113801
0.015630
-0.037930
-0.056101
-0.487776
-0.552734
-0.086395
-0.025385
-0.995937
2.243518
---
0.900971
-0.007546
-0.044205
-0.431556
-0.023669
-0.033341
-0.031134
-0.091250
0.016090
-0.398292
-0.086169
-0.024552
-0.995978
2.260640
---
0.899204
-0.006394
-0.041270
-0.435531
-0.144244
-0.024447
-0.029715
0.018641
0.473355
-0.314776
-0.079791
-0.024447
-0.996512
2.278617
---
0.898061
-0.004257
-0.037502
-0.438249
-0.135541
-0.025228
-0.030354
0.033700
0.714068
-0.312018
-0.071088
-0.025228
-0.997151
2.295280
---
0.897080
-0.002082
-0.033630
-0.440581
-0.156906
-0.029792
0.007154
0.012438
0.427046
-0.375367
-0.062180
-0.025886
-0.997729
2.311639
---
0.896250
-0.000323
-0.029959
-0.442537
-0.159481
-0.066904
0.020350
-0.037159
0.540247
-0.235743
-0.054012
-0.025888
-0.998205
2.328762
---
0.894901
0.001320
-0.025624
-0.445527
-0.150153
-0.066212
0.019871
-0.131198
0.187643
-0.394996
-0.044685
-0.025196
-0.998683
2.346618
---
0.892895
0.001638
-0.023049
-0.449672
-0.020153
-0.069556
-0.015534
-0.131879
0.269225
-0.688970
-0.039685
-0.023658
-0.998932
2.362733
---
0.889779
-0.000423
-0.024471
-0.455735
0.120137
-0.019613
-0.016380
-0.174425
-0.479793
-0.937757
-0.043926
-0.021566
-0.998802
2.380618
---
0.885466
-0.002786
-0.026661
-0.463930
0.114263
-0.017851
-0.016141
-0.061694
-0.111484
-1.119914
-0.049799
-0.019804
-0.998563
2.396733
---
0.881341
-0.003157
-0.026752
-0.471713
0.013340
-0.002092
-0.010267
-0.068809
-0.093673
-1.109557
-0.050137
-0.019670
-0.998549
2.414527
---
0.876984
-0.001196
-0.023524
-0.479942
-0.178163
-0.034131
-0.017445
0.050833
0.698050
-1.014009
-0.042421
-0.020459
-0.998890
2.430640
---
0.873358
0.001705
-0.018812
-0.486713
-0.166933
-0.034976
-0.017841
0.007439
0.589209
-0.931660
-0.031191
-0.021304
-0.999286
2.447884
---
0.868866
0.003916
-0.015738
-0.494781
-0.064488
0.013748
-0.007286
0.024004
0.479103
-1.234400
-0.023472
-0.022385
-0.999474
2.465005
---
0.863491
0.003052
-0.017781
-0.504041
0.117876
0.052972
-0.034505
0.018755
-0.493788
-1.348589
-0.027631
-0.023200
-0.999349
2.482404
---
0.854699
0.000828
-0.021649
-0.518671
0.032194
0.014243
-0.006874
-0.052432
-0.192513
-1.674138
-0.036165
-0.023843
-0.999061
2.499525
---
0.847094
0.000000
-0.022460
-0.530968
0.030465
0.013985
-0.006804
-0.049369
-0.168518
-1.874893
-0.037895
-0.024101
-0.998991
2.516525
---
0.839364
0.001152
-0.019686
-0.543212
-0.091366
-0.053598
-0.029496
-0.116120
0.417497
-2.131705
-0.031796
-0.023324
-0.999222
2.532643
---
0.829947
0.001843
-0.017566
-0.557562
-0.086668
-0.052929
-0.029649
-0.034640
-0.123613
-2.117268
-0.027098
-0.022655
-0.999376
2.549763
---
0.816793
0.001239
-0.018349
-0.576638
0.017345
0.016863
-0.000300
-0.057620
-0.140883
-2.328979
-0.028553
-0.023176
-0.999324
2.566887
---
0.806243
0.000969
-0.018385
-0.591298
0.003741
0.004019
-0.016900
-0.071165
-0.046049
-2.171064
-0.028485
-0.023325
-0.999322
2.584008
---
0.796254
0.000913
-0.017396
-0.604711
0.005635
0.004844
-0.016971
-0.164286
0.251354
-2.055947
-0.026592
-0.022500
-0.999393
2.601129
---
0.786433
0.001918
-0.014427
-0.617504
-0.064265
-0.057950
-0.043522
-0.148657
0.328465
-1.947027
-0.020320
-0.020841
-0.999576
2.618251
---
0.777029
0.002118
-0.012859
-0.629330
-0.016345
-0.035100
-0.028957
-0.111661
0.085532
-1.675791
-0.017322
-0.019475
-0.999660
2.634366
---
0.766674
0.001879
-0.012219
-0.641918
0.042275
0.006819
0.028626
-0.028876
-0.137968
-1.727172
-0.016319
-0.018571
-0.999694
2.652251
---
0.758825
0.001050
-0.013133
-0.651161
0.040030
0.006696
0.028667
-0.022752
-0.185593
-1.328202
-0.018564
-0.018695
-0.999653
2.668367
---
0.752233
-0.000440
-0.014251
-0.658743
0.053164
-0.014194
-0.018148
-0.062735
-0.274341
-1.048264
-0.022032
-0.018100
-0.999593
2.685398
---
0.746143
-0.000953
-0.014293
-0.665632
-0.066535
0.002894
0.025801
-0.016031
0.180558
-0.901098
-0.022590
-0.017614
-0.999590
2.702642
---
0.741180
0.000503
-0.012841
-0.671184
-0.062298
0.002514
0.025721
0.062910
0.217545
-0.867008
-0.018353
-0.017994
-0.999670
2.719976
---
0.738024
0.002221
-0.011824
-0.674667
-0.055471
0.034475
-0.004593
0.064776
0.265514
-0.412545
-0.014455
-0.019236
-0.999711
2.737010
---
0.735539
0.003343
-0.011047
-0.677384
-0.006843
-0.030621
-0.055398
-0.004795
0.144879
-0.323275
-0.011726
-0.019878
-0.999734
2.754619
---
0.733617
0.004026
-0.010397
-0.679472
-0.004903
-0.030773
-0.055416
0.014519
0.158496
-0.337056
-0.009786
-0.020031
-0.999751
2.770642
---
0.732107
0.002610
-0.012216
-0.681075
0.075515
0.015668
-0.031914
0.019949
-0.242886
-0.251547
-0.014329
-0.020465
-0.999688
2.787702
---
0.730515
0.002607
-0.012410
-0.682779
-0.015555
0.005616
-0.029952
0.004771
0.055909
-0.331065
-0.014578
-0.020751
-0.999678
2.804856
---
0.728443
0.002342
-0.012519
-0.684988
-0.016005
0.005804
-0.029949
-0.100786
-0.368559
-0.397844
-0.015028
-0.020564
-0.999676
2.822497
---
0.724664
-0.000000
-0.013830
-0.688964
0.082346
-0.033548
-0.033797
-0.094308
-0.304377
-0.634788
-0.020193
-0.018899
-0.999618
2.838611
---
0.720859
-0.002454
-0.015485
-0.692904
0.064120
0.000631
-0.035641
-0.012745
-0.347376
-0.659244
-0.025723
-0.017924
-0.999508
2.856102
---
0.718039
-0.003282
-0.016442
-0.695801
0.061663
0.000388
-0.035571
0.005611
-0.113374
-0.518081
-0.028181
-0.018167
-0.999438
2.873131
---
0.715404
-0.002398
-0.015701
-0.698530
-0.111760
-0.023380
0.047380
0.014683
0.121608
-0.309030
-0.025822
-0.018497
-0.999495
2.890984
---
0.714241
-0.001534
-0.014839
-0.699741
-0.077056
-0.012717
0.054156
0.006505
0.117701
-0.242042
-0.023345
-0.018576
-0.999555
2.907496
---
0.712988
-0.000913
-0.014060
-0.701034
-0.075037
-0.012554
0.054108
-0.081019
0.132427
-0.196431
-0.021326
-0.018414
-0.999603
2.924495
---
0.711865
-0.000532
-0.012952
-0.702197
-0.042630
-0.032075
0.000336
-0.058462
0.175542
-0.210790
-0.019192
-0.017426
-0.999664
2.940885
---
0.710209
-0.000423
-0.012295
-0.703883
-0.002450
-0.019623
-0.002627
-0.046941
-0.000750
-0.312634
-0.018075
-0.016694
-0.999697
2.958009
---
0.709778
0.000585
-0.010367
-0.704349
-0.160380
-0.041800
-0.018339
-0.094732
0.572588
0.062953
-0.013895
-0.015432
-0.999784
2.975620
---
0.710509
0.003131
-0.006734
-0.703649
-0.151646
-0.040299
-0.018444
-0.082694
0.526821
0.149400
-0.005162
-0.013932
-0.999890
2.992159
---
0.710626
0.003806
-0.006214
-0.703532
-0.032769
0.004399
-0.017472
0.013266
0.134948
-0.005031
-0.003473
-0.014156
-0.999894
3.008218
---
0.710450
0.004331
-0.006135
-0.703708
0.021793
0.059431
-0.048715
0.136392
-0.091557
-0.134931
-0.002621
-0.014787
-0.999887
3.025521
---
0.709653
0.004714
-0.007281
-0.704497
0.020724
0.057267
-0.048678
0.132718
-0.054593
-0.128425
-0.003690
-0.016952
-0.999850
3.042887
---
0.708892
0.005740
-0.007307
-0.705256
-0.037420
0.032336
-0.033030
0.069944
0.147928
-0.060430
-0.002263
-0.018446
-0.999827
3.060681
---
0.708830
0.006192
-0.007151
-0.705316
-0.014098
0.005551
-0.004704
-0.000610
-0.028557
-0.026874
-0.001402
-0.018864
-0.999821
3.077680
---
0.708123
0.006215
-0.007221
-0.706024
-0.014146
0.005419
-0.004701
0.013915
0.000266
-0.115462
-0.001451
-0.018995
-0.999819
3.094193
---
0.708205
0.005739
-0.006176
-0.705957
-0.024083
-0.052009
0.019673
-0.105951
-0.005835
0.020554
-0.000645
-0.016853
-0.999858
3.110643
---
0.708749
0.006766
-0.004884
-0.705412
-0.077457
0.012817
-0.003767
0.019918
0.274978
0.116639
0.002622
-0.016480
-0.999861
3.127765
---
0.710120
0.008240
-0.003529
-0.704023
-0.073489
0.012617
-0.003745
0.006796
0.215673
0.248367
0.006589
-0.016680
-0.999839
3.145558
---
0.711876
0.008850
-0.002046
-0.702247
-0.080334
-0.034034
-0.028155
-0.089505
0.264201
0.345786
0.009510
-0.015479
-0.999835
3.161674
---
0.713612
0.007992
-0.001233
-0.700495
0.033843
-0.060017
-0.018424
-0.145283
-0.149041
0.134768
0.009429
-0.013142
-0.999869
3.179620
---
0.714093
0.006821
-0.001132
-0.700017
0.032340
-0.058206
-0.018459
-0.007685
0.032436
0.025342
0.007926
-0.011331
-0.999904
3.195735
---
0.714270
0.007173
-0.000646
-0.699834
-0.019201
0.002520
-0.007709
-0.010710
0.062222
0.061181
0.009119
-0.011152
-0.999896
3.213040
---
0.715011
0.007989
0.000211
-0.699067
-0.075360
0.004576
-0.011591
-0.016112
0.247210
0.102414
0.011554
-0.011049
-0.999872
3.230160
---
0.715689
0.009478
0.001903
-0.698352
-0.070944
0.004719
-0.011532
-0.013872
0.281556
0.107650
0.015970
-0.010906
-0.999813
3.246644
---
0.716494
0.008730
0.002935
-0.697533
-0.044163
-0.067009
-0.027174
-0.166082
0.033019
0.135024
0.016384
-0.008415
-0.999830
3.263765
---
0.716764
0.009407
0.004664
-0.697237
-0.011447
0.029152
0.027564
0.039587
0.188814
-0.012254
0.019803
-0.006981
-0.999780
3.280828
---
0.717927
0.010608
0.005349
-0.696018
-0.008803
0.028346
0.027626
0.058953
0.408858
0.322288
0.022447
-0.007787
-0.999718
3.297978
---
0.719631
0.012510
0.006801
-0.694211
-0.118351
0.037336
0.021890
0.038895
0.272697
0.349998
0.027156
-0.008562
-0.999595
3.315529
---
0.721283
0.013823
0.008022
-0.692456
-0.034714
-0.042032
0.050315
-0.015251
0.131071
0.244317
0.030716
-0.008829
-0.999489
3.331642
---
0.722302
0.014143
0.008681
-0.691379
-0.033333
-0.041632
0.050355
-0.012922
0.141590
0.018469
0.032097
-0.008428
-0.999449
3.348675
---
0.722240
0.014084
0.009114
-0.691439
-0.026927
0.003979
0.002516
-0.042339
-0.016046
0.020565
0.032644
-0.007739
-0.999437
3.365827
---
0.724551
0.017162
0.012342
-0.688897
-0.195773
0.013621
0.011636
0.011216
0.582163
0.466168
0.041531
-0.007863
-0.999106
3.383620
---
0.726943
0.019926
0.015080
-0.686243
-0.188032
0.013212
0.011991
0.027745
0.733459
0.694173
0.049273
-0.008272
-0.998751
3.399735
---
0.732306
0.024280
0.019209
-0.680271
-0.233753
0.032566
0.007776
0.037521
0.476980
0.753443
0.061169
-0.009426
-0.998083
3.417528
---
0.735127
0.026360
0.020967
-0.677092
-0.108280
0.035536
0.023753
0.008980
0.238380
0.571804
0.066524
-0.010362
-0.997731
3.433644
---
0.737587
0.028157
0.022370
-0.674294
-0.072581
-0.003556
0.018211
-0.028504
0.319153
0.388251
0.070973
-0.011369
-0.997414
3.451407
---
0.739460
0.029761
0.025018
-0.672077
-0.066551
-0.002574
0.018648
-0.088320
0.214862
0.282074
0.077004
-0.010387
-0.996977
3.467524
---
0.742510
0.030435
0.026283
-0.668627
-0.160505
0.092489
-0.108094
-0.062170
0.172388
0.616652
0.079730
-0.010050
-0.996766
3.484554
---
0.746940
0.031804
0.028150
-0.663533
-0.140350
0.012308
0.001655
-0.053533
0.334953
1.025843
0.084260
-0.010153
-0.996392
3.501704
---
0.753168
0.033542
0.030162
-0.656280
-0.135149
0.011524
0.002117
-0.055425
0.325767
1.112778
0.089460
-0.010937
-0.995930
3.519620
---
0.757252
0.034530
0.029065
-0.651562
0.022609
0.093001
-0.005692
0.128718
-0.025550
0.673112
0.089015
-0.014421
-0.995926
3.535735
---
0.760610
0.035553
0.028516
-0.647607
-0.054126
0.055115
-0.011471
0.094213
0.095117
0.682789
0.089429
-0.017150
-0.995846
3.552767
---
0.764897
0.037092
0.028605
-0.642447
-0.052134
0.052276
-0.011237
0.050923
0.129039
0.653144
0.091421
-0.019989
-0.995612
3.570621
---
0.768198
0.038140
0.028964
-0.638418
-0.043519
0.027211
-0.009085
0.042631
0.119257
0.655972
0.093199
-0.021617
-0.995413
3.587621
---
0.771217
0.038296
0.028611
-0.634775
0.095681
0.014364
-0.011055
0.005306
-0.065057
0.567394
0.092751
-0.022746
-0.995430
3.603647
---
0.774166
0.038145
0.028057
-0.631209
0.094527
0.013468
-0.011140
0.007190
-0.055412
0.571608
0.091598
-0.023641
-0.995515
3.620675
---
0.777560
0.037434
0.027011
-0.627112
0.084072
0.013750
-0.008434
-0.011127
-0.107887
0.528237
0.088955
-0.024336
-0.995738
3.638619
---
0.779841
0.036655
0.026121
-0.624357
0.104091
-0.002091
-0.001808
-0.034471
-0.190626
0.507424
0.086512
-0.024552
-0.995948
3.655621
---
0.782707
0.035465
0.024868
-0.620881
0.100545
-0.002175
-0.002107
-0.041950
-0.186646
0.505068
0.082967
-0.024636
-0.996248
3.671645
---
0.785288
0.034401
0.023682
-0.617721
0.078719
0.010384
-0.008230
-0.030733
-0.196288
0.506016
0.079695
-0.024772
-0.996511
3.689073
---
0.788395
0.033095
0.022218
-0.613877
0.078596
0.006346
-0.007564
-0.036483
-0.185416
0.491637
0.075666
-0.024904
-0.996822
3.706650
---
0.790239
0.032360
0.021369
-0.611570
0.076286
0.006243
-0.007734
-0.024989
-0.178724
0.483127
0.073356
-0.025007
-0.996992
3.722766
---
0.793178
0.031091
0.019962
-0.607869
0.076301
0.005220
-0.010942
-0.028823
-0.181993
0.463461
0.069465
-0.025053
-0.997270
3.739887
---
0.795382
0.030155
0.018894
-0.605063
0.069477
0.008098
-0.009186
-0.023512
-0.167113
0.440700
0.066548
-0.025105
-0.997467
3.757651
---
0.798043
0.029038
0.017620
-0.601643
0.065995
0.008057
-0.009411
-0.023725
-0.159206
0.428680
0.063065
-0.025146
-0.997693
3.774623
---
0.800179
0.028142
0.016632
-0.598869
0.066186
0.006133
-0.009581
-0.022947
-0.155639
0.425101
0.060326
-0.025117
-0.997863
3.791103
---
0.801708
0.027577
0.015948
-0.596866
0.059469
0.010952
-0.011642
-0.019345
-0.149568
0.412239
0.058493
-0.025181
-0.997970
3.808225
---
0.803690
0.026800
0.014994
-0.594255
0.056931
0.010877
-0.011786
-0.018651
-0.129967
0.372497
0.055955
-0.025256
-0.998114
3.824340
---
0.805833
0.026066
0.014082
-0.591401
0.053526
0.014686
-0.008987
-0.016058
-0.117746
0.397326
0.053526
-0.025353
-0.998245
3.842257
---
0.807828
0.025394
0.013300
-0.588721
0.057247
0.000022
-0.011052
-0.024671
-0.117451
0.409448
0.051388
-0.025368
-0.998357
3.858370
---
0.810146
0.024663
0.012427
-0.585577
0.054878
-0.000017
-0.011170
-0.019453
-0.104721
0.404879
0.049018
-0.025408
-0.998475
3.875616
---
0.811975
0.024099
0.011774
-0.583075
0.051132
0.005845
-0.011257
-0.022848
-0.097048
0.364920
0.047225
-0.025405
-0.998561
3.893102
---
0.813994
0.023484
0.010938
-0.580296
0.050922
0.015479
-0.012330
-0.005846
-0.101811
0.364961
0.045062
-0.025536
-0.998658
3.910623
---
0.815780
0.022929
0.010215
-0.577818
0.050001
-0.003142
-0.010459
-0.024900
-0.115345
0.381552
0.043165
-0.025603
-0.998740
3.926736
---
0.817681
0.022284
0.009531
-0.575161
0.048056
-0.003018
-0.010544
-0.017406
-0.108242
0.380180
0.041220
-0.025479
-0.998825
3.943859
---
0.819327
0.021861
0.008919
-0.572840
0.042590
0.012482
-0.002791
-0.002664
-0.097350
0.370983
0.039661
-0.025604
-0.998885
3.960983
---
0.820911
0.021447
0.008312
-0.570593
0.040074
0.012358
-0.009684
-0.006917
-0.078230
0.334370
0.038121
-0.025728
-0.998942
3.978196
---
0.822547
0.021081
0.007696
-0.568254
0.038573
0.012154
-0.009735
0.000765
-0.085996
0.357914
0.036620
-0.025932
-0.998993
3.994311
---
0.824451
0.020549
0.007027
-0.565517
0.038737
-0.000543
-0.011752
-0.007083
-0.074372
0.342064
0.034831
-0.025934
-0.999057
4.011617
---
0.825952
0.020136
0.006485
-0.563343
0.037309
0.004319
-0.009847
-0.015097
-0.070879
0.319293
0.033403
-0.025954
-0.999105
4.028736
---
0.827677
0.019642
0.005849
-0.560830
0.035621
0.004319
-0.009902
-0.011815
-0.065620
0.296606
0.031715
-0.025954
-0.999160
4.046627
---
0.828524
0.019385
0.005532
-0.559591
0.034769
0.006297
-0.014812
-0.008692
-0.075523
0.291815
0.030863
-0.025929
-0.999187
4.062738
---
0.830409
0.018994
0.004996
-0.556808
0.029453
-0.000589
-0.008994
-0.009554
-0.056178
0.312535
0.029453
-0.025980
-0.999229
4.079803
---
0.831941
0.018611
0.004531
-0.554533
0.028184
-0.000550
-0.009032
-0.023462
-0.062864
0.307107
0.028184
-0.025941
-0.999266
4.096950
---
0.833105
0.018262
0.004129
-0.552797
0.034884
-0.004378
-0.013947
-0.016337
-0.085658
0.295646
0.027071
-0.025862
-0.999299
4.114531
---
0.834363
0.017887
0.003701
-0.550912
0.025886
0.004505
-0.012028
-0.011956
-0.068078
0.296165
0.025886
-0.025768
-0.999333
4.130646
---
0.835626
0.017559
0.003321
-0.549007
0.024830
0.004572
-0.012057
-0.011159
-0.051860
0.287408
0.024830
-0.025702
-0.999361
4.147647
---
0.837132
0.017269
0.002891
-0.546720
0.029583
0.007449
-0.008176
-0.003237
-0.057916
0.270035
0.023723
-0.025754
-0.999387
4.164768
---
0.838619
0.016938
0.002370
-0.544450
0.028273
0.011276
-0.013087
0.001242
-0.056093
0.266256
0.022413
-0.025833
-0.999415
4.182654
---
0.839401
0.016781
0.002054
-0.543250
0.027543
0.011168
-0.013100
0.004539
-0.044686
0.220201
0.021683
-0.025941
-0.999428
4.198768
---
0.840479
0.016523
0.001490
-0.541590
0.023340
0.011933
-0.006285
0.003463
-0.082469
0.144117
0.020410
-0.026153
-0.999450
4.216533
---
0.841011
0.016545
0.001303
-0.540763
0.025949
0.013623
-0.018980
0.012347
-0.015019
0.117668
0.020090
-0.026416
-0.999449
4.232646
---
0.841615
0.016502
0.001152
-0.539825
0.023673
-0.001135
-0.010195
-0.004811
-0.030947
0.178838
0.019766
-0.026526
-0.999453
4.250624
---
0.842664
0.016254
0.000743
-0.538195
0.022633
-0.001217
-0.010213
0.002920
-0.047181
0.219752
0.018727
-0.026608
-0.999471
4.266738
---
0.843754
0.015936
0.000211
-0.536493
0.022424
-0.002197
-0.008281
-0.006023
-0.057654
0.218127
0.017541
-0.026611
-0.999492
4.283860
---
0.844637
0.015671
-0.000000
-0.535110
0.021453
-0.002188
-0.008298
0.002726
-0.049151
0.175064
0.016570
-0.026602
-0.999509
4.300981
---
0.845549
0.015443
-0.000546
-0.533674
0.017512
0.009432
-0.013194
-0.000093
-0.064827
0.194232
0.015559
-0.026701
-0.999522
4.318624
---
0.846206
0.015269
-0.000930
-0.532636
0.015682
0.005401
-0.013204
0.006215
-0.049531
0.169061
0.014705
-0.026825
-0.999532
4.334739
---
0.846768
0.015100
-0.001320
-0.531746
0.021634
0.009156
-0.004423
0.010374
-0.049082
0.091003
0.013821
-0.026977
-0.999541
4.351952
---
0.847157
0.014937
-0.001610
-0.531131
0.020945
0.009112
-0.004431
0.003228
-0.038876
0.106453
0.013133
-0.027021
-0.999549
4.368988
---
0.847406
0.014976
-0.001563
-0.530732
0.014218
0.005181
-0.003453
-0.000738
-0.014699
-0.009373
0.013241
-0.027046
-0.999547
4.386624
---
0.847139
0.014954
-0.001777
-0.531158
0.024583
0.015737
-0.007359
0.018671
-0.038415
-0.085924
0.012865
-0.027231
-0.999546
4.402742
---
0.846807
0.014929
-0.002032
-0.531686
0.024150
0.015523
-0.007358
0.017229
-0.026605
-0.074370
0.012432
-0.027445
-0.999546
4.419802
---
0.846758
0.014617
-0.002054
-0.531774
0.015970
-0.013272
-0.014213
-0.031644
-0.027832
-0.004366
0.012064
-0.026944
-0.999564
4.436863
---
0.846548
0.014379
-0.002194
-0.532114
0.011586
0.016285
-0.005436
0.022077
-0.000750
-0.069014
0.011586
-0.026683
-0.999577
4.454622
---
0.846059
0.014535
-0.002332
-0.532886
0.011542
0.015887
-0.005426
0.027441
-0.008540
-0.128666
0.011542
-0.027082
-0.999567
4.470645
---
0.845368
0.014619
-0.002466
-0.533979
0.013388
0.013660
-0.013232
0.019710
0.000223
-0.160273
0.011435
-0.027356
-0.999560
4.487768
---
0.844781
0.014746
-0.002457
-0.534903
0.005765
0.011519
-0.006389
0.018507
0.028237
-0.133172
0.011625
-0.027544
-0.999553
4.504803
---
0.844164
0.014904
-0.002398
-0.535872
0.006052
0.011321
-0.006380
0.012903
0.008278
-0.182793
0.011912
-0.027741
-0.999544
4.522319
---
0.842890
0.014967
-0.002635
-0.537872
0.020448
0.016855
-0.010280
0.025517
-0.015176
-0.312494
0.011659
-0.028067
-0.999538
4.538374
---
0.841590
0.014966
-0.002805
-0.539903
0.037802
0.021582
-0.008325
0.026643
-0.042212
-0.400975
0.011435
-0.028223
-0.999536
4.555616
---
0.838686
0.014924
-0.003332
-0.544400
0.037028
0.021143
-0.008321
0.022512
-0.039697
-0.504259
0.010661
-0.028662
-0.999532
4.572650
---
0.836364
0.014738
-0.003757
-0.547964
0.048936
0.017134
-0.002467
0.011949
-0.058654
-0.549389
0.009873
-0.028765
-0.999537
4.590013
---
0.833400
0.014511
-0.004114
-0.552465
0.045304
0.009349
-0.004428
0.005813
-0.051232
-0.534933
0.009171
-0.028737
-0.999545
4.607654
---
0.831647
0.014363
-0.004347
-0.555102
0.044849
0.009369
-0.004432
0.000021
-0.049988
-0.516864
0.008716
-0.028717
-0.999550
4.623767
---
0.828977
0.014266
-0.004369
-0.559084
0.022382
0.003690
-0.013227
-0.010130
-0.020533
-0.443584
0.008710
-0.028537
-0.999555
4.641656
---
0.827354
0.014233
-0.004082
-0.561485
-0.013235
-0.008605
-0.017140
-0.020333
0.031148
-0.311439
0.009226
-0.028137
-0.999562
4.658653
---
0.825584
0.014208
-0.003749
-0.564088
0.011788
-0.003279
-0.022029
-0.022435
-0.008051
-0.310616
0.009834
-0.027693
-0.999568
4.675624
---
0.824249
0.014058
-0.003715
-0.566040
0.011742
-0.002967
-0.022038
-0.014501
-0.015060
-0.268422
0.009789
-0.027382
-0.999577
4.691739
---
0.823222
0.014181
-0.003487
-0.567531
-0.003317
0.001013
-0.014222
-0.011007
0.022621
-0.197252
0.010355
-0.027308
-0.999573
4.708772
---
0.822421
0.014254
-0.003291
-0.568691
-0.011659
-0.006680
-0.007384
-0.011009
0.044516
-0.112535
0.010802
-0.027187
-0.999572
4.726136
---
0.822093
0.014249
-0.003022
-0.569167
-0.011217
-0.006365
-0.007388
-0.020771
0.016436
-0.049523
0.011244
-0.026873
-0.999576
4.743655
---
0.821943
0.014223
-0.002878
-0.569385
-0.000256
-0.002247
-0.019110
-0.012803
0.013671
-0.038767
0.011462
-0.026661
-0.999579
4.759770
---
0.821906
0.014221
-0.002735
-0.569440
0.004860
0.002799
-0.009346
-0.008092
-0.007046
0.003829
0.011696
-0.026498
-0.999581
4.776804
---
0.822106
0.014229
-0.002632
-0.569150
0.005028
0.002899
-0.009347
-0.013257
0.016247
0.056370
0.011864
-0.026398
-0.999581
4.793953
---
0.822431
0.014205
-0.002601
-0.568681
0.002111
0.001019
-0.009349
-0.000765
0.001192
0.075958
0.011877
-0.026325
-0.999583
4.811625
---
0.822793
0.014227
-0.002522
-0.568157
0.005181
0.003997
-0.007395
-0.007467
0.009859
0.082402
0.012017
-0.026276
-0.999582
4.827739
---
0.823235
0.014229
-0.002522
-0.567516
0.005152
0.003974
-0.007395
0.002320
0.001326
0.100369
0.011988
-0.026300
-0.999582
4.846418
---
0.823758
0.014300
-0.002466
-0.566756
0.001407
0.004895
-0.010321
-0.000145
0.014381
0.132401
0.012149
-0.026355
-0.999579
4.861526
---
0.824606
0.014324
-0.002441
-0.565522
0.001428
0.000957
-0.014226
-0.007851
0.007421
0.180448
0.012170
-0.026387
-0.999578
4.878619
---
0.825593
0.014287
-0.002429
-0.564080
0.001357
0.001009
-0.014228
-0.003881
0.009914
0.220355
0.012099
-0.026335
-0.999580
4.895742
---
0.826594
0.014284
-0.002429
-0.562612
-0.000640
-0.001934
-0.012275
-0.000174
-0.003646
0.244904
0.012055
-0.026348
-0.999580
4.912772
---
0.827789
0.014265
-0.002429
-0.560853
0.004171
-0.003880
-0.009347
-0.004663
-0.001106
0.265176
0.011983
-0.026341
-0.999581
4.929923
---
0.829204
0.014271
-0.002383
-0.558759
0.004170
-0.003878
-0.009347
0.004766
0.001274
0.251839
0.011983
-0.026339
-0.999581
4.947655
---
0.830454
0.014275
-0.002441
-0.556899
0.007945
0.006776
-0.006416
-0.001438
0.007678
0.265633
0.011851
-0.026427
-0.999581
4.963770
---
0.831527
0.014233
-0.002487
-0.555297
0.008737
0.003839
-0.006418
-0.000486
-0.005409
0.265980
0.011667
-0.026435
-0.999582
4.980804
---
0.832622
0.014217
-0.002537
-0.553653
0.008586
0.003789
-0.006419
0.004035
0.000916
0.233878
0.011516
-0.026485
-0.999583
4.997954
---
0.833950
0.014211
-0.002644
-0.551651
0.008336
0.005603
-0.005441
0.006346
-0.013313
0.228826
0.011266
-0.026623
-0.999582
5.015504
---
0.834913
0.014140
-0.002816
-0.550192
0.017696
0.000633
-0.012280
0.002482
-0.020192
0.206466
0.010860
-0.026711
-0.999584
5.031621
---
0.835758
0.014095
-0.002917
-0.548909
0.017432
0.000580
-0.012281
0.005084
-0.007473
0.198771
0.010596
-0.026763
-0.999586
5.048680
---
0.836614
0.014017
-0.003037
-0.547605
0.013197
0.002517
-0.011307
0.001513
-0.022845
0.186072
0.010267
-0.026780
-0.999589
5.065831
---
0.837613
0.013927
-0.003193
-0.546077
0.016690
0.002475
-0.014240
-0.008482
-0.016701
0.185226
0.009854
-0.026822
-0.999592
5.083656
---
0.838294
0.013874
-0.003332
-0.545032
0.016368
0.002402
-0.014241
0.006133
-0.014472
0.176739
0.009532
-0.026895
-0.999593
5.099711
---
0.839129
0.013793
-0.003527
-0.543745
0.011030
0.009149
-0.011313
0.003726
-0.022124
0.156036
0.009077
-0.026984
-0.999595
5.117535
---
0.839852
0.013742
-0.003582
-0.542629
0.004991
-0.001579
-0.006433
-0.001528
-0.004318
0.148978
0.008897
-0.026970
-0.999597
5.133651
---
0.840557
0.013711
-0.003668
-0.541538
0.009657
0.010086
-0.012292
0.005076
-0.008149
0.122226
0.008681
-0.027023
-0.999597
5.151534
---
0.841042
0.013728
-0.003735
-0.540782
0.009536
0.009974
-0.012290
0.009840
-0.007714
0.115324
0.008559
-0.027135
-0.999595
5.167649
---
0.841474
0.013703
-0.003872
-0.540110
0.013165
0.007908
-0.012290
0.012213
-0.010292
0.115751
0.008282
-0.027248
-0.999594
5.184683
---
0.841952
0.013720
-0.003944
-0.539363
0.008156
0.004866
-0.013264
0.005954
-0.003623
0.113897
0.008156
-0.027361
-0.999592
5.201835
---
0.842350
0.013707
-0.004058
-0.538742
0.007929
0.004759
-0.013263
0.018205
-0.035673
0.052904
0.007929
-0.027467
-0.999591
5.219657
---
0.842451
0.013664
-0.004295
-0.538582
0.023109
0.014345
-0.010332
0.013211
-0.030233
0.018792
0.007484
-0.027648
-0.999590
5.235772
---
0.842543
0.013715
-0.004485
-0.538436
0.014049
0.007213
-0.009349
0.012246
-0.012528
0.026826
0.007214
-0.027944
-0.999583
5.252955
---
0.842564
0.013639
-0.004679
-0.538403
0.013637
0.007135
-0.009350
0.006147
-0.020685
0.012520
0.006801
-0.028021
-0.999584
5.270664
---
0.842547
0.013744
-0.004740
-0.538426
0.004859
0.009820
-0.013249
0.012613
0.004061
-0.008954
0.006812
-0.028265
-0.999577
5.287655
---
0.842630
0.013799
-0.004732
-0.538295
0.005898
0.001920
-0.009340
0.000716
0.009478
0.025089
0.006875
-0.028353
-0.999574
5.304169
---
0.842862
0.013799
-0.004731
-0.537931
0.005891
0.001920
-0.009340
0.000701
-0.004153
0.083099
0.006867
-0.028353
-0.999574
5.320648
---
0.843866
0.013845
-0.004440
-0.536356
-0.011193
-0.006645
-0.010319
-0.015601
0.036819
0.232437
0.007361
-0.028129
-0.999577
5.338658
---
0.844772
0.013898
-0.004232
-0.534930
-0.038187
-0.023130
-0.017156
-0.017427
0.043544
0.283480
0.007711
-0.028013
-0.999578
5.355626
---
0.846287
0.013992
-0.003833
-0.532529
-0.037486
-0.022882
-0.017157
-0.003757
0.021890
0.273329
0.008412
-0.027765
-0.999579
5.371741
---
0.847410
0.014064
-0.003707
-0.530740
0.003767
0.010317
-0.010319
0.002303
0.025020
0.269775
0.008650
-0.027769
-0.999577
5.388926
---
0.848808
0.014169
-0.003613
-0.528499
0.001027
0.009234
-0.010315
0.005124
0.009922
0.263873
0.008840
-0.027875
-0.999572
5.406658
---
0.849630
0.014251
-0.003559
-0.527174
0.001163
0.009139
-0.010311
0.000005
0.020841
0.254615
0.008976
-0.027970
-0.999568
5.423260
---
0.850956
0.014325
-0.003596
-0.525029
0.010875
0.004067
-0.013236
0.005005
0.005801
0.242576
0.008922
-0.028159
-0.999564
5.439619
---
0.852097
0.014363
-0.003672
-0.523174
0.009743
0.004880
-0.011279
0.011319
-0.007153
0.234159
0.008766
-0.028323
-0.999560
5.456620
---
0.853214
0.014386
-0.003727
-0.521349
0.005708
0.004769
-0.001511
0.001723
0.009690
0.241278
0.008638
-0.028435
-0.999558
5.474628
---
0.854196
0.014424
-0.003780
-0.519738
0.005602
0.004629
-0.001508
0.007704
-0.001383
0.226932
0.008532
-0.028574
-0.999555
5.490926
---
0.855127
0.014445
-0.003897
-0.518203
0.012210
0.009339
-0.007365
0.014578
-0.014391
0.227965
0.008304
-0.028747
-0.999552
5.507957
---
0.856201
0.014442
-0.004058
-0.516424
0.010896
0.009164
-0.010292
0.007758
-0.009348
0.231664
0.007967
-0.028922
-0.999550
5.525050
---
0.857169
0.014452
-0.004184
-0.514815
0.010629
0.008998
-0.010289
0.007604
-0.006457
0.211110
0.007700
-0.029088
-0.999547
5.542659
---
0.858040
0.014437
-0.004292
-0.513362
0.011357
0.002063
-0.007359
0.005439
-0.008084
0.206193
0.007451
-0.029187
-0.999546
5.558773
---
0.858894
0.014379
-0.004422
-0.511932
0.011032
0.002021
-0.007360
0.004298
-0.010798
0.198438
0.007126
-0.029229
-0.999547
5.575834
---
0.859792
0.014337
-0.004548
-0.510423
0.012671
0.001952
-0.010290
0.003080
-0.016261
0.211811
0.006812
-0.029298
-0.999548
5.592985
---
0.860804
0.014270
-0.004706
-0.508714
0.011300
0.004824
-0.008337
0.001819
-0.016933
0.206080
0.006418
-0.029356
-0.999548
5.610628
---
0.861557
0.014258
-0.004795
-0.507438
0.001323
0.008648
-0.010290
0.002891
-0.007355
0.203862
0.006206
-0.029438
-0.999547
5.627265
---
0.862487
0.014322
-0.004864
-0.505853
0.001213
0.008457
-0.010285
0.008777
-0.005732
0.201368
0.006096
-0.029629
-0.999542
5.643651
---
0.863442
0.014381
-0.004930
-0.504219
0.004037
0.005350
-0.014186
0.006002
0.005914
0.221447
0.005991
-0.029807
-0.999538
5.660777
---
0.864183
0.014428
-0.005006
-0.502945
0.001952
0.007134
-0.009299
0.011000
0.002686
0.212755
0.005858
-0.029975
-0.999534
5.678354
---
0.865131
0.014486
-0.005048
-0.501311
0.001879
0.006984
-0.009295
0.003438
-0.002364
0.211661
0.005786
-0.030126
-0.999529
5.694468
---
0.866076
0.014550
-0.005085
-0.499675
-0.000124
0.004872
-0.014173
0.010231
0.003874
0.199166
0.005735
-0.030284
-0.999525
5.711652
---
0.866870
0.014616
-0.005123
-0.498294
0.008614
0.006662
-0.013192
0.012686
-0.004423
0.195472
0.005684
-0.030448
-0.999520
5.728775
---
0.867821
0.014650
-0.005205
-0.496633
0.008447
0.006511
-0.013188
0.003956
-0.008144
0.191912
0.005518
-0.030598
-0.999517
5.746630
---
0.868366
0.014688
-0.005260
-0.495678
0.007375
0.004430
-0.015138
0.008740
0.002807
0.180981
0.005422
-0.030726
-0.999513
5.762742
---
0.869240
0.014687
-0.005315
-0.494144
0.003317
-0.000514
-0.014161
0.006027
-0.004471
0.172859
0.005270
-0.030787
-0.999512
5.780659
---
0.869920
0.014741
-0.005346
-0.492944
0.003278
-0.000645
-0.014157
0.010863
0.008146
0.167498
0.005231
-0.030919
-0.999508
5.796774
---
0.870560
0.014802
-0.005407
-0.491810
0.005139
0.006994
-0.013175
0.011836
-0.004086
0.159337
0.005139
-0.031092
-0.999503
5.814508
---
0.871365
0.014804
-0.005474
-0.490381
0.007908
0.003987
-0.007314
0.008471
0.005388
0.165017
0.004979
-0.031169
-0.999502
5.830624
---
0.871985
0.014828
-0.005528
-0.489277
0.007797
0.003885
-0.007312
0.001423
-0.001996
0.159032
0.004868
-0.031272
-0.999499
5.847685
---
0.872695
0.014801
-0.005595
-0.488010
0.006635
-0.000047
-0.008288
-0.003476
-0.011743
0.151940
0.004682
-0.031297
-0.999499
5.864834
---
0.873356
0.014808
-0.005665
-0.486824
0.005496
0.005723
-0.014146
0.003235
-0.002910
0.154106
0.004519
-0.031386
-0.999497
5.882630
---
0.873789
0.014827
-0.005706
-0.486045
0.005418
0.005647
-0.014144
0.004260
0.000034
0.149750
0.004441
-0.031463
-0.999495
5.898743
---
0.874538
0.014877
-0.005808
-0.484694
0.004264
0.006435
-0.012185
0.011408
-0.008306
0.150965
0.004264
-0.031651
-0.999490
5.916508
---
0.875142
0.014953
-0.005813
-0.483601
0.000383
0.008241
-0.009251
0.008122
0.006157
0.150085
0.004290
-0.031798
-0.999485
5.932621
---
0.875639
0.015030
-0.005829
-0.482698
0.005278
0.002231
-0.008269
0.010476
0.009207
0.150892
0.004301
-0.031949
-0.999480
5.950569
---
0.876310
0.015026
-0.005905
-0.481476
0.005095
0.002156
-0.008268
-0.001904
-0.008765
0.155829
0.004118
-0.032024
-0.999479
5.966684
---
0.876987
0.015054
-0.005945
-0.480241
0.011843
0.000112
-0.010218
0.001408
0.001325
0.159309
0.004031
-0.032115
-0.999476
5.983716
---
0.877593
0.015047
-0.005995
-0.479133
0.011710
0.000072
-0.010217
-0.000559
-0.000986
0.157839
0.003898
-0.032155
-0.999475
6.000870
---
0.878366
0.014964
-0.006031
-0.477716
0.009562
-0.001777
-0.011198
-0.007514
-0.002733
0.171197
0.003703
-0.032050
-0.999479
6.018632
---
0.878905
0.014943
-0.006096
-0.476724
0.006462
0.000148
-0.009245
0.001087
-0.008655
0.159608
0.003532
-0.032078
-0.999479
6.034743
---
0.879575
0.014889
-0.006218
-0.475486
0.008100
0.003049
-0.010221
0.001993
-0.009657
0.152519
0.003217
-0.032107
-0.999479
6.051990
---
0.880219
0.014814
-0.006335
-0.474294
0.007786
0.003066
-0.010223
-0.004020
-0.011632
0.168979
0.002903
-0.032091
-0.999481
6.069111
---
0.880902
0.014820
-0.006414
-0.473023
0.005652
0.003954
-0.014127
0.002943
-0.001111
0.152145
0.002722
-0.032179
-0.999478
6.086635
---
0.881412
0.014835
-0.006425
-0.472072
-0.002204
0.000007
-0.015102
0.003255
-0.000879
0.148553
0.002679
-0.032219
-0.999477
6.102744
---
0.882080
0.014873
-0.006482
-0.470819
-0.002317
-0.000117
-0.015099
0.005564
-0.004596
0.153534
0.002566
-0.032343
-0.999474
6.119779
---
0.882687
0.014887
-0.006498
-0.469681
-0.001394
-0.000159
-0.013144
0.004929
-0.003493
0.148903
0.002512
-0.032386
-0.999472
6.136928
---
0.883193
0.014878
-0.006504
-0.468728
0.000502
-0.005035
-0.007285
0.004374
-0.001076
0.143548
0.002456
-0.032379
-0.999473
6.154296
---
0.883809
0.014862
-0.006541
-0.467566
0.000383
-0.005043
-0.007285
-0.000505
0.000327
0.147211
0.002336
-0.032387
-0.999473
6.170410
---
0.884418
0.014890
-0.006520
-0.466412
-0.001551
0.003710
-0.015097
-0.003178
0.005263
0.141963
0.002355
-0.032422
-0.999472
6.187625
---
0.884950
0.014902
-0.006550
-0.465402
0.007156
0.001707
-0.012165
0.005171
-0.001944
0.139254
0.002273
-0.032473
-0.999470
6.204747
---
0.885480
0.014895
-0.006606
-0.464392
0.007019
0.001668
-0.012164
0.001486
0.003199
0.146873
0.002136
-0.032511
-0.999469
6.222175
---
0.886045
0.014896
-0.006635
-0.463312
0.002045
-0.001293
-0.004351
-0.001605
-0.003865
0.136927
0.002045
-0.032543
-0.999468
6.238289
---
0.886526
0.014897
-0.006660
-0.462391
-0.000964
0.002583
-0.012163
0.005789
0.005530
0.136568
0.001965
-0.032573
-0.999467
6.255625
---
0.887090
0.014922
-0.006664
-0.461308
-0.000984
0.002532
-0.012161
0.006254
0.000161
0.133297
0.001946
-0.032625
-0.999466
6.272688
---
0.887584
0.014956
-0.006663
-0.460356
-0.000007
0.003448
-0.010206
0.002483
0.000114
0.142238
0.001946
-0.032685
-0.999464
6.289836
---
0.888201
0.014987
-0.006703
-0.459163
0.005762
0.001401
-0.012156
-0.001283
-0.003001
0.139317
0.001855
-0.032779
-0.999461
6.306961
---
0.888675
0.014997
-0.006767
-0.458243
0.005626
0.001321
-0.012154
-0.004595
-0.003796
0.126513
0.001719
-0.032859
-0.999459
6.324085
---
0.889047
0.014958
-0.006794
-0.457520
0.004532
-0.002541
-0.014109
-0.002037
0.001197
0.118459
0.001602
-0.032815
-0.999460
6.341479
---
0.889514
0.014946
-0.006764
-0.456613
-0.001315
0.000437
-0.011181
-0.002053
0.000200
0.128792
0.001615
-0.032766
-0.999462
6.357595
---
0.890112
0.014942
-0.006799
-0.455447
-0.001421
0.000408
-0.011180
0.006699
-0.000757
0.112059
0.001509
-0.032795
-0.999461
6.374626
---
0.890539
0.014972
-0.006847
-0.454609
0.005324
0.006168
-0.008247
0.006570
-0.001945
0.121842
0.001418
-0.032895
-0.999458
6.391763
---
0.890968
0.015016
-0.006846
-0.453767
0.000449
-0.002698
-0.012151
0.002812
0.000366
0.112636
0.001426
-0.032972
-0.999455
6.408811
---
0.891432
0.015017
-0.006892
-0.452853
0.005217
-0.001766
-0.014102
-0.000126
0.003642
0.107282
0.001311
-0.033016
-0.999454
6.425959
---
0.891892
0.014966
-0.006860
-0.451949
0.005198
-0.001648
-0.014106
-0.004872
-0.002461
0.113937
0.001292
-0.032898
-0.999458
6.443663
---
0.892199
0.014934
-0.006865
-0.451344
0.000256
-0.003546
-0.009225
-0.005298
-0.001765
0.115702
0.001233
-0.032843
-0.999460
6.459778
---
0.892692
0.014954
-0.006915
-0.450366
0.003076
-0.000701
-0.014106
-0.004391
-0.001335
0.110159
0.001123
-0.032928
-0.999457
6.476961
---
0.893072
0.014970
-0.006904
-0.449611
0.003081
-0.000724
-0.014105
0.005420
0.008270
0.102044
0.001128
-0.032951
-0.999456
6.494084
---
0.893479
0.014995
-0.006916
-0.448802
0.004028
0.004103
-0.009220
0.004098
-0.004602
0.090931
0.001098
-0.033007
-0.999455
6.511632
---
0.893800
0.015035
-0.006914
-0.448161
0.001117
0.004033
-0.009218
0.009885
0.010897
0.084609
0.001117
-0.033076
-0.999452
6.527749
---
0.894086
0.015079
-0.006891
-0.447588
0.001174
0.003977
-0.009216
0.004865
0.009460
0.076666
0.001174
-0.033132
-0.999450
6.544871
---
0.894427
0.015065
-0.006923
-0.446907
0.004010
0.001042
-0.004333
0.004650
-0.012880
0.091306
0.001080
-0.033138
-0.999450
6.561992
---
0.894808
0.015091
-0.006930
-0.446142
0.002040
0.000009
-0.012144
0.004865
0.003619
0.099149
0.001063
-0.033194
-0.999448
6.579084
---
0.895135
0.015104
-0.006967
-0.445485
0.001964
-0.000046
-0.012142
0.002358
0.005116
0.091575
0.000988
-0.033249
-0.999447
6.596205
---
0.895451
0.015101
-0.006962
-0.444849
0.004875
0.001916
-0.011166
0.001639
0.004952
0.092280
0.000969
-0.033241
-0.999447
6.612261
---
0.895817
0.015139
-0.006988
-0.444111
0.003855
0.001826
-0.010186
0.006805
0.002433
0.094814
0.000926
-0.033330
-0.999444
6.629411
---
0.896216
0.015144
-0.006991
-0.443305
0.003826
0.001814
-0.010186
0.001582
0.001289
0.084436
0.000896
-0.033342
-0.999444
6.646626
---
0.896586
0.015150
-0.006991
-0.442555
0.006733
-0.000153
-0.012138
0.002800
0.000213
0.111727
0.000873
-0.033356
-0.999443
6.663748
---
0.896953
0.015147
-0.007071
-0.441810
0.003630
0.006619
-0.009207
-0.002793
-0.007424
0.104646
0.000701
-0.033420
-0.999441
6.680810
---
0.897347
0.015173
-0.007099
-0.441007
0.003573
0.006547
-0.009204
0.004937
0.005725
0.106877
0.000643
-0.033492
-0.999439
6.697961
---
0.897743
0.015264
-0.007134
-0.440198
-0.001322
0.006351
-0.015057
0.013254
0.003035
0.082767
0.000631
-0.033688
-0.999432
6.715511
---
0.897961
0.015273
-0.007124
-0.439752
0.001612
0.001460
-0.011151
-0.001458
0.002342
0.093952
0.000635
-0.033697
-0.999432
6.731624
---
0.898325
0.015337
-0.007160
-0.439005
0.001580
0.001315
-0.011146
0.005831
0.006873
0.077352
0.000604
-0.033842
-0.999427
6.748658
---
0.898641
0.015391
-0.007190
-0.438356
0.004476
0.000215
-0.006259
0.011807
-0.009349
0.076530
0.000569
-0.033965
-0.999423
6.765809
---
0.898960
0.015426
-0.007236
-0.437699
-0.003415
0.001085
-0.014068
0.002519
0.003808
0.083767
0.000492
-0.034071
-0.999419
6.783633
---
0.899222
0.015461
-0.007232
-0.437160
-0.003394
0.001028
-0.014066
0.007584
-0.005393
0.077483
0.000512
-0.034128
-0.999417
6.799747
---
0.899493
0.015454
-0.007312
-0.436600
0.011083
0.003899
-0.005275
0.005104
-0.012460
0.081732
0.000341
-0.034187
-0.999415
6.816870
---
0.899792
0.015456
-0.007372
-0.435983
0.006071
-0.003972
-0.008203
-0.001843
-0.003949
0.077442
0.000212
-0.034246
-0.999413
6.833993
---
0.900102
0.015394
-0.007435
-0.435344
0.005877
0.000968
-0.009181
-0.007969
-0.003711
0.085651
0.000017
-0.034188
-0.999415
6.851663
---
0.900327
0.015348
-0.007508
-0.434879
0.005690
0.000989
-0.009182
0.000698
-0.009585
0.073839
-0.000170
-0.034168
-0.999416
6.867779
---
0.900640
0.015328
-0.007550
-0.434231
0.007525
0.005872
-0.010158
-0.000557
-0.006320
0.081612
-0.000288
-0.034168
-0.999416
6.884811
---
0.900922
0.015363
-0.007578
-0.433643
-0.002280
0.001877
-0.012108
-0.000213
0.004634
0.068156
-0.000327
-0.034256
-0.999413
6.901965
---
0.901227
0.015390
-0.007629
-0.433007
-0.002378
0.001787
-0.012105
-0.003192
-0.003927
0.083199
-0.000425
-0.034346
-0.999410
6.919572
---
0.901506
0.015395
-0.007644
-0.432426
0.001487
-0.000189
-0.009175
0.001696
-0.001462
0.083106
-0.000466
-0.034369
-0.999409
6.935689
---
0.901775
0.015413
-0.007655
-0.431863
-0.004401
-0.002187
-0.007220
0.001423
0.004769
0.076951
-0.000495
-0.034413
-0.999408
6.952719
---
0.902088
0.015462
-0.007651
-0.431208
-0.004374
-0.002267
-0.007217
0.004164
0.012271
0.083225
-0.000468
-0.034493
-0.999405
6.970635
---
0.902352
0.015494
-0.007614
-0.430654
-0.003323
-0.000339
-0.004287
0.004099
0.003480
0.080836
-0.000394
-0.034519
-0.999404
6.987634
---
0.902588
0.015537
-0.007589
-0.430159
-0.001307
0.002535
-0.012097
0.007338
0.003215
0.073134
-0.000331
-0.034575
-0.999402
7.003752
---
0.902874
0.015605
-0.007532
-0.429555
-0.001172
0.002460
-0.012095
0.007181
0.007719
0.071231
-0.000196
-0.034650
-0.999400
7.020809
---
0.903174
0.015633
-0.007504
-0.428923
0.001809
-0.002449
-0.009164
-0.002876
-0.000167
0.063065
-0.000144
-0.034676
-0.999399
7.038637
---
0.903379
0.015665
-0.007503
-0.428491
0.001822
0.004328
-0.019904
0.007872
0.003092
0.059591
-0.000131
-0.034734
-0.999397
7.055663
---
0.903621
0.015640
-0.007562
-0.427980
0.001675
0.004321
-0.019904
0.004455
-0.007130
0.060392
-0.000278
-0.034742
-0.999396
7.071779
---
0.903847
0.015689
-0.007555
-0.427501
-0.003172
0.003266
-0.011112
0.008036
0.002659
0.076369
-0.000243
-0.034820
-0.999394
7.088902
---
0.904129
0.015749
-0.007591
-0.426901
-0.000280
0.004099
-0.014037
0.008930
-0.003865
0.067528
-0.000280
-0.034963
-0.999389
7.106638
---
0.904365
0.015793
-0.007617
-0.426400
-0.000310
0.004000
-0.014034
-0.000023
-0.002260
0.074336
-0.000310
-0.035063
-0.999385
7.122747
---
0.904601
0.015861
-0.007639
-0.425895
-0.000308
-0.001023
-0.013052
0.005943
0.005113
0.066667
-0.000308
-0.035202
-0.999380
7.140513
---
0.904812
0.015869
-0.007614
-0.425447
-0.001256
-0.003946
-0.012076
0.002762
0.003566
0.069731
-0.000279
-0.035196
-0.999380
7.156626
---
0.905059
0.015914
-0.007629
-0.424919
-0.001259
-0.004039
-0.012072
0.002638
0.007080
0.075641
-0.000282
-0.035289
-0.999377
7.173902
---
0.905341
0.015936
-0.007644
-0.424318
-0.003245
0.003720
-0.008164
0.001341
0.005871
0.067134
-0.000315
-0.035342
-0.999375
7.191025
---
0.905559
0.015994
-0.007620
-0.423851
-0.005126
0.001681
-0.012068
0.004542
0.001820
0.068154
-0.000244
-0.035428
-0.999372
7.208633
---
0.905814
0.015994
-0.007631
-0.423306
-0.005165
0.001674
-0.012067
-0.001506
0.000068
0.064243
-0.000283
-0.035436
-0.999372
7.225083
---
0.906120
0.016014
-0.007605
-0.422648
0.002682
0.000684
-0.012067
0.004611
0.007256
0.069020
-0.000248
-0.035449
-0.999371
7.242910
---
0.906289
0.016024
-0.007603
-0.422287
0.003658
-0.000312
-0.000347
0.003002
0.010423
0.056838
-0.000248
-0.035469
-0.999371
7.259022
---
0.906538
0.016054
-0.007613
-0.421750
0.001692
0.004508
-0.007181
0.009330
0.006009
0.069760
-0.000261
-0.035531
-0.999369
7.277000
---
0.906735
0.016094
-0.007637
-0.421325
0.001663
0.004416
-0.007178
0.005553
0.002288
0.052216
-0.000291
-0.035623
-0.999365
7.293116
---
0.906884
0.016128
-0.007674
-0.421003
-0.001317
0.000418
-0.010104
0.008397
0.005230
0.062345
-0.000340
-0.035715
-0.999362
7.310359
---
0.907163
0.016194
-0.007659
-0.420399
-0.001257
0.000314
-0.010100
0.003216
0.004790
0.055028
-0.000280
-0.035819
-0.999358
7.326473
---
0.907427
0.016249
-0.007607
-0.419826
-0.003093
0.000257
-0.010098
0.000645
0.008434
0.078421
-0.000164
-0.035876
-0.999356
7.344238
---
0.907634
0.016256
-0.007556
-0.419380
-0.004964
-0.005573
-0.011076
-0.002905
0.010960
0.059575
-0.000081
-0.035847
-0.999357
7.360352
---
0.907845
0.016297
-0.007532
-0.418922
0.000953
0.001206
-0.011074
0.005021
-0.006034
0.062235
-0.000024
-0.035904
-0.999355
7.378054
---
0.908058
0.016286
-0.007541
-0.418459
0.000910
0.001219
-0.011075
-0.002305
-0.001149
0.054153
-0.000066
-0.035890
-0.999356
7.395174
---
0.908289
0.016272
-0.007527
-0.417959
0.001882
-0.002649
-0.011076
-0.000232
0.001428
0.050166
-0.000071
-0.035852
-0.999357
7.411658
---
0.908460
0.016279
-0.007544
-0.417586
0.002818
-0.005607
-0.013028
0.001886
0.001751
0.054887
-0.000112
-0.035881
-0.999356
7.428777
---
0.908651
0.016259
-0.007593
-0.417171
0.002693
-0.005609
-0.013028
0.000686
-0.006818
0.056350
-0.000236
-0.035883
-0.999356
7.447641
---
0.908797
0.016228
-0.007558
-0.416854
-0.000208
0.000336
-0.014008
-0.008767
0.002173
0.052714
-0.000208
-0.035797
-0.999359
7.462749
---
0.909027
0.016272
-0.007506
-0.416352
-0.006930
-0.003607
-0.017912
0.002014
0.016646
0.059996
-0.000095
-0.035833
-0.999358
7.480085
---
0.909227
0.016254
-0.007463
-0.415917
-0.006889
-0.003541
-0.017915
-0.009385
0.008584
0.065893
-0.000053
-0.035768
-0.999360
7.497206
---
0.909445
0.016261
-0.007427
-0.415440
-0.005856
-0.003523
-0.010103
-0.002013
0.012275
0.065951
0.000003
-0.035750
-0.999361
7.513235
---
0.909669
0.016265
-0.007389
-0.414950
-0.003847
-0.004475
-0.012057
0.000684
0.004287
0.061970
0.000060
-0.035725
-0.999362
7.530384
---
0.909904
0.016280
-0.007327
-0.414435
-0.003747
-0.004450
-0.012058
-0.006388
-0.000457
0.054280
0.000159
-0.035700
-0.999363
7.547627
---
0.910103
0.016248
-0.007327
-0.413999
0.000114
-0.000488
-0.013036
-0.006334
0.000947
0.066360
0.000114
-0.035644
-0.999365
7.564749
---
0.910389
0.016276
-0.007338
-0.413369
0.003022
0.001406
-0.011081
0.007504
0.001755
0.057829
0.000093
-0.035704
-0.999362
7.582633
---
0.910555
0.016253
-0.007354
-0.413002
0.002961
0.001435
-0.011082
-0.006194
0.001418
0.059778
0.000031
-0.035674
-0.999363
7.598747
---
0.910788
0.016244
-0.007391
-0.412489
0.000914
-0.000532
-0.009129
0.002423
0.002740
0.058742
-0.000062
-0.035689
-0.999363
7.616545
---
0.910976
0.016275
-0.007405
-0.412071
0.004804
0.000378
-0.011079
0.006098
-0.002433
0.055871
-0.000078
-0.035755
-0.999361
7.632661
---
0.911175
0.016280
-0.007415
-0.411632
0.000868
-0.000619
-0.010102
0.001028
0.001130
0.064244
-0.000109
-0.035775
-0.999360
7.650636
---
0.911319
0.016257
-0.007436
-0.411312
0.000796
-0.000594
-0.010103
-0.006315
-0.005030
0.040841
-0.000181
-0.035750
-0.999361
7.666748
---
0.911512
0.016275
-0.007446
-0.410883
0.002728
0.000346
-0.015961
0.000244
-0.000654
0.040990
-0.000202
-0.035787
-0.999359
7.683815
---
0.911707
0.016240
-0.007464
-0.410452
-0.005160
-0.003516
-0.011080
-0.001060
0.004836
0.047491
-0.000277
-0.035742
-0.999361
7.700965
---
0.911853
0.016232
-0.007463
-0.410128
-0.005177
-0.003498
-0.011080
-0.001036
-0.001383
0.050764
-0.000294
-0.035725
-0.999362
7.718085
---
0.912059
0.016244
-0.007484
-0.409669
0.003563
-0.002561
-0.010102
0.005154
-0.003543
0.044339
-0.000343
-0.035764
-0.999360
7.735208
---
0.912191
0.016248
-0.007490
-0.409375
0.003548
-0.002572
-0.010102
0.002759
0.001440
0.047548
-0.000358
-0.035775
-0.999360
7.751659
---
0.912347
0.016283
-0.007426
-0.409027
-0.002185
0.001324
-0.010102
-0.004643
0.011040
0.046354
-0.000232
-0.035786
-0.999359
7.769026
---
0.912516
0.016290
-0.007444
-0.408648
0.002659
-0.004565
-0.014007
0.004775
0.001104
0.039453
-0.000271
-0.035815
-0.999358
7.786635
---
0.912648
0.016267
-0.007434
-0.408356
0.000693
-0.001587
-0.010102
-0.001993
0.001354
0.041779
-0.000284
-0.035767
-0.999360
7.802750
---
0.912780
0.016250
-0.007465
-0.408059
0.000612
-0.001577
-0.010103
0.004165
-0.008357
0.046294
-0.000365
-0.035757
-0.999360
7.819872
---
0.912903
0.016265
-0.007468
-0.407785
0.003534
0.002295
-0.009125
0.005177
0.001518
0.035790
-0.000372
-0.035791
-0.999359
7.836909
---
0.913034
0.016278
-0.007462
-0.407491
0.000616
-0.002602
-0.014007
-0.004814
-0.004004
0.026736
-0.000361
-0.035805
-0.999359
7.854607
---
0.913159
0.016256
-0.007506
-0.407209
0.000509
-0.002600
-0.014007
0.004177
-0.001841
0.040524
-0.000468
-0.035803
-0.999359
7.870722
---
0.913287
0.016299
-0.007521
-0.406921
-0.004382
0.006100
-0.016934
0.004068
-0.001797
0.036003
-0.000476
-0.035892
-0.999356
7.888666
---
0.913410
0.016320
-0.007523
-0.406643
0.001481
-0.001756
-0.018885
0.002505
-0.000528
0.024884
-0.000472
-0.035935
-0.999354
7.904722
---
0.913527
0.016349
-0.007510
-0.406381
0.001520
-0.001798
-0.018884
0.004892
-0.002984
0.038657
-0.000433
-0.035978
-0.999353
7.921996
---
0.913696
0.016387
-0.007433
-0.405999
-0.006141
-0.000827
-0.011071
0.003590
0.009084
0.039314
-0.000281
-0.035983
-0.999352
7.939665
---
0.913815
0.016430
-0.007431
-0.405730
0.004634
-0.003831
-0.013022
0.004183
0.001428
0.037090
-0.000249
-0.036058
-0.999350
7.956668
---
0.913933
0.016405
-0.007454
-0.405466
0.004558
-0.003805
-0.013023
0.000660
-0.003659
0.036487
-0.000325
-0.036032
-0.999351
7.973117
---
0.914048
0.016402
-0.007488
-0.405204
-0.000398
0.000081
-0.009115
0.000650
-0.006051
0.044516
-0.000398
-0.036052
-0.999350
7.990237
---
0.914212
0.016429
-0.007509
-0.404834
0.005433
0.002943
-0.003254
0.002194
-0.000239
0.038804
-0.000426
-0.036120
-0.999347
8.006630
---
0.914328
0.016447
-0.007553
-0.404571
0.005358
0.002875
-0.003251
0.002859
0.000647
0.034871
-0.000502
-0.036187
-0.999345
8.023996
---
0.914440
0.016470
-0.007531
-0.404316
-0.001431
-0.003009
-0.011063
0.000368
0.005525
0.027211
-0.000455
-0.036212
-0.999344
8.041669
---
0.914546
0.016476
-0.007535
-0.404075
-0.003397
-0.001070
-0.013992
0.002159
-0.001836
0.031620
-0.000467
-0.036226
-0.999344
8.057783
---
0.914690
0.016457
-0.007623
-0.403750
0.001297
-0.004034
-0.006178
0.002447
-0.011114
0.033764
-0.000656
-0.036261
-0.999342
8.075637
---
0.914810
0.016441
-0.007662
-0.403476
0.001200
-0.004041
-0.006178
0.000026
0.005039
0.042196
-0.000753
-0.036268
-0.999342
8.091753
---
0.914936
0.016433
-0.007643
-0.403192
-0.003663
-0.004987
-0.008132
-0.005918
0.002010
0.039656
-0.000733
-0.036237
-0.999343
8.108784
---
0.915080
0.016412
-0.007593
-0.402868
-0.000674
-0.003928
-0.010088
-0.010983
0.007329
0.043976
-0.000674
-0.036154
-0.999346
8.125938
---
0.915251
0.016380
-0.007587
-0.402481
-0.000703
-0.003864
-0.010090
0.000147
0.001256
0.043002
-0.000703
-0.036091
-0.999348
8.143058
---
0.915364
0.016333
-0.007601
-0.402223
0.007039
-0.003790
-0.011070
-0.006869
-0.007389
0.044904
-0.000774
-0.036017
-0.999351
8.160179
---
0.915525
0.016298
-0.007627
-0.401859
-0.006722
0.000160
-0.011071
0.000243
0.003749
0.047383
-0.000863
-0.035973
-0.999352
8.176906
---
0.915654
0.016307
-0.007593
-0.401564
-0.006667
0.000171
-0.011072
-0.000982
0.004827
0.043749
-0.000807
-0.035962
-0.999353
8.194026
---
0.915802
0.016325
-0.007572
-0.401226
0.001183
-0.000824
-0.011071
0.004111
-0.000656
0.026080
-0.000770
-0.035980
-0.999352
8.211088
---
0.915940
0.016310
-0.007568
-0.400911
-0.000785
-0.001768
-0.012049
0.000252
0.008188
0.043610
-0.000785
-0.035948
-0.999353
8.228208
---
0.916093
0.016294
-0.007584
-0.400564
-0.000843
-0.001751
-0.012049
-0.004633
-0.004026
0.051791
-0.000843
-0.035931
-0.999354
8.244478
---
0.916224
0.016317
-0.007539
-0.400263
-0.002707
-0.004686
-0.014979
-0.002516
0.007900
0.034442
-0.000754
-0.035936
-0.999354
8.261598
---
0.916367
0.016285
-0.007532
-0.399936
0.004103
-0.000715
-0.012051
-0.005429
-0.000146
0.036240
-0.000780
-0.035872
-0.999356
8.278631
---
0.916493
0.016261
-0.007491
-0.399650
0.004147
-0.000639
-0.012054
-0.003372
0.000752
0.041305
-0.000736
-0.035795
-0.999359
8.295753
---
0.916625
0.016232
-0.007528
-0.399348
0.005998
-0.001591
-0.010102
0.000357
-0.010176
0.039549
-0.000837
-0.035770
-0.999360
8.313638
---
0.916763
0.016196
-0.007594
-0.399032
-0.003930
0.000378
-0.012055
-0.000024
-0.009110
0.044942
-0.001001
-0.035754
-0.999360
8.329753
---
0.916909
0.016205
-0.007626
-0.398695
-0.003995
0.000332
-0.012054
0.003749
0.001191
0.037475
-0.001065
-0.035801
-0.999358
8.347638
---
0.917004
0.016205
-0.007627
-0.398477
0.001857
-0.006505
-0.014007
0.001305
0.004782
0.032177
-0.001073
-0.035801
-0.999358
8.363752
---
0.917149
0.016141
-0.007619
-0.398145
0.003760
-0.001494
-0.012058
-0.000206
-0.000376
0.048021
-0.001123
-0.035674
-0.999363
8.381032
---
0.917274
0.016133
-0.007647
-0.397857
0.003692
-0.001502
-0.012058
0.002104
-0.001108
0.037638
-0.001190
-0.035681
-0.999363
8.398153
---
0.917386
0.016134
-0.007694
-0.397596
0.001643
-0.000566
-0.007173
0.003306
-0.007085
0.039633
-0.001287
-0.035722
-0.999361
8.414510
---
0.917543
0.016129
-0.007761
-0.397234
0.001501
-0.003538
-0.009125
0.003425
-0.000875
0.037521
-0.001428
-0.035765
-0.999359
8.431629
---
0.917644
0.016117
-0.007815
-0.397000
0.001382
-0.003560
-0.009124
0.002386
-0.003260
0.020306
-0.001548
-0.035787
-0.999358
8.448663
---
0.917754
0.016089
-0.007832
-0.396746
0.004251
0.000385
-0.012055
-0.004918
-0.006730
0.041354
-0.001609
-0.035748
-0.999360
8.465814
---
0.917893
0.016034
-0.007870
-0.396426
0.001194
-0.001497
-0.014010
-0.003626
-0.015560
0.036379
-0.001735
-0.035677
-0.999362
8.483187
---
0.918019
0.016027
-0.007866
-0.396133
0.001185
-0.001480
-0.014011
0.002580
0.006674
0.034039
-0.001744
-0.035660
-0.999363
8.499296
---
0.918196
0.016020
-0.007796
-0.395724
-0.003591
-0.003364
-0.018896
-0.002820
0.005840
0.046654
-0.001637
-0.035591
-0.999365
8.516509
---
0.918329
0.015981
-0.007773
-0.395420
-0.004571
-0.003274
-0.014993
-0.009074
-0.000727
0.038150
-0.001641
-0.035500
-0.999368
8.533542
---
0.918487
0.016013
-0.007770
-0.395051
-0.000643
0.001554
-0.009132
0.002801
-0.002661
0.047636
-0.001620
-0.035555
-0.999366
8.550634
---
0.918631
0.016005
-0.007784
-0.394715
-0.000692
0.001561
-0.009132
0.004043
-0.011268
0.039917
-0.001669
-0.035549
-0.999367
8.568578
---
0.918756
0.016002
-0.007791
-0.394425
0.000261
-0.003324
-0.009132
0.002259
0.010487
0.036970
-0.001693
-0.035551
-0.999367
8.584632
---
0.918873
0.016042
-0.007790
-0.394149
0.000287
0.003443
-0.010106
0.005131
-0.000560
0.026921
-0.001666
-0.035619
-0.999364
8.602639
---
0.918967
0.016069
-0.007806
-0.393931
0.000267
0.003380
-0.010104
0.005044
-0.008070
0.039055
-0.001687
-0.035682
-0.999362
8.618753
---
0.919063
0.016088
-0.007844
-0.393705
0.008013
-0.000595
-0.009125
0.004612
-0.003131
0.018084
-0.001753
-0.035751
-0.999359
8.635875
---
0.919139
0.016098
-0.007859
-0.393527
-0.002756
-0.003553
-0.011077
-0.001534
0.001463
0.026936
-0.001780
-0.035780
-0.999358
8.652909
---
0.919249
0.016096
-0.007888
-0.393269
-0.002821
-0.003570
-0.011076
0.004935
0.005886
0.023339
-0.001844
-0.035796
-0.999357
8.670644
---
0.919322
0.016104
-0.007908
-0.393098
0.002027
0.001283
-0.010098
-0.002453
-0.003885
0.024671
-0.001880
-0.035826
-0.999356
8.687637