---
0.998733
-0.004367
0.022477
-0.044823
-0.000417
-0.000976
-0.028248
0.198358
-0.208945
-0.718904
0.044505
0.010743
-0.998951
0.000000
---
0.997279
-0.002274
0.031911
-0.066411
-0.105599
-0.024433
0.025484
0.281613
1.036404
-2.215449
0.063346
0.008770
-0.997953
0.017120
---
0.995981
0.002367
0.036276
-0.081854
-0.096298
-0.031972
0.026081
0.906426
0.187947
-1.819351
0.072647
0.001231
-0.997357
0.034244
---
0.994707
0.009925
0.037677
-0.095074
-0.129212
-0.026253
0.090927
0.991453
0.311263
-1.528167
0.076843
-0.012581
-0.996964
0.051365
---
0.994424
0.018148
0.039798
-0.095954
-0.005255
0.015488
0.077069
0.952901
0.346577
-0.126349
0.082636
-0.028458
-0.996173
0.068490
---
0.990902
0.058845
0.041244
-0.113799
-0.011314
-0.060358
0.090406
1.069999
0.292406
-0.206106
0.095131
-0.107233
-0.989672
0.153088
---
0.988619
0.063440
0.040861
-0.130148
-0.038437
-0.093315
-0.334315
0.274589
-0.118108
-1.335383
0.097306
-0.114799
-0.988612
0.187331
---
0.988010
0.066592
0.045611
-0.131613
0.081290
0.044482
-0.161775
-0.002760
0.315707
0.727017
0.107657
-0.119580
-0.986970
0.221579
---
0.988225
0.064712
0.046155
-0.130740
0.038808
0.016003
-0.273497
-0.334226
-0.101751
-0.157077
0.108144
-0.115833
-0.987364
0.238701
---
0.988168
0.061436
0.044865
-0.133180
0.035697
0.022368
-0.274558
-0.244699
-0.319080
-0.828304
0.105033
-0.109468
-0.988425
0.254815
---
0.987651
0.059171
0.043058
-0.138529
-0.062616
0.055205
-0.094758
-0.167236
-0.256092
-0.591639
0.101447
-0.104951
-0.989290
0.271937
---
0.987194
0.052950
0.043847
-0.143951
-0.051505
0.022336
0.053398
-0.135437
0.164857
-0.432079
0.101815
-0.091921
-0.990547
0.306179
---
0.986520
0.053326
0.045784
-0.147781
-0.086288
0.031365
0.076286
0.145054
0.242978
-0.514839
0.106095
-0.091682
-0.990120
0.323303
---
0.986079
0.054699
0.047459
-0.149678
-0.082412
0.029378
0.076895
0.168799
0.177345
-0.170060
0.109971
-0.093669
-0.989511
0.340427
---
0.985719
0.056385
0.048527
-0.151078
-0.023038
0.031433
0.086264
0.222803
0.146105
-0.266598
0.112704
-0.096497
-0.988932
0.357546
---
0.984534
0.062510
0.057469
-0.153243
-0.067876
0.005856
-0.020736
0.114882
0.809509
-0.022981
0.132319
-0.105472
-0.985580
0.390784
---
0.985576
0.061574
0.060737
-0.145460
-0.062559
0.007627
-0.020196
-0.409211
0.242175
1.643066
0.137636
-0.103701
-0.985039
0.407906
---
0.987981
0.058093
0.059485
-0.130311
0.051627
-0.006513
-0.101408
-0.271473
-0.252123
0.163086
0.132681
-0.099286
-0.986173
0.442156
---
0.987970
0.056605
0.058151
-0.131640
-0.003007
0.001118
0.012195
0.180880
-0.126911
-0.360396
0.129806
-0.096538
-0.986829
0.476394
---
0.986425
0.068355
0.058722
-0.137275
-0.064602
0.042400
0.015265
1.312630
0.430754
-0.433624
0.134617
-0.118733
-0.983758
0.493516
---
0.985392
0.075372
0.061109
-0.139952
-0.032299
-0.029876
0.046174
0.506477
0.297635
-0.257060
0.141529
-0.131439
-0.981169
0.510642
---
0.984710
0.078889
0.061706
-0.142531
-0.029815
-0.036213
0.047406
0.385027
-0.109503
-0.344262
0.144013
-0.137775
-0.979938
0.526756
---
0.984604
0.084336
0.058576
-0.141464
0.062060
0.026279
-0.087311
0.638552
-0.366016
0.154348
0.139209
-0.149503
-0.978913
0.543875
---
0.984739
0.087432
0.054555
-0.140242
0.054820
0.018888
-0.087157
0.324575
-0.424517
0.325621
0.131968
-0.156893
-0.978759
0.560998
---
0.985045
0.089403
0.051222
-0.138094
0.092402
0.001101
-0.071540
0.273897
-0.266726
0.319618
0.125605
-0.161985
-0.978767
0.578121
---
0.984661
0.090618
0.049491
-0.140651
-0.012787
-0.013167
0.014486
0.117934
-0.108420
-0.253541
0.122955
-0.164534
-0.978678
0.595244
---
0.984606
0.088631
0.048403
-0.142666
0.001465
-0.056230
0.020397
-0.491134
-0.288336
-0.253727
0.120606
-0.160722
-0.979603
0.612366
---
0.984804
0.082638
0.045925
-0.145678
-0.004608
-0.044891
0.017876
-0.540364
-0.468336
-0.171942
0.114532
-0.149383
-0.982124
0.629492
---
0.984961
0.078035
0.042893
-0.148062
0.014832
-0.031647
0.002187
-0.463346
-0.479845
-0.321885
0.107605
-0.141022
-0.984141
0.646609
---
0.984838
0.076535
0.039889
-0.150484
0.015665
0.020435
0.011968
-0.004627
-0.362109
-0.285665
0.101603
-0.138745
-0.985102
0.662728
---
0.984396
0.075882
0.037659
-0.154232
0.011613
0.021400
0.011423
0.004197
-0.300193
-0.468269
0.097550
-0.137779
-0.985647
0.679852
---
0.983984
0.074760
0.035856
-0.157799
0.003337
0.032160
0.018632
-0.111534
-0.236208
-0.402517
0.094157
-0.135809
-0.986251
0.696967
---
0.983758
0.070698
0.035905
-0.161038
0.014312
0.003324
0.022340
-0.414837
0.034221
-0.384012
0.093414
-0.127535
-0.987425
0.714091
---
0.983337
0.068374
0.037886
-0.164126
0.017851
0.008826
0.021986
-0.226811
0.363459
-0.615632
0.096953
-0.122033
-0.987779
0.731213
---
0.982424
0.067099
0.040694
-0.169365
-0.019384
0.014757
0.021106
-0.159027
0.183436
-0.712520
0.102686
-0.118055
-0.987683
0.748339
---
0.981833
0.063961
0.040187
-0.174064
0.036726
-0.001256
-0.014955
-0.375395
-0.280553
-0.518865
0.101179
-0.111607
-0.988588
0.765458
---
0.981126
0.058945
0.039395
-0.179901
0.004761
-0.028248
-0.015338
-0.603139
-0.088839
-0.791901
0.098511
-0.101491
-0.989947
0.782580
---
0.979941
0.054394
0.040551
-0.187385
0.006109
-0.018166
-0.016185
-0.479190
0.039264
-1.042886
0.099859
-0.091408
-0.990794
0.799705
---
0.978083
0.052807
0.042739
-0.196820
-0.023538
0.003368
0.000441
-0.112762
0.113006
-1.213364
0.104392
-0.086476
-0.990770
0.815815
---
0.976567
0.051055
0.042317
-0.204742
0.043010
-0.006217
0.019537
-0.246964
-0.358181
-0.771556
0.103557
-0.082389
-0.991205
0.832939
---
0.975526
0.047600
0.039805
-0.210948
0.037197
0.000096
0.018443
-0.257872
-0.291580
-0.565834
0.097744
-0.076076
-0.992300
0.850061
---
0.974717
0.045174
0.038400
-0.215432
0.043541
0.005630
-0.012501
-0.227972
-0.234696
-0.684938
0.094322
-0.071519
-0.992970
0.867182
---
0.972749
0.044435
0.038370
-0.224304
-0.026511
0.031352
-0.020450
0.138819
0.048630
-1.443692
0.094583
-0.069234
-0.993107
0.884305
---
0.969025
0.045465
0.038063
-0.239737
-0.025527
0.030722
-0.020312
0.249605
-0.101631
-2.021052
0.095566
-0.069864
-0.992968
0.901427
---
0.964803
0.047137
0.034848
-0.256358
0.016217
0.048005
0.005896
0.343903
-0.367640
-1.680156
0.091413
-0.073088
-0.993127
0.918552
---
0.962019
0.047577
0.031523
-0.266948
0.063592
0.008298
0.016280
0.059202
-0.590645
-1.063771
0.086052
-0.074710
-0.993485
0.935670
---
0.960118
0.047165
0.026906
-0.274270
0.055076
0.007200
0.015662
0.175105
-0.542301
-0.670568
0.077537
-0.075808
-0.994103
0.951786
---
0.960335
0.045136
0.025379
-0.273998
0.172113
-0.117705
0.063956
-0.158369
-0.190577
0.159276
0.073480
-0.072784
-0.994637
0.968908
---
0.959862
0.045450
0.023870
-0.275733
0.096278
-0.041862
0.060935
0.078728
-0.075083
-0.387858
0.070888
-0.074088
-0.994729
1.003152
---
0.958719
0.045479
0.022473
-0.279794
0.084165
-0.018962
0.056904
0.059053
-0.359397
-0.775430
0.068540
-0.074626
-0.994853
1.020274
---
0.956717
0.041941
0.014120
-0.287637
0.069698
0.004044
-0.048818
-0.107246
-0.940749
-0.515148
0.051143
-0.072128
-0.996083
1.037396
---
0.956295
0.032254
0.007253
-0.290530
0.070696
-0.049663
0.022694
-0.563027
-0.318350
-0.073793
0.032610
-0.057475
-0.997814
1.071640
---
0.955954
0.030423
0.006187
-0.291870
0.045213
0.014780
-0.022486
-0.034550
-0.227396
-0.280442
0.029588
-0.054556
-0.998072
1.087757
---
0.954612
0.028959
0.003216
-0.296423
0.038942
0.015957
-0.022716
-0.169998
-0.510862
-0.704581
0.023317
-0.053379
-0.998302
1.104880
---
0.952201
0.025897
-0.001215
-0.304371
0.029061
-0.003189
-0.044554
-0.106247
-0.565158
-0.835111
0.013436
-0.050064
-0.998656
1.122000
---
0.950375
0.025243
-0.005090
-0.310040
0.003048
0.039684
-0.091447
0.168783
-0.496163
-0.679187
0.005978
-0.051136
-0.998674
1.139123
---
0.949059
0.026518
-0.008958
-0.313853
-0.003289
0.034863
-0.091207
0.341592
-0.374756
-0.425207
-0.000360
-0.055957
-0.998433
1.156248
---
0.947287
0.027464
-0.014048
-0.318899
0.009455
-0.041462
-0.059620
0.299208
-0.564569
-0.648947
-0.009100
-0.060993
-0.998097
1.173368
---
0.945153
0.030561
-0.020514
-0.324547
0.021097
0.116414
-0.141822
0.769311
-0.790807
-0.839686
-0.018942
-0.071086
-0.997290
1.190490
---
0.941915
0.033722
-0.030858
-0.332727
0.004347
0.103439
-0.140352
0.571549
-1.490112
-1.257512
-0.035692
-0.084061
-0.995821
1.207610
---
0.938140
0.034065
-0.042690
-0.341922
-0.005046
-0.031586
-0.035050
0.440536
-1.285002
-1.032137
-0.056803
-0.093109
-0.994034
1.223727
---
0.933837
0.027430
-0.048433
-0.353341
-0.097441
-0.129401
0.008149
-0.992181
-1.018805
-1.495083
-0.071073
-0.085456
-0.993804
1.240849
---
0.929900
0.016279
-0.046117
-0.364546
-0.092454
0.001530
0.103416
-0.948309
0.015023
-0.746313
-0.073899
-0.063900
-0.995216
1.257969
---
0.928144
0.011013
-0.040297
-0.369870
-0.085209
0.015174
0.102123
-0.849762
0.575446
-0.550177
-0.066654
-0.050256
-0.996510
1.275099
---
0.927462
0.007505
-0.033761
-0.372316
0.001561
0.028317
0.023877
-0.712503
0.610096
-0.356626
-0.057033
-0.039066
-0.997608
1.292215
---
0.926315
0.004981
-0.029463
-0.375564
-0.016663
0.048719
-0.007003
-0.576776
0.385249
-0.562949
-0.050843
-0.031360
-0.998214
1.309337
---
0.922436
0.003264
-0.023387
-0.385428
-0.006448
0.056024
-0.007674
-0.275641
0.425008
-1.039200
-0.040628
-0.024055
-0.998885
1.326459
---
0.918905
-0.001752
-0.020446
-0.393946
0.050890
-0.037311
-0.021619
-0.628587
0.123528
-1.074977
-0.038953
-0.012897
-0.999158
1.343581
---
0.915654
-0.005035
-0.017248
-0.401566
0.044448
-0.050527
-0.025722
-0.531761
0.218731
-0.965200
-0.035630
-0.004629
-0.999354
1.360701
---
0.912847
-0.008000
-0.014693
-0.407959
0.046726
-0.043279
-0.025807
-0.478463
0.071849
-0.865699
-0.033352
0.002619
-0.999440
1.376818
---
0.909207
-0.009795
-0.011394
-0.416072
0.005308
0.039582
-0.051306
-0.426703
0.115333
-0.946523
-0.028872
0.008332
-0.999548
1.393941
---
0.905157
-0.010710
-0.007955
-0.424869
-0.063540
0.066339
-0.020152
-0.260174
0.410378
-1.161402
-0.023501
0.012628
-0.999644
1.411066
---
0.901732
-0.011281
-0.003559
-0.432134
-0.056206
0.070979
-0.020228
-0.385385
0.583627
-1.135007
-0.016167
0.017268
-0.999720
1.428185
---
0.895429
-0.016649
0.002858
-0.444883
-0.050703
-0.056505
0.048422
-0.963485
0.442169
-1.674576
-0.009687
0.032362
-0.999429
1.445309
---
0.889201
-0.022948
0.009755
-0.456838
-0.004596
0.005778
0.010033
-0.883594
0.360538
-1.292193
-0.003620
0.049724
-0.998756
1.462428
---
0.884505
-0.027645
0.014539
-0.465484
-0.000993
0.018493
0.010740
-0.755897
0.262346
-1.004634
-0.000016
0.062439
-0.998049
1.479551
---
0.880451
-0.031860
0.018580
-0.472700
0.046543
0.101012
-0.056850
-0.660101
0.214024
-0.999109
0.002597
0.073668
-0.997279
1.496672
---
0.875326
-0.036037
0.021296
-0.481719
0.018187
0.017200
-0.027746
-0.529697
0.042850
-1.269926
0.002562
0.083606
-0.996496
1.512789
---
0.869248
-0.040128
0.020790
-0.492307
0.012257
0.023825
-0.027165
-0.445865
-0.703965
-1.226399
-0.003368
0.090231
-0.995915
1.529911
---
0.864542
-0.044789
0.016543
-0.500288
0.101952
-0.027097
0.006513
-0.118526
-0.617084
-1.095834
-0.016212
0.093996
-0.995441
1.547032
---
0.859829
-0.044513
0.016394
-0.508374
-0.081521
-0.043503
0.018172
0.089432
0.246708
-1.354256
-0.017068
0.093216
-0.995500
1.564156
---
0.853778
-0.041771
0.017214
-0.518674
-0.078389
-0.047535
0.017754
0.344333
0.301660
-0.990675
-0.013936
0.089184
-0.995918
1.581277
---
0.849527
-0.038260
0.017745
-0.525857
-0.078448
-0.010081
0.016253
0.302195
0.328367
-1.053707
-0.010088
0.083669
-0.996443
1.598400
---
0.846462
-0.036832
0.015975
-0.530934
0.057268
0.031466
0.001271
0.300302
-0.284216
-0.731618
-0.012067
0.079318
-0.996776
1.615521
---
0.842316
-0.036125
0.013341
-0.537606
0.058828
0.037117
-0.003870
0.202149
-0.129764
-0.857414
-0.016367
0.075203
-0.997034
1.632642
---
0.838183
-0.034932
0.012846
-0.544118
0.058715
0.034454
-0.004065
0.105264
0.229713
-0.852234
-0.016480
0.072540
-0.997229
1.648760
---
0.831275
-0.032473
0.020467
-0.554535
-0.065463
-0.081516
-0.035139
-0.303604
0.840436
-1.274752
-0.001987
0.076687
-0.997053
1.665880
---
0.826153
-0.030941
0.026877
-0.561953
-0.090953
-0.067106
-0.047422
-0.243324
0.848372
-0.997030
0.009633
0.081331
-0.996641
1.683002
---
0.822501
-0.029277
0.031609
-0.567129
-0.081797
-0.064424
-0.047069
-0.183793
0.878368
-1.043617
0.018789
0.084014
-0.996287
1.700126
---
0.818263
-0.025008
0.036466
-0.573141
0.040776
0.025111
0.098637
0.242468
0.608037
-0.572285
0.031011
0.082728
-0.996090
1.717246
---
0.814642
-0.018500
0.038487
-0.578390
0.082321
0.054155
0.085678
0.493979
0.451294
-0.507328
0.041305
0.074663
-0.996353
1.734372
---
0.812855
-0.014017
0.037559
-0.581085
0.085786
0.045931
0.085246
0.521860
0.077161
-0.350133
0.044770
0.066439
-0.996786
1.751494
---
0.810234
-0.009629
0.035508
-0.584950
0.087290
0.036637
0.084738
0.512681
-0.004151
-0.477115
0.046274
0.057145
-0.997293
1.768613
---
0.806427
-0.010798
0.032323
-0.590351
-0.002609
-0.078208
-0.249630
-0.087586
-0.526290
-1.163300
0.039383
0.055581
-0.997677
1.785156
---
0.800189
-0.014963
0.032342
-0.598688
-0.008148
-0.071117
-0.249413
-0.421774
-0.090461
-1.026000
0.033844
0.062672
-0.997460
1.802185
---
0.796103
-0.019476
0.033982
-0.603892
-0.027033
-0.051970
-0.152205
-0.516517
-0.182170
-0.685927
0.030584
0.072054
-0.996932
1.819308
---
0.793808
-0.022981
0.034643
-0.606746
-0.016832
-0.045498
-0.080528
-0.390364
-0.192978
-0.426001
0.027113
0.078525
-0.996543
1.836432
---
0.791946
-0.024739
0.034301
-0.609125
-0.019755
-0.043052
-0.080407
-0.023459
-0.144214
-0.391295
0.024191
0.080972
-0.996423
1.853549
---
0.791448
-0.025651
0.031240
-0.609898
0.023044
0.012303
0.114596
0.162521
-0.334087
-0.218671
0.018161
0.078710
-0.996732
1.870674
---
0.791669
-0.026375
0.027312
-0.609770
0.096040
0.073116
0.021438
0.363549
-0.706768
0.158128
0.011079
0.075069
-0.997117
1.886695
---
0.792029
-0.027552
0.020744
-0.609508
0.084236
0.066978
0.020934
0.214948
-0.463754
-0.180474
-0.000725
0.068931
-0.997621
1.903731
---
0.790950
-0.028541
0.017410
-0.610967
0.048329
0.039079
-0.031944
0.107495
-0.333529
-0.290880
-0.007335
0.066423
-0.997765
1.920884
---
0.788834
-0.029708
0.015503
-0.613693
0.058308
-0.014181
0.012988
-0.010482
-0.205674
-0.592891
-0.012005
0.065897
-0.997754
1.938156
---
0.784590
-0.030728
0.013214
-0.619112
0.052999
-0.015499
0.012980
0.048953
-0.376374
-0.678090
-0.017313
0.064579
-0.997762
1.955279
---
0.779925
-0.031385
0.011443
-0.624981
-0.003804
-0.045139
-0.065151
0.020025
-0.211034
-0.902501
-0.021382
0.063260
-0.997768
1.972398
---
0.774887
-0.033133
0.009635
-0.631157
0.011195
-0.052698
-0.094298
-0.061586
-0.282602
-1.006581
-0.026891
0.063513
-0.997619
1.989521
---
0.769074
-0.035369
0.006608
-0.638146
0.114435
0.083342
-0.024755
0.248176
-0.704668
-0.071794
-0.034979
0.062834
-0.997411
2.007649
---
0.768129
-0.036649
0.001505
-0.639243
0.104876
0.078738
-0.024653
0.323476
-0.507128
-0.283752
-0.044538
0.058230
-0.997309
2.022759
---
0.764760
-0.036375
-0.000646
-0.643288
0.059627
0.024525
0.052452
0.166741
-0.045463
-0.780160
-0.047795
0.054799
-0.997353
2.039792
---
0.760823
-0.034699
-0.001968
-0.648028
0.094614
0.072712
0.164525
0.317914
0.173850
-0.555014
-0.047964
0.050251
-0.997584
2.056945
---
0.756017
-0.030752
-0.002754
-0.653824
0.098202
0.065358
0.164016
0.283609
0.119365
-0.831555
-0.044377
0.042897
-0.998093
2.074062
---
0.751303
-0.028778
-0.004991
-0.659311
0.029752
0.066937
-0.034427
0.277849
-0.041562
-0.996476
-0.045443
0.036664
-0.998294
2.091276
---
0.743381
-0.027608
-0.005350
-0.668277
-0.052668
-0.014935
-0.050176
-0.097439
0.206416
-1.593301
-0.044856
0.033893
-0.998418
2.109135
---
0.734317
-0.027360
-0.004103
-0.678243
-0.050957
-0.014215
-0.050227
-0.118795
0.103961
-1.630605
-0.043145
0.034613
-0.998469
2.125251
---
0.726630
-0.028227
-0.003623
-0.686439
-0.020581
0.005771
-0.032560
-0.182094
-0.062629
-1.400991
-0.044019
0.036044
-0.998380
2.143163
---
0.718902
-0.029547
-0.003138
-0.694476
-0.098290
-0.136685
-0.071476
-0.244239
0.038483
-1.928453
-0.045556
0.038120
-0.998234
2.160284
---
0.707694
-0.031373
-0.002581
-0.705818
-0.100681
-0.134047
-0.071260
-0.198792
-0.133529
-1.605320
-0.047946
0.040758
-0.998018
2.176676
---
0.700131
-0.033367
-0.000366
-0.713234
-0.090075
-0.069982
-0.055390
-0.361871
0.099569
-1.207868
-0.048083
0.046229
-0.997773
2.192788
---
0.693501
-0.036003
-0.002114
-0.719552
0.079043
0.007831
0.025062
0.079255
-0.535838
-0.823570
-0.054746
0.046893
-0.997399
2.210095
---
0.688039
-0.037758
-0.005643
-0.724668
0.071298
0.004717
0.025376
0.183415
-0.463623
-1.019437
-0.062491
0.043780
-0.997085
2.227219
---
0.681335
-0.037960
-0.008150
-0.730941
0.067188
0.000748
0.025476
0.178117
-0.202582
-1.180481
-0.066601
0.039811
-0.996985
2.244340
---
0.666299
-0.038242
-0.018995
-0.744461
0.058375
0.084203
-0.016861
0.438030
-0.453340
-1.235324
-0.082250
0.022680
-0.996354
2.278585
---
0.658942
-0.038866
-0.024351
-0.750794
0.046265
0.091804
-0.049504
0.360836
-0.524901
-1.226148
-0.090453
0.014655
-0.995793
2.295707
---
0.649767
-0.038179
-0.025264
-0.758754
-0.081980
-0.018022
-0.040730
-0.006544
0.318326
-1.544596
-0.090769
0.011275
-0.995808
2.311821
---
0.640378
-0.035794
-0.023292
-0.766872
-0.075941
-0.019179
-0.041274
-0.111650
0.431437
-1.602481
-0.084730
0.010118
-0.996353
2.328944
---
0.625036
-0.034002
-0.021787
-0.779551
-0.071459
-0.020759
-0.041660
-0.109806
0.379062
-2.147631
-0.080248
0.008538
-0.996738
2.346068
---
0.626318
-0.027809
-0.015309
-0.778921
0.208983
0.200438
0.017641
-0.214132
1.457183
1.000383
-0.062501
0.010985
-0.997984
2.363188
---
0.627110
-0.022515
-0.007596
-0.778569
0.226898
0.205864
0.016754
-0.323236
0.270274
-2.124568
-0.044587
0.016411
-0.998871
2.380308
---
0.610399
-0.023518
-0.003586
-0.791737
0.053105
0.087485
-0.069181
-0.456611
0.108819
-2.210246
-0.041621
0.023031
-0.998868
2.397431
---
0.598291
-0.024332
-0.000273
-0.800909
-0.069601
-0.036783
-0.090613
-0.550168
0.285818
-2.329366
-0.039327
0.028646
-0.998816
2.414559
---
0.580084
-0.025312
0.004811
-0.814149
-0.065910
-0.028232
-0.090469
-0.634056
0.284267
-2.550254
-0.035636
0.037197
-0.998672
2.431674
---
0.562960
-0.026410
0.009269
-0.826010
-0.004870
-0.057488
0.012309
-0.551785
0.237466
-2.630634
-0.033190
0.045051
-0.998433
2.447791
---
0.542019
-0.028477
0.009932
-0.839825
0.092819
0.051460
-0.020642
-0.148427
-0.223203
-3.254154
-0.037064
0.047553
-0.998181
2.464912
---
0.520635
-0.030511
0.009387
-0.853182
0.087596
0.051695
-0.020423
-0.213461
0.031765
-2.498485
-0.042287
0.047789
-0.997962
2.482032
---
0.500154
-0.030943
0.009721
-0.865329
-0.005742
-0.003005
-0.022310
-0.041018
0.051369
-2.457350
-0.043828
0.047777
-0.997896
2.499161
---
0.483781
-0.030341
0.009727
-0.874609
-0.021199
-0.027844
0.009843
-0.006089
0.150246
-2.328401
-0.043660
0.046374
-0.997970
2.516283
---
0.462864
-0.030359
0.009825
-0.885855
-0.022231
-0.028708
0.009849
-0.146256
-0.086886
-2.511974
-0.044692
0.045511
-0.997964
2.533401
---
0.445298
-0.033031
0.010165
-0.894715
0.021236
-0.031495
-0.048393
-0.317097
-0.275830
-2.530585
-0.050053
0.047606
-0.997611
2.550524
---
0.426591
-0.036137
0.011788
-0.903645
0.017990
-0.043563
-0.077188
-0.485601
-0.173011
-2.628077
-0.055252
0.052140
-0.997110
2.567646
---
0.407268
-0.039059
0.013486
-0.912373
-0.007553
0.021271
-0.006351
-0.277763
-0.170873
-2.363006
-0.060287
0.056427
-0.996585
2.583762
---
0.391348
-0.040890
0.013635
-0.919233
-0.011770
0.021916
-0.006050
-0.121848
-0.149994
-2.280661
-0.064504
0.057072
-0.996284
2.600882
---
0.369355
-0.042618
0.012265
-0.928230
-0.010489
0.036674
0.023465
-0.009092
-0.107648
-2.428956
-0.070059
0.054252
-0.996067
2.618007
---
0.354779
-0.042796
0.012219
-0.933890
-0.011692
0.035611
0.023493
-0.243896
0.183519
-2.892943
-0.071263
0.053189
-0.996038
2.636134
---
0.328181
-0.039905
0.014588
-0.943659
0.069026
-0.002917
0.077829
-0.193288
0.544544
-2.680838
-0.065740
0.053724
-0.996390
2.652250
---
0.300851
-0.033631
0.017976
-0.952908
0.135197
-0.025585
0.094705
-0.203744
0.862896
-3.069532
-0.053280
0.054493
-0.997092
2.669374
---
0.275040
-0.028537
0.022927
-0.960736
0.198012
0.170102
-0.097906
-0.799354
1.147569
-4.493734
-0.042222
0.059750
-0.997320
2.686492
---
0.233828
-0.024108
0.031854
-0.971457
0.208291
0.183516
-0.097394
-0.888594
0.655510
-4.275380
-0.031944
0.073165
-0.996808
2.703615
---
0.215405
-0.024586
0.031987
-0.975691
0.034164
0.004652
-0.128581
0.062039
-0.024767
-2.157671
-0.034196
0.073011
-0.996745
2.719728
---
0.202105
-0.024163
0.030898
-0.978578
0.033559
0.001879
-0.128759
0.123004
0.156335
-1.329755
-0.034800
0.070238
-0.996923
2.736853
---
0.191694
-0.022770
0.029332
-0.980752
-0.038302
-0.131977
0.064281
0.208242
0.153669
-1.199851
-0.033419
0.066265
-0.997242
2.753974
---
0.176873
-0.022631
0.027125
-0.983600
0.028552
-0.044101
0.014215
0.195469
-0.003665
-1.633381
-0.034924
0.061367
-0.997504
2.771098
---
0.159535
-0.023013
0.024374
-0.986623
0.097132
0.090596
-0.037792
0.421746
-0.069517
-2.929807
-0.037634
0.055440
-0.997753
2.788219
---
0.129710
-0.023824
0.019315
-0.991078
0.092552
0.079623
-0.038158
0.455140
-0.064625
-3.310769
-0.042213
0.044466
-0.998119
2.805347
---
0.104583
-0.025772
0.015412
-0.994063
0.061360
0.119039
-0.032376
0.347768
-0.307660
-3.056775
-0.048015
0.036031
-0.998197
2.822463
---
0.089164
-0.026613
0.012744
-0.995580
0.058656
0.113129
-0.032438
0.276403
0.035050
-1.532161
-0.050719
0.030121
-0.998259
2.839592
---
0.076852
-0.025015
0.010514
-0.996673
0.092376
-0.029885
0.072762
0.127973
0.253973
-1.760060
-0.048249
0.024803
-0.998527
2.856708
---
0.063382
-0.022655
0.009776
-0.997684
0.096659
-0.032308
0.072507
0.059391
0.331360
-1.599604
-0.043966
0.022380
-0.998782
2.872823
---
0.048058
-0.017680
0.007944
-0.998656
0.094357
-0.010752
0.059345
0.287077
0.649575
-1.476521
-0.034550
0.017568
-0.999249
2.889943
---
0.033900
-0.011043
0.005925
-0.999347
0.107238
-0.015727
0.058908
0.139913
0.791737
-1.790095
-0.021669
0.012593
-0.999686
2.907066
---
0.021196
-0.007116
0.006474
-0.999729
0.148153
0.027898
0.099795
-0.134809
0.496919
-1.779755
-0.013956
0.013249
-0.999815
2.924191
---
0.004922
-0.003529
0.006232
-0.999962
0.020350
0.097464
-0.063374
0.075190
0.407651
-1.864291
-0.006994
0.012503
-0.999897
2.941312
---
0.012522
0.001402
-0.006162
0.999902
0.064425
0.031818
-0.110272
-0.074731
0.155039
-1.853130
-0.002958
0.012287
-0.999920
2.958433
---
0.028825
0.000657
-0.006288
0.999564
0.065692
0.032064
-0.110272
0.030606
0.074986
-2.124493
-0.001691
0.012532
-0.999920
2.975560
---
0.046301
0.002751
-0.007104
0.998898
0.151067
-0.018291
0.021600
-0.063603
-0.261228
-2.210187
-0.006159
0.013936
-0.999884
2.992680
---
0.068569
0.008091
-0.008642
0.997576
0.229743
0.046403
-0.068079
-0.195206
-0.778125
-2.634600
-0.017328
0.016129
-0.999720
3.008792
---
0.091721
0.015694
-0.012001
0.995589
0.213620
0.051291
-0.067579
-0.388834
-0.840293
-2.525001
-0.033450
0.021017
-0.999219
3.025917
---
0.109323
0.018864
-0.014462
0.993722
0.206416
0.054893
-0.067229
-0.332600
-0.284602
-2.174240
-0.040654
0.024620
-0.998870
3.043036
---
0.122046
0.019761
-0.016177
0.992196
-0.017773
0.026303
0.049156
-0.251217
-0.025442
-1.982938
-0.043164
0.027280
-0.998696
3.060158
---
0.146929
0.021961
-0.019839
0.988704
-0.023865
0.031800
0.049603
-0.469104
-0.542039
-2.637805
-0.049256
0.032776
-0.998248
3.077281
---
0.169170
0.026835
-0.024231
0.984924
0.088354
0.072832
-0.052073
-0.548294
-0.671283
-2.916090
-0.061060
0.038652
-0.997385
3.094404
---
0.196114
0.033520
-0.030584
0.979531
0.192844
0.080949
-0.065218
-0.748697
-0.909423
-3.125448
-0.077664
0.046769
-0.995882
3.111525
---
0.218975
0.039616
-0.037961
0.974186
0.176695
0.090792
-0.063315
-1.064684
-1.059991
-3.360308
-0.093813
0.056612
-0.993979
3.128646
---
0.245826
0.044114
-0.051177
0.966956
0.170775
0.128063
-0.165674
-1.799007
-0.958286
-3.371948
-0.110475
0.077282
-0.990870
3.144761
---
0.270279
0.052719
-0.069270
0.958839
-0.045769
-0.033355
-0.213360
-1.327823
-1.387665
-1.792342
-0.138542
0.104340
-0.984845
3.162891
---
0.280044
0.061557
-0.078857
0.954760
-0.068937
-0.021594
-0.208500
-0.705512
-1.229931
-0.073136
-0.161711
0.116101
-0.979985
3.179006
---
0.280670
0.065781
-0.083979
0.953858
-0.561304
-0.094492
0.387993
-0.724555
-0.971355
-0.168661
-0.172632
0.123281
-0.977241
3.196129
---
0.290196
0.069606
-0.093305
0.949861
0.056778
0.204237
-0.127195
-1.282051
-0.320865
-2.734347
-0.186386
0.136854
-0.972898
3.214257
---
0.321312
0.069206
-0.106201
0.938451
0.045023
0.222239
-0.122160
-1.280951
-0.074785
-2.868503
-0.198141
0.154856
-0.967864
3.230373
---
0.341905
0.070508
-0.112382
0.930322
0.041962
0.198975
-0.097610
-0.776235
-0.308619
-2.660449
-0.208038
0.160889
-0.964798
3.248168
---
0.355696
0.072764
-0.114346
0.924722
-0.236426
0.033737
0.304317
-0.175172
-0.106390
-1.536042
-0.215918
0.159713
-0.963261
3.264283
---
0.369471
0.073655
-0.114785
0.919179
-0.240731
0.030612
0.304779
-0.374537
0.131079
-2.428349
-0.220223
0.156589
-0.962799
3.282167
---
0.391860
0.072644
-0.113871
0.910056
-0.094511
0.088802
0.148793
-0.155636
0.359154
-2.504132
-0.221464
0.150326
-0.963512
3.298283
---
0.408536
0.072282
-0.112217
0.902929
-0.052299
0.027378
0.137197
-0.075204
0.274123
-2.183089
-0.222221
0.143589
-0.964365
3.315346
---
0.428057
0.071106
-0.110487
0.894150
-0.051828
0.020498
0.136090
-0.225844
0.460775
-2.739488
-0.221750
0.136709
-0.965473
3.332499
---
0.451002
0.069622
-0.108057
0.883218
-0.132560
0.089013
0.090664
-0.080399
0.370517
-2.584413
-0.220451
0.128075
-0.966953
3.349681
---
0.465369
0.069411
-0.105745
0.876032
-0.164369
0.066958
0.081804
0.077872
0.358512
-2.699255
-0.220033
0.120668
-0.968000
3.365794
---
0.484456
0.069987
-0.101927
0.866034
-0.164317
0.055024
0.080379
0.195788
0.195758
-2.449590
-0.219981
0.108734
-0.969425
3.382857
---
0.505834
0.071954
-0.096496
0.854192
-0.003749
0.066669
0.091478
0.427243
0.218147
-2.513365
-0.220546
0.092059
-0.971022
3.400009
---
0.526136
0.075180
-0.088849
0.842398
0.001523
0.022732
0.064202
0.665587
0.247164
-2.549077
-0.220157
0.070583
-0.972907
3.417163
---
0.541354
0.079146
-0.083544
0.832882
0.148802
0.042730
-0.001833
0.622857
-0.322297
-2.671097
-0.222292
0.053472
-0.973513
3.434284
---
0.560685
0.086352
-0.080926
0.819528
0.138810
0.025067
-0.000309
0.274657
-0.454000
-2.650256
-0.232284
0.035809
-0.971989
3.452108
---
0.577448
0.089248
-0.077984
0.807779
-0.028195
0.012174
-0.051985
0.214100
-0.064718
-2.501321
-0.234249
0.022916
-0.971906
3.468225
---
0.599208
0.090049
-0.071578
0.792286
-0.220657
0.019175
0.007910
0.289442
0.615891
-2.772028
-0.228470
0.005503
-0.973535
3.485836
---
0.615864
0.090063
-0.063770
0.780086
-0.211247
0.002231
0.005801
0.518533
0.215299
-2.588112
-0.219060
-0.011441
-0.975644
3.501948
---
0.632191
0.092432
-0.055868
0.767248
-0.012279
0.047961
0.108291
0.740021
0.456230
-2.676345
-0.212474
-0.031140
-0.976670
3.519070
---
0.647233
0.094622
-0.047236
0.754920
-0.027253
0.013287
0.010650
0.810776
0.451783
-2.664914
-0.204010
-0.051166
-0.977631
3.536198
---
0.665726
0.098259
-0.039238
0.738657
-0.020645
-0.008408
0.010670
0.437000
-0.039485
-2.487529
-0.197403
-0.072861
-0.977611
3.554170
---
0.681817
0.101774
-0.037381
0.723443
-0.130847
0.037375
-0.206958
0.128845
-0.342276
-2.645199
-0.198230
-0.084696
-0.976489
3.570229
---
0.701254
0.104291
-0.034811
0.704382
-0.351018
0.055116
-0.028558
0.119494
-0.084674
-3.445348
-0.195744
-0.097228
-0.975823
3.588109
---
0.723103
0.105750
-0.028521
0.682001
-0.340765
0.038312
-0.028741
0.305021
0.354333
-3.330488
-0.185492
-0.114032
-0.976007
3.605142
---
0.730269
0.107994
-0.024375
0.674130
0.016061
0.018689
0.062600
0.610984
0.169091
-1.767078
-0.181205
-0.124866
-0.975486
3.621160
---
0.739269
0.111830
-0.017982
0.663817
0.072991
0.039193
0.003198
0.757748
0.011319
-1.645868
-0.175056
-0.141471
-0.974341
3.638285
---
0.748300
0.115642
-0.011834
0.653096
0.079285
0.023053
0.004565
0.440987
0.250998
-1.735085
-0.168762
-0.157612
-0.972974
3.656168
---
0.756394
0.116591
-0.006727
0.643607
-0.074316
0.031500
-0.102605
0.342815
0.298696
-1.550892
-0.160253
-0.167719
-0.972723
3.672374
---
0.765778
0.116597
-0.000211
0.632447
-0.060890
0.042394
-0.045076
0.243005
0.377096
-1.374423
-0.147804
-0.178309
-0.972810
3.690015
---
0.771488
0.116159
0.003078
0.625542
-0.053659
0.037621
-0.045261
0.084424
0.171843
-1.097094
-0.140573
-0.183083
-0.972995
3.706162
---
0.776699
0.115643
0.005123
0.619143
0.011243
0.003471
-0.089412
-0.003355
0.122386
-0.934836
-0.135241
-0.185982
-0.973201
3.724167
---
0.781830
0.115835
0.006514
0.612602
0.000099
0.056010
-0.033626
0.071945
-0.059537
-0.807273
-0.131737
-0.189107
-0.973080
3.741173
---
0.785342
0.116108
0.006993
0.608036
0.001626
0.054242
-0.033487
-0.039502
0.061104
-0.745777
-0.130209
-0.190875
-0.972940
3.757191
---
0.788420
0.115685
0.007932
0.604109
-0.079413
0.031631
-0.007288
0.020810
0.072743
-0.545620
-0.127265
-0.192002
-0.973108
3.774315
---
0.791290
0.115331
0.010130
0.600380
-0.103897
0.049456
0.041456
0.104320
0.187017
-0.504246
-0.122452
-0.194685
-0.973192
3.791437
---
0.793031
0.114547
0.013022
0.598173
-0.096854
0.050789
0.016816
0.086791
0.304365
-0.283641
-0.116385
-0.197258
-0.973419
3.809140
---
0.793620
0.112906
0.015508
0.597645
-0.090808
0.050301
0.016211
-0.010529
0.388635
-0.065265
-0.110340
-0.197746
-0.974023
3.825253
---
0.794173
0.110681
0.018136
0.597251
-0.100472
0.075972
-0.029529
-0.071127
0.462898
-0.069644
-0.103402
-0.197465
-0.974841
3.842375
---
0.794055
0.107219
0.020861
0.597952
-0.092165
0.078214
-0.030825
-0.186287
0.548970
0.128512
-0.095094
-0.195223
-0.976138
3.859497
---
0.793003
0.103544
0.022846
0.599919
-0.087025
0.066179
-0.027318
-0.218553
0.478644
0.317504
-0.088002
-0.191634
-0.977513
3.876711
---
0.791045
0.099394
0.024694
0.603125
-0.111100
0.055150
0.025861
-0.234471
0.556063
0.488294
-0.080826
-0.187038
-0.979022
3.892825
---
0.786832
0.095048
0.026016
0.609249
-0.013351
0.072631
0.113172
-0.264843
0.360759
0.896407
-0.074875
-0.181275
-0.980578
3.910345
---
0.782288
0.092452
0.025554
0.615487
-0.012302
0.077802
0.112151
-0.249004
0.161964
0.987899
-0.073825
-0.176104
-0.981599
3.927468
---
0.776207
0.092808
0.023345
0.623173
-0.012048
0.082687
-0.017816
-0.061207
-0.273544
1.090304
-0.079431
-0.173173
-0.981683
3.945140
---
0.771435
0.093549
0.020742
0.629052
-0.061279
0.056133
-0.027535
-0.147365
-0.283298
1.223310
-0.085693
-0.170430
-0.981637
3.961256
---
0.763223
0.094819
0.015862
0.638943
-0.072541
0.061556
-0.027414
-0.139876
-0.349304
1.404099
-0.096955
-0.165006
-0.981515
3.978803
---
0.755282
0.094763
0.012950
0.648384
-0.098442
0.014867
-0.025650
-0.122165
-0.031194
1.578322
-0.103325
-0.159938
-0.981705
3.994917
---
0.748934
0.093564
0.012338
0.655890
-0.112068
-0.002035
-0.014413
-0.150547
0.294284
1.632484
-0.104256
-0.156332
-0.982187
4.011950
---
0.737942
0.088550
0.013888
0.668886
-0.105774
0.005029
-0.016159
-0.183288
0.684007
1.580336
-0.097962
-0.149268
-0.983932
4.029100
---
0.727787
0.083176
0.016330
0.680545
-0.055261
0.011978
-0.032505
-0.174764
0.774914
1.678020
-0.089440
-0.143296
-0.985630
4.046163
---
0.718272
0.077982
0.017916
0.691146
-0.046901
-0.022531
-0.023328
-0.289793
0.643050
1.700008
-0.082058
-0.136789
-0.987196
4.063285
---
0.708060
0.073089
0.018754
0.702109
-0.040918
-0.015579
-0.024745
-0.178786
0.425741
1.369098
-0.076075
-0.129837
-0.988613
4.081140
---
0.701268
0.071875
0.018425
0.709025
0.030365
-0.015606
0.010034
-0.069697
0.143287
1.342075
-0.076080
-0.126934
-0.988989
4.097252
---
0.694422
0.071412
0.018101
0.715787
-0.027287
0.005766
0.062612
-0.005673
0.058880
1.215000
-0.077092
-0.125093
-0.989145
4.114286
---
0.685802
0.071935
0.018076
0.723998
-0.030539
0.003089
0.076432
0.122669
0.083364
1.150035
-0.079367
-0.124840
-0.988997
4.131435
---
0.677961
0.071072
0.020197
0.731375
-0.027747
0.002019
0.076348
0.157474
0.396869
1.206735
-0.076575
-0.125911
-0.989082
4.149201
---
0.669844
0.068200
0.024052
0.738972
-0.047089
-0.036094
0.072959
0.157556
0.760675
1.319489
-0.068574
-0.126914
-0.989541
4.165316
---
0.662134
0.064375
0.028252
0.746080
-0.037161
-0.036586
0.072385
0.095524
0.759292
1.240013
-0.058646
-0.127406
-0.990115
4.182347
---
0.654362
0.062028
0.029834
0.753042
0.052072
-0.020643
-0.021775
-0.033132
0.255809
1.155246
-0.054374
-0.126112
-0.990525
4.199497
---
0.646535
0.061494
0.030031
0.759808
0.049876
-0.013824
-0.084383
0.025918
0.069538
1.123304
-0.054616
-0.125152
-0.990633
4.217140
---
0.641715
0.061463
0.030323
0.763875
-0.021780
0.025181
0.018183
0.102132
0.177083
0.926365
-0.054983
-0.125210
-0.990606
4.233254
---
0.634155
0.060667
0.032018
0.770157
-0.019635
0.024128
0.018200
0.091966
0.232774
0.999280
-0.052838
-0.126262
-0.990589
4.251200
---
0.628200
0.059547
0.033196
0.775059
-0.061340
0.019235
-0.023907
0.029418
0.223700
0.937167
-0.050598
-0.126273
-0.990704
4.267317
---
0.622524
0.058395
0.033850
0.779684
-0.041103
0.057128
-0.024092
-0.011077
0.232266
0.894262
-0.048915
-0.125489
-0.990888
4.284409
---
0.616292
0.057360
0.034482
0.784669
-0.039702
0.057802
-0.024245
-0.025585
0.168416
0.767097
-0.047515
-0.124815
-0.991042
4.301536
---
0.612282
0.056202
0.034385
0.787889
-0.033760
0.030315
-0.037216
-0.150300
0.208285
0.800356
-0.046456
-0.123005
-0.991318
4.318593
---
0.606143
0.054263
0.032927
0.792819
0.087665
0.032399
-0.038818
-0.254661
-0.079452
0.835094
-0.046124
-0.117991
-0.991943
4.335743
---
0.601099
0.053564
0.030126
0.796809
0.084648
0.037987
-0.039322
-0.344667
-0.091374
0.792798
-0.049141
-0.112404
-0.992447
4.351800
---
0.596582
0.051787
0.027540
0.800406
0.037850
0.057208
-0.030229
-0.401718
0.018680
0.743169
-0.050041
-0.105877
-0.993119
4.369164
---
0.589970
0.049509
0.023320
0.805569
-0.024906
0.018268
-0.051627
-0.478984
-0.032688
0.928583
-0.052250
-0.095990
-0.994010
4.387048
---
0.584231
0.048419
0.019811
0.809900
-0.027937
0.025592
-0.052143
-0.420834
-0.133042
0.962943
-0.055281
-0.088666
-0.994526
4.403105
---
0.577943
0.048206
0.016201
0.814491
0.025161
0.021403
0.008102
-0.328130
-0.170887
0.967521
-0.059800
-0.082113
-0.994827
4.421138
---
0.570660
0.046854
0.013514
0.819738
0.051890
0.033743
0.060420
-0.263055
0.122046
0.893679
-0.061391
-0.075632
-0.995244
4.437164
---
0.564586
0.044403
0.012082
0.824091
0.053741
0.039322
0.059899
-0.280198
0.238928
0.981108
-0.059541
-0.070053
-0.995765
4.455171
---
0.557978
0.041929
0.010276
0.828732
-0.004316
0.026996
0.004704
-0.346684
0.130579
1.029706
-0.058027
-0.063824
-0.996273
4.471650
---
0.551745
0.039432
0.008982
0.833031
-0.067503
-0.006720
0.041357
-0.351677
0.352282
1.286839
-0.055784
-0.058478
-0.996729
4.487797
---
0.540373
0.033782
0.009413
0.840695
-0.058347
-0.000580
0.040546
-0.119221
0.572339
1.468557
-0.046628
-0.052338
-0.997540
4.506171
---
0.526408
0.027290
0.012768
0.849698
-0.090553
-0.000624
0.112167
-0.044983
0.721768
1.555806
-0.032935
-0.050429
-0.998184
4.523170
---
0.517509
0.023972
0.012861
0.855245
-0.031598
-0.003842
-0.103012
-0.284421
0.319972
1.468189
-0.027692
-0.046811
-0.998520
4.539196
---
0.507990
0.021244
0.011173
0.861029
-0.029137
0.002144
-0.103340
-0.332572
0.193559
1.361009
-0.025230
-0.040824
-0.998848
4.556348
---
0.496282
0.016338
0.009767
0.867953
0.057506
-0.029268
-0.066658
-0.309882
0.586449
1.262637
-0.018666
-0.033175
-0.999275
4.573655
---
0.490333
0.011797
0.010543
0.871392
0.079622
-0.004552
0.066907
-0.227748
0.818840
1.096330
-0.010222
-0.029943
-0.999499
4.590010
---
0.482681
0.005331
0.011543
0.875704
0.091653
0.000028
0.066730
-0.326288
0.697948
1.067106
0.001809
-0.025363
-0.999677
4.607073
---
0.473920
-0.001021
0.009870
0.880512
0.068784
0.001172
-0.088670
-0.502639
0.431189
0.956036
0.011167
-0.016406
-0.999803
4.624192
---
0.464339
-0.007681
0.008415
0.885584
-0.042057
-0.033166
0.025650
-0.441132
0.638316
1.210620
0.021419
-0.007775
-0.999740
4.642171
---
0.454487
-0.013715
0.008309
0.890609
-0.099854
-0.013075
0.063014
-0.306887
0.607035
1.395339
0.031982
-0.002332
-0.999486
4.658285
---
0.443831
-0.018564
0.007738
0.895885
-0.091704
-0.008133
0.063309
-0.408452
0.462239
1.605990
0.040132
0.002610
-0.999191
4.675683
---
0.428927
-0.023315
0.005810
0.903020
-0.110133
0.006577
-0.039861
-0.480170
0.270925
1.797176
0.047093
0.009507
-0.998845
4.692010
---
0.419068
-0.027136
0.002754
0.907545
0.112109
-0.004716
0.037621
-0.567808
0.219036
0.931026
0.051562
0.017745
-0.998512
4.709165
---
0.413602
-0.030718
-0.000000
0.909939
0.116264
0.003357
0.038020
-0.533973
0.234092
0.648244
0.055717
0.025818
-0.998113
4.726166
---
0.410343
-0.031182
-0.005350
0.911382
0.242876
0.018742
-0.055615
-0.608705
-0.269547
0.311692
0.052446
0.035343
-0.997998
4.743196
---
0.408950
-0.033301
-0.010029
0.911894
0.226359
-0.011113
-0.081565
-0.738391
0.238584
0.130342
0.052531
0.045527
-0.997581
4.760350
---
0.408675
-0.038642
-0.014899
0.911740
0.232113
0.002112
-0.080554
-0.836295
0.388348
-0.027807
0.058285
0.058752
-0.996570
4.778172
---
0.408731
-0.042567
-0.020973
0.911420
0.148339
0.017362
-0.042371
-0.672670
0.023589
-0.033319
0.060449
0.073027
-0.995496
4.794288
---
0.407233
-0.044625
-0.025525
0.911876
-0.031200
-0.014759
-0.067956
-0.608267
0.057445
0.360672
0.060597
0.082897
-0.994714
4.811350
---
0.404465
-0.047120
-0.030021
0.912845
-0.030056
-0.004731
-0.066999
-0.607437
0.031590
0.289113
0.061741
0.092925
-0.993757
4.828498
---
0.402268
-0.047469
-0.034267
0.913648
-0.003330
-0.029077
0.016621
-0.456299
-0.306382
0.297989
0.059170
0.100806
-0.993145
4.846174
---
0.397083
-0.045158
-0.036424
0.915947
-0.214758
-0.069287
0.273333
0.019735
-0.256769
0.786239
0.053797
0.102588
-0.993268
4.862285
---
0.392890
-0.044943
-0.036049
0.917779
-0.214385
-0.070389
0.273240
0.017582
0.056852
0.501980
0.054170
0.101486
-0.993361
4.879320
---
0.393393
-0.046495
-0.036058
0.917486
0.047182
-0.016394
0.163174
-0.108660
0.203084
-0.089800
0.056947
0.102747
-0.993076
4.896470
---
0.392467
-0.049070
-0.036860
0.917716
-0.046291
-0.010040
-0.036412
-0.240495
0.229007
0.236381
0.061131
0.106171
-0.992467
4.913746
---
0.390432
-0.051794
-0.037724
0.918399
-0.041745
-0.006477
-0.035734
-0.164712
0.329698
0.305403
0.065677
0.109734
-0.991789
4.929861
---
0.388243
-0.054180
-0.037461
0.919200
-0.115030
0.041602
-0.024526
-0.062017
0.264688
0.309703
0.070517
0.110938
-0.991322
4.947196
---
0.385295
-0.055789
-0.035876
0.920406
-0.132956
0.037744
-0.004873
0.158263
0.202783
0.373690
0.075052
0.109034
-0.991201
4.964319
---
0.383680
-0.056591
-0.032948
0.921142
-0.129036
0.032837
-0.005096
0.326279
0.161907
0.125818
0.078972
0.104126
-0.991424
4.982173
---
0.381980
-0.057120
-0.028733
0.921956
-0.099244
0.026306
0.123411
0.443162
0.242438
0.335680
0.083373
0.096619
-0.991823
4.998288
---
0.378018
-0.058170
-0.024111
0.923654
-0.082646
-0.026715
0.031368
0.374859
0.272900
0.606620
0.089229
0.088519
-0.992070
5.015320
---
0.372668
-0.058759
-0.020753
0.925870
-0.078536
-0.033010
0.031204
0.194623
0.070322
0.667820
0.093339
0.082224
-0.992233
5.032470
---
0.366606
-0.058581
-0.019559
0.928324
-0.037413
-0.057453
-0.030457
0.059302
-0.020371
0.771566
0.094423
0.079266
-0.992372
5.050205
---
0.361650
-0.058070
-0.019372
0.930302
-0.008507
-0.065508
-0.057935
0.011158
-0.102833
0.774130
0.094032
0.078047
-0.992505
5.066320
---
0.354886
-0.056400
-0.019455
0.933004
-0.004267
-0.072104
-0.053428
0.016025
-0.282072
0.818994
0.091436
0.076334
-0.992881
5.084084
---
0.347951
-0.053611
-0.019568
0.935774
-0.008985
-0.074507
-0.054033
0.098256
-0.378532
0.892296
0.086718
0.073930
-0.993486
5.100199
---
0.339366
-0.050285
-0.017522
0.939146
-0.086388
-0.023779
-0.028509
0.297329
-0.333574
1.005487
0.082557
0.067041
-0.994329
5.118144
---
0.333813
-0.046597
-0.015793
0.941354
-0.060510
0.040336
-0.043987
0.460598
-0.486863
0.658219
0.077185
0.060844
-0.995159
5.134258
---
0.328896
-0.040508
-0.013415
0.943401
-0.070089
0.031450
-0.045186
0.462019
-0.582843
0.555371
0.067607
0.051957
-0.996358
5.151323
---
0.327721
-0.035049
-0.010976
0.944060
-0.043556
0.087642
-0.002185
0.569248
-0.606036
0.206542
0.058983
0.043697
-0.997302
5.168475
---
0.325174
-0.026916
-0.008180
0.945236
-0.062833
0.051521
0.002559
0.403679
-0.612014
0.360393
0.045565
0.032966
-0.998417
5.185658
---
0.320830
-0.022116
-0.006830
0.946854
-0.070902
0.045684
0.002048
0.301224
-0.451798
0.607491
0.037497
0.027130
-0.998928
5.201772
---
0.316382
-0.019257
-0.007337
0.948408
-0.029639
-0.046159
-0.004033
0.025877
-0.445698
0.818083
0.031884
0.026107
-0.999151
5.218834
---
0.310499
-0.015353
-0.009223
0.950405
0.088887
-0.026647
-0.012054
-0.125192
-0.490591
0.384937
0.023457
0.027064
-0.999359
5.235987
---
0.307316
-0.012558
-0.011754
0.951452
0.082106
-0.023626
-0.012104
-0.246446
-0.392664
0.437834
0.016676
0.030085
-0.999408
5.254174
---
0.299812
-0.010758
-0.015558
0.953811
0.013146
-0.036135
-0.049089
-0.336012
-0.341699
0.929026
0.011193
0.036131
-0.999284
5.270686
---
0.292722
-0.009844
-0.018494
0.955968
-0.063294
-0.083877
-0.038185
-0.478542
-0.282964
1.379095
0.007995
0.041123
-0.999122
5.286708
---
0.278513
-0.009667
-0.023929
0.960086
-0.066055
-0.073666
-0.037730
-0.537391
-0.118508
1.499824
0.005234
0.051334
-0.998668
5.303832
---
0.267395
-0.011590
-0.026952
0.963140
-0.036035
-0.020010
-0.015857
-0.420493
0.213374
1.513713
0.007910
0.058115
-0.998278
5.321165
---
0.253685
-0.014785
-0.029643
0.966719
-0.058720
-0.026981
-0.045657
-0.406572
0.241764
1.744513
0.013546
0.064816
-0.997805
5.338289
---
0.237310
-0.018188
-0.032139
0.970732
-0.052208
-0.020768
-0.045124
-0.260808
0.168615
1.443137
0.020058
0.071029
-0.997273
5.355353
---
0.230133
-0.019217
-0.032887
0.972413
0.015400
0.036674
-0.079129
-0.175655
0.081221
1.315552
0.022236
0.072806
-0.997098
5.372657
---
0.220484
-0.019681
-0.032663
0.974645
-0.012172
0.045006
-0.042013
0.088765
0.009463
1.345268
0.023960
0.072349
-0.997092
5.388923
---
0.205967
-0.019472
-0.030182
0.977900
-0.010482
0.039709
-0.042342
0.274971
-0.054557
1.528046
0.025651
0.067052
-0.997420
5.406168
---
0.187542
-0.019577
-0.029317
0.981624
-0.109281
-0.065961
0.022017
0.041426
-0.082643
2.011377
0.027438
0.064899
-0.997515
5.423170
---
0.171318
-0.018587
-0.029206
0.984607
-0.072037
-0.059164
-0.000533
-0.016537
-0.220964
1.891460
0.026596
0.063883
-0.997603
5.440198
---
0.157729
-0.017232
-0.029789
0.986883
0.012896
0.006615
-0.020092
-0.105580
-0.231930
1.797613
0.024614
0.064232
-0.997631
5.457322
---
0.143344
-0.017921
-0.031509
0.989009
0.014698
0.009847
-0.019833
-0.306946
0.157254
1.381348
0.026417
0.067464
-0.997372
5.474991
---
0.133334
-0.020362
-0.034345
0.990267
0.078044
0.023647
-0.000718
-0.429604
0.258714
1.204487
0.031169
0.073452
-0.996812
5.491107
---
0.124006
-0.023055
-0.037281
0.991313
0.030604
-0.010212
0.015562
-0.469507
0.247104
1.352159
0.036464
0.079632
-0.996157
5.508839
---
0.112985
-0.024312
-0.040078
0.992490
0.033343
-0.004795
0.016113
-0.359963
-0.023931
1.441171
0.039202
0.085049
-0.995605
5.524955
---
0.099348
-0.025044
-0.042274
0.993839
-0.045535
-0.008653
0.015571
-0.299012
-0.017367
1.850929
0.041379
0.089004
-0.995171
5.542168
---
0.081396
-0.025997
-0.043750
0.995382
-0.036423
-0.046366
0.059867
-0.143203
-0.010694
1.841354
0.044632
0.091329
-0.994820
5.559291
---
0.065716
-0.026324
-0.043725
0.996532
-0.034335
-0.047089
0.059897
0.029651
-0.075759
1.928311
0.046720
0.090607
-0.994790
5.576961
---
0.050899
-0.025222
-0.042281
0.997490
-0.014533
-0.033201
0.049770
0.177096
-0.289196
1.808521
0.046014
0.086916
-0.995152
5.593075
---
0.032915
-0.023144
-0.039303
0.998417
0.017260
0.030201
0.024669
0.347724
-0.240074
1.876482
0.043627
0.080006
-0.995839
5.609711
---
0.016029
-0.022405
-0.035843
0.998978
0.017248
0.022525
0.024081
0.421883
-0.098126
2.215415
0.043615
0.072330
-0.996427
5.626837
---
0.001596
-0.022471
-0.033277
0.999192
-0.163210
-0.134600
0.042287
0.351391
-0.093174
2.473948
0.044798
0.066572
-0.996775
5.643895
---
0.027858
0.017803
0.026612
-0.999099
-0.073294
-0.080629
-0.026270
0.541646
-0.809439
2.375419
0.037058
0.052183
-0.997950
5.661044
---
0.046269
0.010352
0.021663
-0.998640
-0.087669
-0.090504
-0.027167
0.639172
-1.192778
2.342614
0.022682
0.042309
-0.998847
5.678534
---
0.066450
-0.000646
0.016214
-0.997658
-0.052869
-0.050569
-0.155723
0.442383
-1.470069
2.344946
0.000842
0.032439
-0.999473
5.695654
---
0.079965
-0.009978
0.013889
-0.996651
-0.045012
0.009748
-0.162501
0.247139
-1.752180
2.360419
-0.017668
0.029279
-0.999415
5.711680
---
0.105706
-0.030827
0.012544
-0.993840
-0.085967
0.011919
-0.160871
-0.148020
-1.703513
1.819957
-0.058623
0.031451
-0.997785
5.728799
---
0.121033
-0.040919
0.014574
-0.991698
0.015144
0.099359
-0.078258
-0.468817
-1.106629
2.060762
-0.077630
0.038812
-0.996226
5.746170
---
0.131911
-0.048074
0.019315
-0.989907
0.145269
0.068501
-0.000491
-0.715701
-0.797697
1.032594
-0.090082
0.050923
-0.994632
5.763291
---
0.146422
-0.056904
0.025228
-0.987262
0.130381
0.084057
0.001890
-0.664957
-0.831273
1.777099
-0.104970
0.066479
-0.992251
5.781146
---
0.158009
-0.063151
0.028477
-0.985005
-0.023611
0.004768
-0.025558
-0.549984
-1.070579
2.050714
-0.115408
0.076057
-0.990402
5.797259
---
0.178859
-0.073455
0.032879
-0.980578
-0.078585
0.004820
-0.005601
-0.438275
-0.985108
2.135060
-0.132296
0.090758
-0.987047
5.814294
---
0.196664
-0.079229
0.034872
-0.976642
-0.087329
0.013340
-0.003568
-0.043482
-0.639028
2.230021
-0.141040
0.099277
-0.985014
5.831446
---
0.217827
-0.081724
0.033052
-0.971998
0.007873
0.064702
0.209878
0.496630
-0.303682
2.102425
-0.144471
0.099858
-0.984457
5.849209
---
0.233767
-0.082154
0.027916
-0.968413
0.069753
0.043651
0.167401
0.925073
-0.324433
2.025502
-0.146067
0.092479
-0.984943
5.865325
---
0.249526
-0.082990
0.020231
-0.964593
0.013079
0.008177
0.043890
1.136857
-0.454320
1.929189
-0.150007
0.080442
-0.985407
5.883177
---
0.266610
-0.083513
0.010908
-0.960118
0.008539
-0.006788
0.043484
1.205876
-0.397761
1.953233
-0.154547
0.065477
-0.985813
5.899294
---
0.283565
-0.084243
0.000872
-0.955245
0.002631
-0.033576
0.027867
1.091395
-0.365672
1.698521
-0.160455
0.049432
-0.985805
5.917148
---
0.294971
-0.082456
-0.004632
-0.951931
-0.074759
0.115990
0.060516
0.995062
0.117433
1.852277
-0.159720
0.039818
-0.986359
5.933261
---
0.312051
-0.078334
-0.011377
-0.946762
-0.070466
0.103518
0.059406
0.920630
0.145201
1.748804
-0.155427
0.027346
-0.987469
5.950445
---
0.322821
-0.075362
-0.016486
-0.943311
-0.041494
0.089821
-0.042785
0.988272
0.146111
1.576764
-0.152822
0.017556
-0.988098
5.967566
---
0.336553
-0.073156
-0.023731
-0.938519
-0.012664
-0.019715
-0.249889
0.815429
-0.389407
1.471218
-0.153289
0.004699
-0.988170
5.985179
---
0.350938
-0.075882
-0.028219
-0.932892
-0.020761
-0.023806
-0.248610
0.413272
-0.478189
2.037141
-0.161386
0.000608
-0.986891
6.001290
---
0.366786
-0.082597
-0.027378
-0.926227
-0.152583
-0.353408
-0.234856
-0.331140
-0.704967
1.852399
-0.173091
0.009873
-0.984856
6.018326
---
0.381374
-0.088957
-0.024194
-0.919813
0.108914
-0.017672
0.026763
-0.448291
-0.502902
1.910309
-0.182101
0.023344
-0.983003
6.035478
---
0.392505
-0.092261
-0.019517
-0.914903
0.106876
-0.004303
0.027551
-0.609747
-0.059709
1.507043
-0.184140
0.036713
-0.982214
6.054184
---
0.402561
-0.093925
-0.014511
-0.910446
0.223540
0.057986
0.058104
-0.450178
0.030298
1.298578
-0.182710
0.049197
-0.981935
6.069295
---
0.411926
-0.095374
-0.010284
-0.906154
0.123367
0.116574
0.024263
-0.322107
0.026005
1.035759
-0.181320
0.059933
-0.981596
6.087087
---
0.417649
-0.096221
-0.008299
-0.903461
0.123892
0.122020
0.024514
-0.255715
-0.038573
1.063038
-0.180796
0.065379
-0.981345
6.103113
---
0.425128
-0.096680
-0.005820
-0.899936
-0.005133
0.080516
0.034387
-0.133769
0.049468
0.896768
-0.178961
0.071726
-0.981238
6.121149
---
0.431281
-0.096828
-0.004043
-0.896998
0.003465
0.042083
0.028550
-0.131974
0.049107
0.774321
-0.177199
0.076263
-0.981216
6.137263
---
0.437986
-0.096659
-0.001831
-0.893768
0.006282
0.047223
0.028458
-0.131331
0.086378
0.833376
-0.174382
0.081403
-0.981308
6.154386
---
0.444706
-0.096858
-0.001233
-0.890423
-0.001713
0.026329
-0.005648
0.101045
-0.096405
1.207850
-0.173588
0.083946
-0.981234
6.171657
---
0.454888
-0.093932
-0.002050
-0.885578
-0.046169
-0.005099
0.274491
0.393496
0.521955
1.124732
-0.168239
0.081815
-0.982345
6.187835
---
0.463810
-0.088102
-0.001408
-0.881542
-0.034571
-0.007680
0.272364
0.280478
0.640531
1.278642
-0.156641
0.079234
-0.984472
6.205171
---
0.474745
-0.084180
0.001078
-0.876088
-0.052730
-0.000224
0.015152
-0.026391
0.310537
1.258001
-0.146480
0.081807
-0.985825
6.223180
---
0.483521
-0.083133
0.004127
-0.871367
0.017314
0.036801
-0.106261
-0.257981
0.246209
1.275035
-0.140889
0.087582
-0.986144
6.239445
---
0.493004
-0.082399
0.008136
-0.866078
0.023499
0.044560
-0.106406
-0.305951
0.261584
1.457410
-0.134704
0.095341
-0.986288
6.256568
---
0.506782
-0.078954
0.015832
-0.858305
-0.148785
0.020289
-0.064180
-0.391182
0.904438
1.813541
-0.119488
0.107203
-0.987031
6.273690
---
0.519418
-0.072461
0.025652
-0.851056
-0.204111
0.087689
-0.044823
-0.560515
1.310356
1.882526
-0.096689
0.118939
-0.988183
6.289837
---
0.528377
-0.068340
0.032384
-0.845635
-0.188781
0.095740
-0.045202
-0.435156
0.819230
1.791198
-0.081359
0.126990
-0.988562
6.307263
---
0.542679
-0.064690
0.038788
-0.836547
0.044218
0.054053
-0.081395
-0.183144
0.450044
1.729835
-0.066133
0.135108
-0.988621
6.325179
---
0.556422
-0.060386
0.042660
-0.827604
-0.003650
0.023553
0.039253
0.042068
0.502101
1.745751
-0.052478
0.137811
-0.989067
6.341386
---
0.567315
-0.056032
0.045262
-0.820345
0.006299
-0.039898
0.020142
0.069802
0.511254
1.574336
-0.040576
0.137837
-0.989623
6.358506
---
0.577579
-0.052078
0.047211
-0.813303
0.016702
-0.040782
0.019648
0.152942
0.373520
1.576220
-0.030173
0.136952
-0.990118
6.375750
---
0.589521
-0.048123
0.047850
-0.804897
0.036566
-0.021506
0.017023
0.246788
0.260606
1.654823
-0.021051
0.133767
-0.990789
6.391869
---
0.601217
-0.043025
0.048524
-0.796450
-0.050226
-0.021362
0.033802
0.312719
0.477970
1.685726
-0.010187
0.129028
-0.991589
6.409324
---
0.609948
-0.038871
0.049373
-0.789946
-0.041220
-0.024967
0.033288
0.273652
0.477710
1.702049
-0.001181
0.125423
-0.992103
6.426447
---
0.622815
-0.032355
0.051146
-0.780025
-0.080517
0.040015
-0.019042
0.304890
0.610414
1.837018
0.013233
0.120093
-0.992674
6.443510
---
0.635145
-0.026100
0.052570
-0.770160
0.007045
-0.018683
-0.023384
0.316013
0.470745
1.843959
0.026576
0.114129
-0.993110
6.460660
---
0.645917
-0.020963
0.052808
-0.761290
0.016770
-0.025325
-0.023817
0.430630
0.416668
1.889810
0.036301
0.107487
-0.993544
6.476866
---
0.657518
-0.015134
0.052380
-0.751463
0.022698
-0.087898
0.009852
0.500057
0.424321
1.975989
0.046135
0.098625
-0.994055
6.493988
---
0.673494
-0.005218
0.053535
-0.737233
-0.119177
-0.121068
0.095630
0.500690
0.965797
2.224184
0.064417
0.085964
-0.994214
6.511023
---
0.685836
0.003680
0.057059
-0.725507
-0.099986
-0.129286
0.096382
0.332870
1.165958
2.429256
0.083608
0.077745
-0.993461
6.528171
---
0.702207
0.012285
0.062825
-0.709089
-0.121883
-0.094172
0.049211
-0.064434
0.733102
2.310070
0.105656
0.071843
-0.991804
6.546148
---
0.715225
0.014189
0.066354
-0.695593
-0.032805
0.059319
-0.196846
-0.401050
0.239633
2.332320
0.114656
0.072014
-0.990792
6.562265
---
0.727874
0.012467
0.068715
-0.682146
-0.030420
0.062903
-0.196300
-0.555172
-0.132773
2.316254
0.117041
0.075599
-0.990246
6.579295
---
0.741256
0.009301
0.070900
-0.667403
0.033541
0.083779
-0.156765
-0.576384
-0.126598
2.255780
0.117525
0.080849
-0.989773
6.596445
---
0.754983
0.005774
0.071960
-0.651758
0.061499
-0.020390
-0.001296
-0.401722
-0.390330
2.163353
0.116186
0.085079
-0.989577
6.614179
---
0.766995
0.002358
0.070260
-0.637790
0.056095
-0.019459
-0.001835
-0.242126
-0.495717
2.061209
0.110782
0.086010
-0.990116
6.630292
---
0.776856
-0.000122
0.068608
-0.625930
0.014661
-0.021361
0.011367
-0.250355
-0.437579
2.068844
0.106457
0.086061
-0.990586
6.648180
---
0.788036
-0.002335
0.068515
-0.611801
-0.098001
-0.041387
-0.041382
-0.328489
-0.185526
2.111759
0.105124
0.087519
-0.990601
6.664300
---
0.798734
-0.003341
0.068993
-0.597706
-0.096903
-0.041095
-0.041239
-0.227412
-0.082145
2.312969
0.106222
0.087811
-0.990457
6.682179
---
0.812198
-0.003508
0.069171
-0.579255
-0.125102
-0.127056
0.026195
-0.137286
-0.077107
2.370145
0.108297
0.085835
-0.990406
6.699300
---
0.822300
-0.004223
0.069052
-0.564833
-0.004490
-0.089852
0.014455
-0.243793
-0.223426
2.550630
0.108791
0.084952
-0.990428
6.715358
---
0.837400
-0.006113
0.068728
-0.542217
-0.004806
-0.090035
0.014405
-0.319526
-0.181644
2.681253
0.108475
0.084770
-0.990478
6.732508
---
0.849601
-0.007602
0.070195
-0.522678
-0.042967
-0.094369
-0.005655
-0.392420
-0.004171
2.440189
0.111330
0.086295
-0.990030
6.750241
---
0.860444
-0.008857
0.069876
-0.504654
0.090804
0.061353
0.031407
-0.249593
-0.288185
2.325205
0.111311
0.085767
-0.990078
6.766355
---
0.868320
-0.009959
0.068863
-0.491100
0.163519
0.088840
0.014565
-0.122863
-0.278387
2.024610
0.109808
0.084934
-0.990317
6.783386
---
0.875884
-0.009720
0.066508
-0.477817
0.160927
0.084492
0.013918
0.167076
-0.318694
1.608998
0.107216
0.080586
-0.990965
6.800537
---
0.881729
-0.009104
0.063341
-0.467395
0.127605
0.045966
0.026745
0.159281
-0.384532
1.426710
0.103191
0.075263
-0.991810
6.818149
---
0.887767
-0.008800
0.060902
-0.456161
0.124520
0.041891
0.026128
0.044986
-0.145521
1.198853
0.100106
0.071188
-0.992427
6.834262
---
0.891578
-0.008321
0.059822
-0.448821
-0.039467
0.019706
-0.059110
0.075414
-0.129102
1.047145
0.099205
0.068534
-0.992704
6.851600
---
0.895383
-0.005985
0.059741
-0.441231
-0.043808
0.080039
-0.010369
0.195285
0.180597
0.936005
0.101700
0.063438
-0.992790
6.867718
---
0.898856
-0.003289
0.062262
-0.433787
-0.040344
0.020882
0.053673
0.036248
0.403102
0.875149
0.109070
0.059944
-0.992225
6.885569
---
0.901360
-0.000722
0.064340
-0.428264
-0.034060
0.017377
0.054179
0.214025
0.261394
0.679725
0.115354
0.056440
-0.991720
6.902693
---
0.902862
0.001269
0.063920
-0.425149
0.056935
0.092088
-0.089482
0.333061
0.001609
0.555800
0.116505
0.052049
-0.991825
6.918748
---
0.905351
0.004383
0.058801
-0.420551
-0.052931
-0.018044
-0.079961
0.540739
-0.459363
0.504410
0.110155
0.041526
-0.993047
6.935902
---
0.907838
0.009423
0.053123
-0.415835
-0.058794
-0.032498
-0.081092
0.775126
-0.173431
0.600232
0.104292
0.027073
-0.994178
6.953816
---
0.910062
0.016183
0.049436
-0.411196
-0.098859
-0.064970
0.168498
0.995791
-0.046787
0.717546
0.103289
0.011202
-0.994588
6.969935
---
0.912338
0.024542
0.043784
-0.406350
-0.094497
-0.085369
0.150547
1.330028
-0.372716
0.737964
0.099839
-0.009197
-0.994961
6.987053
---
0.914623
0.033813
0.035702
-0.401306
-0.101890
-0.109369
0.150344
1.590661
-0.517156
0.841018
0.092446
-0.033198
-0.995164
7.004174
---
0.917889
0.047264
0.024432
-0.393254
-0.094733
-0.102707
0.092576
1.428255
-0.388964
0.910912
0.082025
-0.067550
-0.994338
7.022089
---
0.920204
0.054587
0.018248
-0.387186
-0.069653
-0.010161
-0.101773
1.054721
-0.318075
0.938379
0.075855
-0.086332
-0.993374
7.038147
---
0.922734
0.059323
0.014399
-0.380572
-0.073781
-0.022348
-0.100945
0.560881
-0.080269
0.921317
0.071727
-0.098519
-0.992547
7.055171
---
0.925442
0.061644
0.013792
-0.373587
-0.035833
0.055389
-0.179520
0.080239
0.148297
0.894242
0.071588
-0.103791
-0.992020
7.072663
---
0.928233
0.062293
0.015374
-0.366424
0.024390
0.071403
-0.163641
-0.092026
0.320329
0.897097
0.074194
-0.104378
-0.991766
7.089175
---
0.931439
0.062180
0.018802
-0.358052
0.029747
0.073411
-0.163435
-0.209670
0.342886
0.892668
0.079552
-0.102370
-0.991560
7.106295
---
0.934156
0.060883
0.020663
-0.351025
-0.018262
0.089234
-0.098178
-0.279896
0.103264
0.861670
0.081348
-0.099242
-0.991733
7.124086
---
0.936393
0.058877
0.020875
-0.345349
0.035816
0.104350
-0.081063
-0.282093
-0.035984
0.776143
0.079762
-0.095845
-0.992195
7.140571
---
0.939112
0.057047
0.021087
-0.338186
0.081121
0.080943
0.027906
-0.124870
-0.056633
0.704061
0.078192
-0.092885
-0.992602
7.157689
---
0.940908
0.056336
0.019939
-0.333349
0.078012
0.081108
0.027650
-0.019988
-0.153084
0.610513
0.075082
-0.092721
-0.992857
7.173808
---
0.942445
0.055696
0.018262
-0.329184
0.056441
0.043761
0.014683
-0.005528
-0.244383
0.546429
0.071090
-0.092957
-0.993129
7.190930
---
0.943894
0.054929
0.015628
-0.325274
0.050588
0.043192
0.014335
0.006786
-0.310994
0.527038
0.065236
-0.093527
-0.993477
7.207960
---
0.945409
0.054463
0.012957
-0.321042
0.018455
0.032294
-0.021076
0.039219
-0.325396
0.593166
0.059470
-0.094659
-0.993732
7.225113
---
0.947153
0.053928
0.009265
-0.316080
0.006722
0.069716
0.014777
0.055274
-0.351402
0.537588
0.051644
-0.096299
-0.994012
7.242173
---
0.948813
0.052872
0.007850
-0.311284
0.009729
0.038344
-0.011864
-0.169932
-0.037000
0.625443
0.047815
-0.095445
-0.994286
7.259298
---
0.951296
0.051676
0.006745
-0.303841
0.006152
0.039570
-0.012146
-0.014847
-0.141797
0.836860
0.044238
-0.094219
-0.994568
7.277182
---
0.953229
0.051817
0.004826
-0.297735
-0.370099
-0.075406
0.034714
0.110179
-0.303458
1.148157
0.040057
-0.095914
-0.994583
7.293294
---
0.957284
0.050588
0.003565
-0.284666
-0.240735
-0.030371
-0.056380
-0.256089
0.116863
1.384140
0.035632
-0.094824
-0.994856
7.311121
---
0.960085
0.048104
0.004283
-0.275507
-0.241633
-0.025554
-0.056859
-0.382118
0.019413
1.141114
0.034734
-0.090007
-0.995335
7.327233
---
0.962901
0.044728
0.002860
-0.266108
0.125023
0.012066
-0.081920
-0.276437
-0.204497
0.958461
0.029320
-0.084614
-0.995982
7.344937
---
0.964924
0.046455
0.001847
-0.258380
0.349827
0.054855
0.213307
0.273097
-0.159524
0.830388
0.027561
-0.088700
-0.995677
7.361052
---
0.966424
0.047163
0.001036
-0.252586
0.348117
0.052925
0.213435
-0.034504
0.011381
0.653995
0.025852
-0.090630
-0.995549
7.378079
---
0.967788
0.045870
0.000863
-0.247552
-0.111333
0.051298
-0.072939
-0.232555
-0.093171
0.771849
0.024410
-0.088350
-0.995790
7.395234
---
0.969970
0.042064
-0.001624
-0.239554
-0.095300
-0.007184
-0.174190
-0.277995
-0.326220
0.752032
0.017005
-0.082379
-0.996456
7.413151
---
0.971428
0.040191
-0.003559
-0.233881
-0.100418
-0.004553
-0.174478
-0.162469
-0.231073
0.824010
0.011886
-0.079749
-0.996744
7.429267
---
0.972997
0.038820
-0.004969
-0.227475
0.021661
-0.009446
0.068493
-0.119343
-0.136247
0.851929
0.007989
-0.077806
-0.996937
7.447178
---
0.974591
0.038347
-0.004129
-0.220644
-0.019458
0.045499
0.071335
-0.045068
0.311466
0.939851
0.008863
-0.076571
-0.997025
7.463296
---
0.976613
0.038463
-0.001510
-0.211531
-0.015005
0.046302
0.071323
-0.072370
0.261042
1.077384
0.013315
-0.075769
-0.997037
7.481151
---
0.978386
0.038855
-0.001424
-0.203098
-0.035849
0.091356
-0.125883
0.079748
-0.000393
1.039631
0.012979
-0.076612
-0.996977
7.497262
---
0.979966
0.039511
-0.002329
-0.195193
0.009866
0.038837
0.011922
0.103979
-0.069994
1.171586
0.010843
-0.078350
-0.996867
7.516218
---
0.982443
0.039367
-0.005017
-0.182292
0.003513
0.038005
0.011939
-0.054202
-0.300938
1.220945
0.004490
-0.079182
-0.996850
7.531329
---
0.984425
0.037272
-0.010579
-0.171480
-0.039294
-0.057479
-0.117115
-0.105069
-0.704956
1.299602
-0.008044
-0.077010
-0.996998
7.549182
---
0.986068
0.035406
-0.017722
-0.161562
-0.009839
-0.067738
-0.121865
-0.067503
-0.953000
1.255522
-0.023511
-0.075551
-0.996865
7.565295
---
0.987387
0.033097
-0.026884
-0.152473
-0.029327
-0.065746
-0.121364
-0.086855
-1.277366
1.228053
-0.042999
-0.073558
-0.996364
7.582357
---
0.988454
0.030800
-0.036724
-0.143744
0.067114
0.041836
-0.079390
-0.078945
-1.323931
1.306371
-0.063745
-0.071445
-0.995405
7.599513
---
0.989922
0.029609
-0.046577
-0.130414
-0.058126
0.009307
0.087147
0.206646
-0.631458
1.191130
-0.084493
-0.070771
-0.993908
7.617304
---
0.990835
0.031175
-0.051223
-0.121039
0.004672
0.014688
0.104848
0.356646
-0.517522
1.178583
-0.093961
-0.074179
-0.992809
7.633418
---
0.991621
0.032800
-0.057247
-0.111059
-0.007615
0.011101
0.106362
0.336036
-0.725482
1.332151
-0.106248
-0.077767
-0.991294
7.650541
---
0.992522
0.033442
-0.064334
-0.098196
-0.148483
-0.046792
-0.123275
0.154594
-0.647687
1.541697
-0.121139
-0.079019
-0.989485
7.667667
---
0.993509
0.032787
-0.065160
-0.087288
-0.151095
-0.044297
-0.123147
0.016518
0.332696
1.715530
-0.123751
-0.076524
-0.989358
7.683717
---
0.995226
0.032622
-0.060712
-0.069096
-0.436649
-0.201251
-0.029562
-0.130587
0.803228
2.285925
-0.116337
-0.073322
-0.990500
7.700873
---
0.996812
0.029416
-0.058097
-0.046104
-0.094557
-0.022986
-0.111636
-0.258825
0.302664
2.202016
-0.113112
-0.064001
-0.991519
7.718357
---
0.997603
0.026978
-0.055820
-0.030726
-0.047213
-0.069953
0.052609
-0.257687
0.431371
2.211744
-0.109713
-0.057258
-0.992313
7.735392
---
0.998244
0.025606
-0.052302
-0.010893
-0.041362
-0.064956
0.051704
0.068124
0.423032
2.096964
-0.103862
-0.052261
-0.993218
7.754159
---
0.998370
0.027669
-0.049559
0.005916
0.085287
-0.140599
0.103123
0.459150
0.313462
1.844269
-0.099284
-0.054661
-0.993557
7.769266
---
0.998055
0.033029
-0.048133
0.021867
0.127086
-0.006208
0.124003
0.717415
0.174897
1.633916
-0.097524
-0.063825
-0.993185
7.786908
---
0.997557
0.038387
-0.045862
0.036090
0.130338
-0.015660
0.124341
0.808410
0.419457
1.774645
-0.094272
-0.073277
-0.992846
7.803022
---
0.996869
0.044669
-0.041952
0.049966
0.019317
0.023533
0.076846
0.978200
0.606096
1.785939
-0.088105
-0.084866
-0.992490
7.821000
---
0.995823
0.052346
-0.037409
0.064783
0.051525
0.008015
-0.009299
1.052083
0.452820
1.621879
-0.081288
-0.099407
-0.991721
7.837115
---
0.994336
0.062847
-0.036532
0.077528
0.050416
-0.011897
-0.007009
1.209266
-0.116813
1.135205
-0.082396
-0.119318
-0.989431
7.854175
---
0.992834
0.074458
-0.039387
0.084766
0.064442
0.074649
-0.027802
1.454215
-0.628677
0.742652
-0.090831
-0.141172
-0.985809
7.871670
---
0.991631
0.083047
-0.044174
0.088429
0.047118
0.074554
-0.166874
1.271944
-0.960206
0.536094
-0.102296
-0.156891
-0.982304
7.888112
---
0.989689
0.095007
-0.053900
0.092656
0.025120
0.053379
-0.160707
0.777638
-0.504515
0.329404
-0.124294
-0.178066
-0.976137
7.905237
---
0.988273
0.103681
-0.053314
0.098607
-0.135591
-0.087971
0.040856
1.045992
0.816326
0.907424
-0.125826
-0.194416
-0.972816
7.922997
---
0.987167
0.109953
-0.045155
0.106644
-0.222955
-0.268000
0.230406
1.284208
1.256144
1.259169
-0.112604
-0.207453
-0.971743
7.940457
---
0.984842
0.117350
-0.035106
0.122810
-0.208322
-0.283067
0.232155
0.959974
0.937865
1.737056
-0.097971
-0.222520
-0.969993
7.956786
---
0.982403
0.123125
-0.030243
0.137149
0.117742
-0.144755
-0.120195
0.804303
0.583676
1.668736
-0.093196
-0.233622
-0.967851
7.972901
---
0.979702
0.127927
-0.028059
0.151760
0.046818
-0.008746
-0.135617
0.351611
0.199307
1.203982
-0.093807
-0.242144
-0.965695
7.990025
---
0.978336
0.129049
-0.028496
0.159354
0.156044
0.104232
-0.090069
0.168551
-0.076168
0.938133
-0.096886
-0.243424
-0.965069
8.007879
---
0.977220
0.128112
-0.031146
0.166310
0.149444
0.107629
-0.090235
-0.283635
-0.302889
0.869235
-0.103486
-0.240027
-0.965235
8.023995
---
0.976417
0.123572
-0.035564
0.173419
-0.032231
-0.014137
-0.090954
-0.747600
-0.392687
1.110673
-0.112309
-0.228980
-0.966931
8.041179
---
0.974749
0.115085
-0.043228
0.186415
-0.198468
-0.146719
-0.090867
-1.054764
-0.420400
1.558428
-0.127179
-0.208242
-0.969773
8.058311
---
0.973217
0.105552
-0.048421
0.198399
-0.207420
-0.124713
-0.094122
-1.250589
-0.134065
1.565290
-0.136131
-0.186236
-0.973029
8.075939
---
0.971380
0.095967
-0.051648
0.211052
0.053488
0.053135
-0.012379
-0.964129
0.103073
1.636669
-0.140848
-0.164639
-0.976246
8.092056
---
0.969003
0.086583
-0.052398
0.225369
0.074270
0.107772
0.117164
-0.862264
0.411294
1.557946
-0.140573
-0.144181
-0.979516
8.109147
---
0.966715
0.078659
-0.049154
0.238451
0.082294
0.123313
0.113886
-0.664416
0.904241
1.706943
-0.132550
-0.128640
-0.982793
8.126269
---
0.963988
0.071801
-0.043400
0.252366
-0.010541
0.034841
0.136148
-0.386467
1.029427
1.853356
-0.119916
-0.116526
-0.985922
8.143331
---
0.960212
0.067359
-0.036939
0.268498
-0.097346
-0.043116
0.077233
-0.131798
1.009833
2.023304
-0.107111
-0.109522
-0.988196
8.160484
---
0.955088
0.062689
-0.027851
0.288274
-0.079579
-0.037283
0.074841
-0.085079
1.228294
1.943225
-0.089345
-0.103689
-0.990589
8.178123
---
0.950591
0.058846
-0.017631
0.304309
0.082031
0.009206
0.085672
0.064381
1.457009
1.826903
-0.069336
-0.101146
-0.992453
8.194240
---
0.945947
0.055648
-0.004423
0.319481
0.057630
-0.041905
0.237678
0.246014
2.058443
2.033124
-0.043932
-0.102452
-0.993767
8.211270
---
0.939550
0.050227
0.016521
0.338304
0.098622
-0.045014
0.237037
0.245913
3.222130
2.483177
-0.002941
-0.105561
-0.994408
8.228421
---
0.931937
0.039467
0.042255
0.357981
0.042687
-0.157526
0.293796
-0.156565
2.277305
1.656839
0.050500
-0.103815
-0.993314
8.246184
---
0.927634
0.036349
0.050945
0.368209
0.056030
0.249538
-0.180643
0.094318
0.778474
1.065329
0.067748
-0.104954
-0.992167
8.262299
---
0.925219
0.036420
0.053002
0.373945
0.059121
0.247460
-0.180205
0.125917
0.027584
0.943028
0.070839
-0.107032
-0.991729
8.279332
---
0.921873
0.040666
0.049052
0.382216
0.025174
0.049633
-0.133482
0.211621
-0.585591
0.949430
0.059353
-0.112476
-0.991880
8.296482
---
0.918741
0.044197
0.044277
0.389874
-0.055644
0.021959
-0.021469
0.046078
-0.527203
0.838221
0.046895
-0.115736
-0.992172
8.314153
---
0.916274
0.046207
0.038895
0.395973
-0.067855
0.022215
-0.022001
-0.144526
-0.764306
0.827082
0.034684
-0.115480
-0.992704
8.330267
---
0.914013
0.047146
0.032365
0.401633
-0.135933
0.038209
-0.090139
-0.293229
-0.724747
0.786274
0.021294
-0.112182
-0.993460
8.348185
---
0.911788
0.046471
0.026224
0.407180
-0.058382
0.025735
-0.031415
-0.424867
-0.522740
0.830200
0.009978
-0.106100
-0.994305
8.364298
---
0.908549
0.043856
0.018994
0.415035
-0.070249
0.036379
-0.032541
-0.646357
-0.550837
0.976406
-0.001889
-0.095457
-0.995432
8.382154
---
0.905231
0.041296
0.011807
0.422743
-0.076038
0.004119
-0.060764
-0.631384
-0.689065
1.133468
-0.013538
-0.084748
-0.996311
8.398267
---
0.901409
0.039710
0.004269
0.431123
-0.095880
-0.035233
-0.002669
-0.521084
-0.743066
1.216196
-0.026544
-0.075272
-0.996810
8.415333
---
0.897083
0.039430
-0.003438
0.440085
-0.110206
-0.027681
-0.002726
-0.303707
-0.787578
1.220139
-0.040871
-0.067720
-0.996867
8.432483
---
0.892096
0.040161
-0.011013
0.449922
-0.000123
-0.011940
0.064015
-0.254533
-0.717665
1.232187
-0.055787
-0.061744
-0.996532
8.450215
---
0.887516
0.041055
-0.018141
0.458586
-0.051301
-0.008384
-0.072143
-0.267606
-0.854643
1.275737
-0.069856
-0.056236
-0.995971
8.466330
---
0.882563
0.043089
-0.026551
0.467463
-0.098870
-0.017054
-0.100346
-0.176905
-1.146723
1.342737
-0.087152
-0.051233
-0.994877
8.483362
---
0.876943
0.046855
-0.036328
0.476924
-0.120126
-0.013349
-0.098439
-0.058049
-1.272647
1.415003
-0.108407
-0.047529
-0.992970
8.500515
---
0.870728
0.050630
-0.045295
0.487050
-0.083275
-0.057719
-0.012254
-0.040584
-1.101880
1.501690
-0.128197
-0.044047
-0.990770
8.518186
---
0.862926
0.055274
-0.055416
0.499232
-0.002390
-0.038111
-0.054154
0.059153
-1.147220
1.532650
-0.150828
-0.040064
-0.987748
8.534301
---
0.857579
0.058811
-0.062024
0.507200
-0.017601
-0.036000
-0.051795
0.074217
-1.107605
1.474830
-0.166039
-0.037953
-0.985389
8.551790
---
0.850039
0.063425
-0.070379
0.518129
-0.012524
0.021744
0.010139
0.060802
-0.847654
1.313191
-0.185376
-0.034896
-0.982048
8.567906
---
0.842566
0.065266
-0.076227
0.529161
-0.024673
-0.004894
0.003539
-0.100537
-0.343837
1.434203
-0.197525
-0.029308
-0.979860
8.585608
---
0.835980
0.063379
-0.078855
0.539354
-0.027357
0.003509
0.003868
-0.275878
0.001416
1.613094
-0.200209
-0.020905
-0.979530
8.601724
---
0.830431
0.060466
-0.080182
0.547996
-0.142801
-0.099461
-0.067720
-0.353161
0.068331
1.743865
-0.199442
-0.012547
-0.979829
8.618782
---
0.820527
0.058059
-0.083941
0.562422
-0.103449
-0.092655
-0.051432
-0.102819
-0.354422
1.796881
-0.203059
-0.000858
-0.979166
8.635935
---
0.810184
0.060007
-0.088501
0.576341
-0.112964
-0.087017
-0.049399
0.169196
-0.573466
1.676231
-0.212573
0.004780
-0.977133
8.653608
---
0.801875
0.062664
-0.091448
0.587118
0.000461
-0.001905
0.061688
0.259280
-0.426615
1.693555
-0.220242
0.006884
-0.975421
8.669723
---
0.794862
0.063909
-0.092818
0.596234
-0.032357
-0.055369
0.079110
0.201227
-0.213169
1.768597
-0.223764
0.009085
-0.974601
8.687485