---
0.703552
0.014553
0.011167
0.710407
-0.001057
0.000767
-0.015929
0.000813
0.002721
-0.014438
-0.004964
-0.036342
-0.999327
0.000000
---
0.704083
0.015118
0.010051
0.709886
0.005386
0.003503
-0.010083
0.013328
-0.050903
-0.057824
-0.007310
-0.035560
-0.999341
0.084600
---
0.703582
0.015411
0.009840
0.710379
0.003671
0.009254
-0.011050
0.034894
-0.029905
0.018190
-0.008048
-0.035668
-0.999331
0.118846
---
0.703255
0.015645
0.009961
0.710696
0.003492
0.008758
-0.011031
0.037788
0.016300
0.057837
-0.008227
-0.036164
-0.999312
0.135970
---
0.703156
0.015720
0.010182
0.710789
-0.003145
0.003456
-0.015900
0.024232
0.007726
-0.000953
-0.008027
-0.036583
-0.999298
0.153090
---
0.703095
0.015680
0.010475
0.710846
-0.007563
0.001144
-0.021750
0.020907
0.056165
0.009094
-0.007563
-0.036942
-0.999289
0.170212
---
0.703357
0.015522
0.010888
0.710584
-0.006744
0.000778
-0.021742
0.001377
-0.005936
-0.019128
-0.006744
-0.037308
-0.999281
0.187334
---
0.703687
0.015633
0.010850
0.710255
0.004782
-0.001279
-0.016854
0.005735
-0.013321
-0.156951
-0.006937
-0.037412
-0.999276
0.204457
---
0.704286
0.015705
0.010730
0.709662
0.002589
-0.003174
-0.013925
-0.014003
-0.032297
-0.128719
-0.007176
-0.037354
-0.999276
0.220571
---
0.705262
0.015767
0.010500
0.708693
0.002229
-0.002943
-0.013931
-0.018498
-0.016643
-0.101470
-0.007537
-0.037123
-0.999282
0.237694
---
0.705690
0.015686
0.010293
0.708273
0.000120
-0.005470
-0.020780
-0.021896
-0.018291
-0.045524
-0.007692
-0.036720
-0.999296
0.254815
---
0.706044
0.015696
0.010263
0.707920
0.000083
0.002364
-0.015898
0.003470
-0.004692
-0.063705
-0.007730
-0.036698
-0.999297
0.271940
---
0.706956
0.015723
0.010229
0.707009
-0.002887
0.001389
-0.015898
0.004480
0.007243
-0.160297
-0.007769
-0.036697
-0.999296
0.289941
---
0.707603
0.015702
0.010298
0.706361
-0.002726
0.001314
-0.015896
0.004174
0.005266
-0.103924
-0.007609
-0.036772
-0.999295
0.306060
---
0.708076
0.015620
0.010379
0.705887
-0.000517
-0.002594
-0.017851
-0.006835
0.012952
-0.070880
-0.007353
-0.036774
-0.999297
0.323182
---
0.708572
0.015537
0.010338
0.705392
-0.000433
-0.007307
-0.014928
-0.023972
0.004550
-0.037944
-0.007269
-0.036604
-0.999303
0.340306
---
0.708651
0.015364
0.010244
0.705317
-0.000317
-0.006931
-0.014943
-0.029620
-0.000306
-0.025092
-0.007153
-0.036228
-0.999318
0.357426
---
0.708618
0.015377
0.010105
0.705352
0.004348
0.000083
-0.015924
-0.004059
-0.015165
0.108801
-0.007371
-0.036050
-0.999323
0.373543
---
0.708029
0.015457
0.009976
0.705943
0.004022
0.000159
-0.015925
0.003494
0.004513
0.082240
-0.007697
-0.035973
-0.999323
0.390662
---
0.707215
0.015422
0.010040
0.706759
-0.002715
0.001104
-0.013971
0.001155
0.009128
0.140575
-0.007597
-0.036006
-0.999323
0.407785
---
0.706383
0.015319
0.010022
0.707594
-0.000685
-0.003599
-0.013978
-0.010808
0.012484
0.152242
-0.007521
-0.035825
-0.999330
0.424908
---
0.705573
0.015329
0.010011
0.708401
0.002173
0.002272
-0.016908
0.002075
-0.008560
0.120503
-0.007593
-0.035814
-0.999330
0.442030
---
0.704649
0.015397
0.010003
0.709318
0.002019
0.002198
-0.016904
0.006603
-0.006071
0.135093
-0.007747
-0.035888
-0.999326
0.459155
---
0.704054
0.015427
0.010071
0.709907
-0.001862
0.002062
-0.013970
0.008124
0.010389
0.082419
-0.007722
-0.036024
-0.999321
0.476274
---
0.703105
0.015309
0.010123
0.710849
-0.002646
-0.002715
-0.018858
-0.009733
0.005230
0.018005
-0.007529
-0.035918
-0.999326
0.526634
---
0.703149
0.015308
0.010077
0.710807
0.004127
0.000281
-0.016906
0.003383
-0.007404
-0.013873
-0.007592
-0.035852
-0.999328
0.543759
---
0.703278
0.015394
0.009942
0.710679
0.003823
0.000349
-0.016906
-0.007601
-0.018631
-0.026048
-0.007896
-0.035784
-0.999328
0.560879
---
0.703501
0.015612
0.009864
0.710454
0.003413
0.003080
-0.012990
0.007246
-0.018085
-0.029153
-0.008306
-0.035983
-0.999318
0.578001
---
0.703778
0.015683
0.009911
0.710178
-0.004418
0.000954
-0.016890
0.010061
0.008519
-0.042382
-0.008324
-0.036155
-0.999312
0.595123
---
0.703711
0.015634
0.010037
0.710244
-0.004175
0.000848
-0.016888
-0.001749
0.019738
0.015189
-0.008082
-0.036261
-0.999310
0.612247
---
0.703546
0.015548
0.010130
0.710408
-0.002953
-0.002093
-0.012983
-0.005455
0.015030
0.040368
-0.007836
-0.036272
-0.999311
0.629364
---
0.703345
0.015611
0.010096
0.710605
0.005689
0.001775
-0.014934
-0.001310
-0.012057
0.030107
-0.007982
-0.036311
-0.999309
0.646489
---
0.703115
0.015750
0.010064
0.710830
0.005432
0.001631
-0.014926
0.011643
-0.012755
0.041315
-0.008240
-0.036455
-0.999301
0.662604
---
0.702479
0.015655
0.010018
0.711462
-0.002342
-0.005003
-0.016887
-0.006004
0.012740
0.111737
-0.008202
-0.036253
-0.999309
0.679723
---
0.701827
0.015588
0.010030
0.712107
-0.002262
-0.001010
-0.016891
-0.003550
0.012210
0.115058
-0.008121
-0.036166
-0.999313
0.696849
---
0.701169
0.015527
0.010030
0.712756
-0.002208
-0.000917
-0.016895
-0.004629
-0.002276
0.109836
-0.008067
-0.036074
-0.999317
0.713972
---
0.700412
0.015566
0.009946
0.713500
0.003439
-0.001815
-0.012990
0.002044
-0.014487
0.106829
-0.008280
-0.035995
-0.999318
0.731092
---
0.699829
0.015499
0.009914
0.714073
-0.002399
-0.002648
-0.014948
-0.009002
0.003339
0.106845
-0.008258
-0.035851
-0.999323
0.748213
---
0.699335
0.015421
0.009932
0.714559
-0.002288
0.002323
-0.017882
0.003250
0.015941
0.069894
-0.008147
-0.035763
-0.999327
0.765336
---
0.699008
0.015403
0.010042
0.714877
-0.002123
0.002192
-0.017878
0.008544
0.007142
0.053913
-0.007982
-0.035894
-0.999324
0.782459
---
0.698666
0.015135
0.010258
0.715214
-0.010246
-0.004573
-0.016910
-0.007930
0.053269
0.073147
-0.007316
-0.035823
-0.999331
0.798572
---
0.698244
0.014859
0.010448
0.715630
-0.000817
-0.000547
-0.013989
-0.004975
0.016931
0.052010
-0.006676
-0.035703
-0.999340
0.815694
---
0.697935
0.014740
0.010547
0.715932
-0.000525
-0.000523
-0.013991
0.006314
0.017666
0.051897
-0.006385
-0.035679
-0.999343
0.832817
---
0.697728
0.014786
0.010538
0.716132
0.003293
0.001384
-0.013989
0.002500
0.003281
0.014255
-0.006473
-0.035726
-0.999341
0.849937
---
0.697666
0.014857
0.010600
0.716190
0.003277
0.001195
-0.013982
0.018662
-0.004356
0.001992
-0.006489
-0.035914
-0.999334
0.867060
---
0.697747
0.014977
0.010690
0.716108
-0.000674
0.005779
-0.016901
0.014421
-0.005961
-0.028845
-0.006533
-0.036213
-0.999323
0.884188
---
0.697947
0.015018
0.010676
0.715912
0.001213
-0.002070
-0.007133
0.002573
-0.005566
-0.064614
-0.006599
-0.036250
-0.999321
0.901306
---
0.698308
0.014983
0.010688
0.715561
-0.004563
-0.003996
-0.014948
-0.008392
0.009936
-0.056608
-0.006516
-0.036223
-0.999323
0.918427
---
0.698971
0.014851
0.010714
0.714916
-0.004304
-0.003857
-0.014954
-0.006804
0.008257
-0.112734
-0.006257
-0.036084
-0.999329
0.934541
---
0.699660
0.014805
0.010693
0.714243
0.001628
-0.002790
-0.013005
-0.009104
0.006543
-0.077545
-0.006185
-0.035993
-0.999333
0.951665
---
0.700169
0.014719
0.010629
0.713746
-0.001246
-0.004535
-0.014966
-0.012680
0.000315
-0.074786
-0.006129
-0.035785
-0.999341
0.968790
---
0.700451
0.014599
0.010607
0.713472
-0.001091
-0.004337
-0.014974
-0.010166
0.010099
-0.053577
-0.005974
-0.035587
-0.999349
0.985908
---
0.700560
0.014563
0.010517
0.713367
0.001771
-0.002207
-0.011073
-0.010096
-0.000200
0.006393
-0.006041
-0.035410
-0.999355
1.003030
---
0.700549
0.014506
0.010491
0.713380
-0.002091
-0.001113
-0.014984
-0.007443
0.003613
0.006010
-0.005998
-0.035293
-0.999359
1.020153
---
0.700156
0.014504
0.010436
0.713766
-0.002184
-0.001030
-0.014986
-0.000142
-0.006784
0.070257
-0.006090
-0.035209
-0.999361
1.037276
---
0.699743
0.014471
0.010428
0.714172
0.002713
-0.000969
-0.014989
0.000268
-0.006196
0.086942
-0.006076
-0.035149
-0.999364
1.054414
---
0.699293
0.014493
0.010461
0.714612
-0.002176
0.002865
-0.016939
0.016170
0.014332
0.065795
-0.006082
-0.035221
-0.999361
1.070516
---
0.699010
0.014538
0.010533
0.714887
-0.002156
0.002702
-0.016934
0.009826
-0.002553
0.032331
-0.006062
-0.035384
-0.999355
1.087636
---
0.698810
0.014631
0.010510
0.715080
0.003530
0.002606
-0.003257
0.013071
-0.011339
0.035417
-0.006235
-0.035480
-0.999351
1.104756
---
0.698595
0.014641
0.010541
0.715289
0.003548
0.002549
-0.003255
-0.000064
0.001912
0.033286
-0.006218
-0.035537
-0.999349
1.121878
---
0.698385
0.014623
0.010573
0.715495
-0.001274
-0.000401
-0.013021
0.002424
0.003160
0.025598
-0.006157
-0.035557
-0.999349
1.139002
---
0.698411
0.014591
0.010612
0.715469
-0.001174
-0.000412
-0.013021
-0.000256
0.009200
-0.008154
-0.006056
-0.035568
-0.999349
1.156121
---
0.698446
0.014574
0.010657
0.715435
-0.001084
0.000523
-0.015950
0.001350
0.010850
0.001162
-0.005967
-0.035610
-0.999348
1.173248
---
0.698721
0.014573
0.010675
0.715167
-0.001044
0.000496
-0.015949
-0.006141
-0.006458
-0.045329
-0.005927
-0.035637
-0.999347
1.190368
---
0.699192
0.014629
0.010590
0.714705
0.003663
-0.000439
-0.005207
0.001266
-0.013990
-0.079373
-0.006102
-0.035595
-0.999348
1.207488
---
0.699674
0.014555
0.010594
0.714235
-0.003037
-0.002298
-0.008141
-0.014206
0.001833
-0.091290
-0.005967
-0.035501
-0.999352
1.223604
---
0.700147
0.014483
0.010582
0.713774
-0.001950
0.000744
-0.012052
-0.006053
-0.000941
-0.089580
-0.005856
-0.035389
-0.999357
1.240724
---
0.700698
0.014467
0.010586
0.713233
-0.001896
0.000758
-0.012053
0.002629
-0.004230
-0.097061
-0.005802
-0.035375
-0.999357
1.257848
---
0.701383
0.014478
0.010612
0.712558
-0.000863
0.000698
-0.013027
0.003257
0.010054
-0.085576
-0.005746
-0.035434
-0.999356
1.274972
---
0.701831
0.014454
0.010671
0.712117
-0.002679
0.003576
-0.019862
0.005458
0.012069
-0.080853
-0.005608
-0.035487
-0.999354
1.292094
---
0.702165
0.014436
0.010793
0.711786
-0.002463
0.003423
-0.019858
0.007391
0.007666
-0.058750
-0.005393
-0.035639
-0.999350
1.309212
---
0.702442
0.014516
0.010875
0.711510
0.001458
0.003192
-0.018873
0.014995
-0.004244
-0.043005
-0.005378
-0.035870
-0.999342
1.326340
---
0.702687
0.014628
0.010817
0.711267
0.007090
-0.002741
-0.010080
0.002952
-0.015546
-0.030727
-0.005605
-0.035944
-0.999338
1.343460
---
0.702799
0.014739
0.010726
0.711155
0.006807
-0.002770
-0.010078
-0.002081
-0.020851
-0.018139
-0.005888
-0.035973
-0.999335
1.359575
---
0.702902
0.014842
0.010645
0.711052
0.002646
0.001104
-0.014958
0.000562
-0.021122
-0.016474
-0.006143
-0.036005
-0.999333
1.376695
---
0.703095
0.014919
0.010626
0.710860
-0.000409
0.003954
-0.013001
0.005859
-0.005969
-0.044142
-0.006268
-0.036085
-0.999329
1.393818
---
0.703294
0.015060
0.010645
0.710660
-0.000571
0.003727
-0.012992
0.007921
-0.018854
-0.019439
-0.006430
-0.036312
-0.999320
1.410942
---
0.703450
0.015180
0.010568
0.710504
0.004040
0.000735
-0.015917
0.006407
-0.009531
-0.030746
-0.006702
-0.036375
-0.999316
1.428103
---
0.703613
0.015290
0.010495
0.710342
0.000860
0.000684
-0.008101
0.000967
-0.020104
-0.030220
-0.006953
-0.036426
-0.999312
1.445188
---
0.703742
0.015360
0.010480
0.710212
0.000747
0.000602
-0.008098
0.009332
-0.004461
-0.031350
-0.007066
-0.036507
-0.999308
1.462308
---
0.703921
0.015354
0.010518
0.710035
-0.001137
-0.001398
-0.016885
0.004089
-0.002490
-0.034640
-0.006996
-0.036554
-0.999307
1.479429
---
0.704070
0.015375
0.010534
0.709886
-0.001136
0.000502
-0.013954
0.007897
0.001290
-0.035534
-0.006995
-0.036608
-0.999305
1.495544
---
0.704290
0.015406
0.010551
0.709667
-0.001144
0.000430
-0.013951
0.004896
-0.003679
-0.031145
-0.007003
-0.036679
-0.999303
1.512666
---
0.704704
0.015443
0.010494
0.709256
0.004604
-0.002474
-0.005162
-0.006449
-0.012062
-0.079213
-0.007115
-0.036653
-0.999303
1.529787
---
0.705184
0.015491
0.010332
0.708780
0.000425
-0.003292
-0.013955
-0.008330
-0.014213
-0.078737
-0.007388
-0.036495
-0.999307
1.546911
---
0.705945
0.015622
0.010116
0.708022
0.004858
-0.000249
-0.012003
-0.008299
-0.024478
-0.051489
-0.007837
-0.036382
-0.999307
1.581156
---
0.706303
0.015733
0.009952
0.707665
0.003509
0.001773
-0.015908
-0.004057
-0.018338
-0.058440
-0.008210
-0.036313
-0.999307
1.598275
---
0.706901
0.015857
0.009848
0.707066
0.003219
0.001738
-0.015905
0.002145
-0.023373
-0.083798
-0.008500
-0.036348
-0.999303
1.615402
---
0.707263
0.015985
0.009759
0.706703
0.001952
-0.000272
-0.012970
0.004589
-0.022119
-0.056827
-0.008790
-0.036405
-0.999299
1.632523
---
0.707406
0.015879
0.009697
0.706563
-0.003837
-0.010780
-0.016886
-0.025548
0.005239
-0.026170
-0.008720
-0.036170
-0.999308
1.648636
---
0.707589
0.015759
0.009600
0.706383
0.000110
-0.001687
-0.007131
-0.010539
0.002802
-0.037117
-0.008679
-0.035867
-0.999319
1.665758
---
0.707824
0.015703
0.009540
0.706150
0.000118
-0.001524
-0.007137
-0.004929
0.005362
-0.024882
-0.008672
-0.035704
-0.999325
1.682880
---
0.708048
0.015758
0.009484
0.705925
0.002902
0.001404
-0.012995
-0.002046
-0.010547
-0.031233
-0.008817
-0.035706
-0.999323
1.700002
---
0.708246
0.015758
0.009529
0.705725
0.002974
0.001338
-0.012994
0.012481
0.012327
-0.039104
-0.008745
-0.035771
-0.999322
1.717124
---
0.708515
0.015766
0.009551
0.705455
-0.002851
0.004221
-0.011039
0.005993
-0.000722
-0.042359
-0.008710
-0.035818
-0.999320
1.734247
---
0.708777
0.015791
0.009588
0.705191
-0.001843
0.001200
-0.012989
0.002789
0.000843
-0.041658
-0.008679
-0.035909
-0.999317
1.751368
---
0.709071
0.015768
0.009582
0.704896
0.003077
-0.005597
-0.009085
-0.002471
-0.003902
-0.037912
-0.008641
-0.035871
-0.999319
1.768495
---
0.709339
0.015783
0.009537
0.704626
0.003007
-0.005561
-0.009085
-0.004932
-0.005260
-0.057631
-0.008712
-0.035834
-0.999320
1.784606
---
0.709657
0.015852
0.009493
0.704305
0.006770
0.002213
-0.017872
0.002406
-0.016741
-0.046648
-0.008855
-0.035873
-0.999317
1.801730
---
0.710060
0.015916
0.009437
0.703898
-0.002167
0.000246
-0.017870
-0.003488
-0.005527
-0.068423
-0.009003
-0.035887
-0.999315
1.818852
---
0.710445
0.015965
0.009404
0.703508
-0.002264
0.000216
-0.017868
0.000265
-0.010075
-0.076233
-0.009100
-0.035917
-0.999313
1.835974
---
0.710856
0.015990
0.009416
0.703092
-0.000308
0.000158
-0.015913
0.006059
-0.003393
-0.081572
-0.009097
-0.035975
-0.999311
1.853099
---
0.711366
0.015964
0.009450
0.702577
-0.004104
-0.001813
-0.013960
-0.002069
0.012479
-0.080679
-0.008987
-0.035992
-0.999312
1.870218
---
0.711819
0.015904
0.009451
0.702120
-0.003994
-0.001735
-0.013964
-0.008030
-0.000836
-0.085764
-0.008877
-0.035914
-0.999316
1.887339
---
0.712447
0.015826
0.009537
0.701483
-0.004708
0.001178
-0.012989
0.004743
0.007941
-0.085102
-0.008615
-0.035931
-0.999317
1.904462
---
0.712829
0.015791
0.009547
0.701095
0.002212
-0.000744
-0.010061
-0.006653
0.002332
-0.092010
-0.008530
-0.035901
-0.999319
1.920577
---
0.713243
0.015819
0.009557
0.700673
0.002207
-0.000805
-0.010059
0.005704
0.003450
-0.051478
-0.008535
-0.035961
-0.999317
1.937700
---
0.713618
0.015770
0.009661
0.700291
-0.003415
0.002047
-0.012011
0.001971
0.005671
-0.039603
-0.008298
-0.036039
-0.999316
1.954822
---
0.713759
0.015803
0.009717
0.700145
0.001508
0.001920
-0.012984
0.012511
0.000237
0.005877
-0.008258
-0.036166
-0.999312
1.971941
---
0.713732
0.015872
0.009723
0.700171
0.001419
0.001815
-0.012979
-0.003095
-0.013664
0.012532
-0.008347
-0.036271
-0.999307
1.989065
---
0.713727
0.015892
0.009713
0.700176
0.003330
-0.003082
-0.007119
0.001737
-0.007538
0.000374
-0.008389
-0.036285
-0.999306
2.006188
---
0.713686
0.015889
0.009599
0.700220
0.003169
-0.002920
-0.007123
-0.007188
-0.024863
0.008999
-0.008550
-0.036123
-0.999311
2.023308
---
0.713744
0.015874
0.009536
0.700162
0.001150
-0.003787
-0.012010
-0.008207
-0.009657
-0.024842
-0.008616
-0.036014
-0.999314
2.040429
---
0.713865
0.015874
0.009426
0.700040
0.002951
-0.003635
-0.008107
-0.017680
-0.011750
-0.027132
-0.008768
-0.035862
-0.999318
2.056761
---
0.714087
0.015923
0.009305
0.699814
0.003699
-0.000611
-0.012015
-0.004363
-0.016994
-0.041764
-0.008996
-0.035767
-0.999320
2.073895
---
0.714391
0.015974
0.009271
0.699503
-0.002267
0.005222
-0.013966
0.005633
-0.004666
-0.057292
-0.009103
-0.035794
-0.999318
2.091858
---
0.714593
0.016019
0.009297
0.699295
-0.002280
0.005116
-0.013962
0.004229
0.002373
-0.034645
-0.009116
-0.035899
-0.999314
2.107976
---
0.714657
0.016026
0.009335
0.699229
-0.000278
-0.000805
-0.010054
0.004607
0.002719
0.009588
-0.009067
-0.035961
-0.999312
2.125886
---
0.714549
0.016043
0.009309
0.699339
-0.001322
0.000184
-0.014937
0.000790
0.000728
0.023861
-0.009135
-0.035948
-0.999312
2.142006
---
0.714235
0.015997
0.009345
0.699661
-0.001223
0.000201
-0.014938
-0.003753
0.006764
0.048656
-0.009036
-0.035932
-0.999313
2.159707
---
0.713932
0.016049
0.009348
0.699969
0.003575
0.002082
-0.010052
0.002218
-0.003696
0.049884
-0.009120
-0.036004
-0.999310
2.175820
---
0.713674
0.016092
0.009359
0.700231
-0.002341
0.000059
-0.011026
0.004202
0.004860
0.038999
-0.009177
-0.036074
-0.999307
2.192883
---
0.713427
0.016125
0.009349
0.700482
-0.002416
0.000025
-0.011024
0.004016
0.001257
0.051595
-0.009251
-0.036108
-0.999305
2.210585
---
0.713145
0.016161
0.009350
0.700767
0.003380
0.000955
-0.010045
0.004423
-0.007606
0.032233
-0.009315
-0.036155
-0.999303
2.226702
---
0.712936
0.016170
0.009321
0.700981
0.001363
-0.002921
-0.011022
-0.002174
-0.001427
0.004016
-0.009379
-0.036125
-0.999303
2.243823
---
0.712969
0.016182
0.009281
0.700948
0.001291
-0.002884
-0.011023
-0.008221
-0.006027
-0.008028
-0.009451
-0.036087
-0.999304
2.261767
---
0.712956
0.016135
0.009220
0.700963
0.000294
-0.003707
-0.007122
-0.013055
-0.001301
0.000914
-0.009471
-0.035934
-0.999309
2.277884
---
0.713046
0.016142
0.009154
0.700871
-0.002736
0.001256
-0.011030
0.001543
0.000418
-0.035786
-0.009572
-0.035853
-0.999311
2.295739
---
0.713269
0.016122
0.009197
0.700645
-0.002636
0.001224
-0.011030
-0.001290
0.014516
-0.028902
-0.009472
-0.035886
-0.999311
2.311822
---
0.713512
0.016060
0.009262
0.700398
-0.006350
-0.001713
-0.012984
-0.002661
0.010504
-0.049196
-0.009279
-0.035893
-0.999313
2.329707
---
0.713740
0.015901
0.009312
0.700168
-0.004092
-0.004490
-0.012016
-0.011708
0.012875
-0.017942
-0.008974
-0.035740
-0.999321
2.346704
---
0.713847
0.015825
0.009338
0.700060
-0.003941
-0.004417
-0.012020
-0.005320
-0.000201
-0.018654
-0.008824
-0.035667
-0.999325
2.363096
---
0.714118
0.015747
0.009351
0.699786
-0.000871
-0.002375
-0.013001
0.001410
0.007278
-0.042924
-0.008684
-0.035578
-0.999329
2.380218
---
0.714350
0.015690
0.009349
0.699551
-0.000783
-0.002294
-0.013005
-0.008139
-0.002993
-0.035258
-0.008595
-0.035497
-0.999333
2.397340
---
0.714428
0.015600
0.009348
0.699473
-0.000654
-0.004118
-0.013010
-0.005000
0.016767
-0.014818
-0.008467
-0.035368
-0.999339
2.415470
---
0.714440
0.015521
0.009368
0.699462
-0.003444
-0.000126
-0.011061
-0.010711
0.014916
0.015614
-0.008327
-0.035283
-0.999343
2.430578
---
0.714340
0.015506
0.009403
0.699564
0.001506
0.003751
-0.014967
0.001341
0.003960
0.016202
-0.008260
-0.035311
-0.999342
2.447700
---
0.714276
0.015562
0.009351
0.699629
0.005254
-0.000159
-0.013013
-0.003867
-0.019423
0.020593
-0.008417
-0.035315
-0.999341
2.464731
---
0.714231
0.015651
0.009306
0.699673
0.005065
-0.000222
-0.013009
0.003335
-0.010027
0.009239
-0.008607
-0.035378
-0.999337
2.482280
---
0.714217
0.015662
0.009346
0.699686
-0.003684
0.003611
-0.014960
0.005945
0.004554
-0.012423
-0.008567
-0.035452
-0.999335
2.499736
---
0.714238
0.015644
0.009411
0.699665
-0.006495
-0.000360
-0.013005
-0.000936
0.017173
0.000061
-0.008448
-0.035516
-0.999333
2.516310
---
0.714390
0.015567
0.009505
0.699511
-0.006244
-0.000384
-0.013007
0.001253
0.016379
-0.037858
-0.008197
-0.035540
-0.999335
2.533738
---
0.714524
0.015507
0.009523
0.699374
-0.000270
-0.003255
-0.012033
-0.008523
0.004706
-0.013190
-0.008083
-0.035482
-0.999338
2.550736
---
0.714623
0.015458
0.009589
0.699273
-0.004007
-0.000347
-0.008127
0.003419
0.005096
-0.016457
-0.007913
-0.035503
-0.999338
2.566760
---
0.714577
0.015377
0.009630
0.699321
-0.003838
-0.000289
-0.008131
-0.003563
0.006728
0.018178
-0.007744
-0.035445
-0.999342
2.583884
---
0.714450
0.015415
0.009606
0.699450
0.002903
-0.001284
-0.010082
-0.002806
-0.003074
0.033663
-0.007839
-0.035464
-0.999340
2.601006
---
0.714278
0.015362
0.009616
0.699627
-0.002875
0.002682
-0.014968
-0.001752
0.005922
0.027522
-0.007757
-0.035404
-0.999343
2.618126
---
0.714045
0.015346
0.009676
0.699864
-0.002779
0.002626
-0.014967
0.000662
0.014719
0.040510
-0.007662
-0.035460
-0.999342
2.635250
---
0.713733
0.015269
0.009763
0.700184
-0.005491
-0.000314
-0.012038
-0.003229
0.016415
0.053280
-0.007444
-0.035470
-0.999343
2.652282
---
0.713414
0.015232
0.009844
0.700508
0.000517
0.000605
-0.010084
0.003227
0.008835
0.048973
-0.007295
-0.035528
-0.999342
2.669434
---
0.713199
0.015221
0.009901
0.700727
0.000604
0.000545
-0.010083
-0.000699
0.005630
0.040236
-0.007209
-0.035588
-0.999341
2.685459
---
0.712953
0.015275
0.009949
0.700974
0.001560
0.007239
-0.008124
0.011092
0.000810
0.040066
-0.007229
-0.035730
-0.999335
2.702610
---
0.712665
0.015353
0.009984
0.701265
0.000509
0.006105
-0.008118
0.004924
-0.001065
0.043001
-0.007303
-0.035887
-0.999329
2.720494
---
0.712490
0.015424
0.010050
0.701441
0.000496
0.005914
-0.008111
0.008642
-0.000840
0.026034
-0.007317
-0.036078
-0.999322
2.737616
---
0.712327
0.015455
0.010072
0.701605
0.001453
0.003887
-0.011038
0.010815
0.003786
0.024241
-0.007337
-0.036152
-0.999319
2.754007
---
0.712171
0.015508
0.010120
0.701762
0.000462
-0.000161
-0.012986
0.005517
0.001792
0.016937
-0.007351
-0.036294
-0.999314
2.771128
---
0.712099
0.015567
0.010171
0.701832
0.000448
-0.000314
-0.012980
0.011616
0.001851
0.004712
-0.007364
-0.036447
-0.999308
2.788191
---
0.712122
0.015628
0.010243
0.701807
0.000467
0.008284
-0.011020
0.013421
0.000760
-0.016239
-0.007346
-0.036638
-0.999302
2.805342
---
0.712169
0.015707
0.010239
0.701758
0.003282
0.000364
-0.009062
0.004187
-0.012270
-0.002771
-0.007460
-0.036746
-0.999297
2.822740
---
0.712203
0.015749
0.010266
0.701722
0.003261
0.000268
-0.009059
0.004534
0.002162
-0.011726
-0.007481
-0.036841
-0.999293
2.838852
---
0.712213
0.015773
0.010319
0.701711
-0.002554
0.002113
-0.004172
0.009265
0.009825
-0.005509
-0.007437
-0.036950
-0.999289
2.856709
---
0.712213
0.015866
0.010331
0.701708
0.006119
0.003917
-0.011002
0.011229
-0.012923
-0.003919
-0.007553
-0.037099
-0.999283
2.872823
---
0.712212
0.015935
0.010331
0.701707
-0.005694
-0.002041
-0.012951
0.001724
0.006437
0.009931
-0.007647
-0.037197
-0.999279
2.890099
---
0.712192
0.015878
0.010413
0.701728
-0.005498
-0.002074
-0.012951
0.002820
0.006703
0.005490
-0.007451
-0.037230
-0.999279
2.907219
---
0.712243
0.015965
0.010376
0.701674
0.004093
0.001760
-0.011970
0.009156
-0.008040
-0.012402
-0.007625
-0.037302
-0.999275
2.924283
---
0.712323
0.016050
0.010387
0.701592
0.007900
0.002597
-0.010988
0.010793
-0.009583
-0.010914
-0.007725
-0.037442
-0.999269
2.941433
---
0.712489
0.016161
0.010295
0.701421
0.007625
0.002567
-0.010984
0.003115
-0.022877
-0.040763
-0.008000
-0.037472
-0.999266
2.957490
---
0.712757
0.016488
0.010028
0.701146
-0.001014
0.004426
-0.018786
0.007480
-0.072456
-0.038786
-0.008827
-0.037567
-0.999255
2.974640
---
0.713047
0.016551
0.010057
0.700849
0.009698
0.006245
0.009539
0.008523
0.040134
-0.050002
-0.008856
-0.037701
-0.999250
2.992492
---
0.713301
0.016628
0.010101
0.700587
0.009667
0.006071
0.009546
0.006874
-0.037825
-0.047908
-0.008887
-0.037875
-0.999243
3.008614
---
0.713504
0.016980
0.009818
0.700377
-0.005866
0.004007
-0.024621
0.003493
-0.038329
-0.041365
-0.009772
-0.037985
-0.999231
3.025676
---
0.713756
0.016821
0.010051
0.700120
0.004467
0.000972
0.007604
0.006431
0.024567
-0.032820
-0.009205
-0.038090
-0.999232
3.042824
---
0.713946
0.017138
0.009766
0.699923
0.003627
0.000918
0.007614
0.003829
-0.085182
-0.033364
-0.010044
-0.038144
-0.999222
3.059915
---
0.714092
0.017427
0.009473
0.699770
-0.000118
-0.002992
-0.036323
0.003061
-0.024498
-0.027084
-0.010861
-0.038148
-0.999213
3.076979
---
0.714233
0.017394
0.009537
0.699627
0.001005
-0.000107
-0.007026
0.003926
0.006465
-0.020342
-0.010713
-0.038193
-0.999213
3.094710
---
0.714332
0.017380
0.009571
0.699526
0.001077
-0.000135
-0.007025
0.005598
0.003693
-0.020213
-0.010642
-0.038221
-0.999213
3.110739
---
0.714370
0.017346
0.009680
0.699486
-0.003602
0.003665
-0.012883
0.005464
0.019478
0.020451
-0.010438
-0.038328
-0.999211
3.127762
---
0.713882
0.017557
0.009179
0.699986
-0.007568
-0.030107
-0.038277
-0.031993
-0.084843
0.049062
-0.011474
-0.037919
-0.999215
3.144796
---
0.713563
0.017470
0.008955
0.700316
-0.007782
-0.029664
-0.038292
-0.022276
0.043411
0.126543
-0.011688
-0.037476
-0.999229
3.162221
---
0.711968
0.018846
0.007688
0.701917
0.087030
0.017061
0.029149
0.013245
-0.156371
0.234105
-0.015509
-0.037627
-0.999171
3.179679
---
0.711652
0.020169
0.006959
0.702209
0.045057
0.032808
0.009699
0.063196
-0.204577
-0.060550
-0.018419
-0.038481
-0.999090
3.195734
---
0.712667
0.021450
0.006363
0.701145
0.042468
0.031794
0.009790
0.059520
-0.124817
-0.236819
-0.021008
-0.039495
-0.998999
3.212795
---
0.713737
0.022044
0.006150
0.700040
0.040416
0.004842
0.011790
0.037968
-0.072508
-0.149967
-0.022084
-0.040080
-0.998952
3.229885
---
0.714114
0.022656
0.005683
0.699639
-0.007961
-0.011011
-0.027229
0.007672
-0.078484
-0.020307
-0.023586
-0.040308
-0.998909
3.247709
---
0.714391
0.022897
0.005463
0.699351
0.019726
-0.004225
0.001108
-0.004061
-0.024465
-0.062096
-0.024219
-0.040358
-0.998892
3.264712
---
0.714544
0.022806
0.005524
0.699197
0.019950
-0.004186
0.001101
-0.003619
-0.002156
-0.001055
-0.023996
-0.040318
-0.998899
3.280734
---
0.714107
0.022771
0.005255
0.699647
-0.035101
-0.041829
-0.047736
-0.028050
0.024828
0.105894
-0.024359
-0.039876
-0.998908
3.297734
---
0.713581
0.022538
0.004864
0.700193
0.028113
-0.033118
-0.006749
-0.050459
-0.060830
0.079652
-0.024621
-0.038977
-0.998937
3.315710
---
0.713145
0.022477
0.004372
0.700642
0.027476
-0.032327
-0.006764
-0.049077
-0.016947
0.085397
-0.025258
-0.038187
-0.998951
3.331733
---
0.712372
0.022158
0.004043
0.701440
0.010810
-0.034314
0.003944
-0.053398
-0.016585
0.162872
-0.025323
-0.037244
-0.998985
3.348768
---
0.710682
0.021933
0.003216
0.703164
-0.007716
-0.054257
-0.013666
-0.104468
-0.056829
0.287044
-0.026270
-0.035702
-0.999017
3.366740
---
0.709606
0.021484
0.002531
0.704266
-0.008114
-0.052608
-0.013713
-0.094405
0.020406
0.133418
-0.026669
-0.034054
-0.999064
3.382857
---
0.709724
0.021384
0.002093
0.704152
0.069535
0.007716
0.014595
-0.046552
-0.021389
-0.066934
-0.027144
-0.033300
-0.999077
3.399976
---
0.710123
0.021736
0.001470
0.703741
0.062319
0.024673
0.000949
-0.002083
-0.222186
-0.058561
-0.028501
-0.032945
-0.999051
3.417011
---
0.710133
0.022879
0.000386
0.703696
0.059224
0.024523
0.001047
0.010915
-0.140276
0.003921
-0.031597
-0.033094
-0.998953
3.434161
---
0.710218
0.023275
-0.000173
0.703597
0.013892
-0.023067
0.004990
-0.018606
-0.047498
-0.044817
-0.032983
-0.032832
-0.998916
3.451710
---
0.710860
0.023491
-0.000457
0.702941
0.048359
0.005325
-0.004755
-0.004064
-0.035477
-0.160227
-0.033672
-0.032761
-0.998896
3.467827
---
0.711969
0.024099
-0.001177
0.701796
0.046519
0.005433
-0.004695
-0.010195
-0.189194
-0.176050
-0.035512
-0.032653
-0.998836
3.484889
---
0.713120
0.024999
-0.001867
0.700593
0.051171
0.023606
-0.010462
0.011761
-0.117624
-0.225831
-0.037696
-0.033035
-0.998743
3.502801
---
0.714953
0.025991
-0.002555
0.698685
0.037172
0.012308
-0.006448
0.016918
-0.099871
-0.269822
-0.039976
-0.033590
-0.998636
3.519163
---
0.716257
0.026435
-0.002834
0.697330
0.036217
0.011986
-0.006399
-0.017836
-0.045356
-0.154072
-0.040932
-0.033913
-0.998586
3.536739
---
0.716921
0.026858
-0.003455
0.696629
-0.015027
-0.023932
-0.026854
-0.015888
-0.036375
-0.138334
-0.042371
-0.033698
-0.998533
3.552766
---
0.717935
0.026998
-0.003603
0.695577
0.008051
0.003354
0.002460
0.007594
-0.005221
-0.202189
-0.042730
-0.033755
-0.998516
3.569915
---
0.719603
0.027082
-0.003650
0.693848
0.007948
0.003196
0.002470
0.008515
-0.007365
-0.253065
-0.042833
-0.033914
-0.998506
3.586734
---
0.721008
0.027142
-0.003658
0.692385
-0.013561
0.008893
-0.011195
-0.005452
-0.007247
-0.425040
-0.042858
-0.034076
-0.998500
3.603855
---
0.724530
0.029699
-0.004587
0.688588
0.151668
0.101955
-0.000147
0.181837
-0.451787
-0.526883
-0.047551
-0.036717
-0.998194
3.620919
---
0.728766
0.032986
-0.006267
0.683939
0.144960
0.099168
0.000302
0.013962
-0.152776
-0.624336
-0.054258
-0.039504
-0.997745
3.638069
---
0.731624
0.033652
-0.006656
0.680845
0.042093
0.012556
-0.004482
0.011780
-0.043521
-0.403795
-0.055564
-0.040178
-0.997646
3.655713
---
0.732692
0.032582
-0.006834
0.679746
-0.213490
-0.247440
0.003193
-0.241249
0.147815
-0.215632
-0.054310
-0.038456
-0.997783
3.671825
---
0.734650
0.029446
-0.006394
0.677777
-0.208491
-0.243581
0.002792
-0.078361
0.224532
-0.385145
-0.049312
-0.034597
-0.998184
3.688858
---
0.737589
0.028585
-0.006322
0.674615
0.031207
0.052301
0.020269
-0.080384
0.036441
-0.611705
-0.047894
-0.033636
-0.998286
3.706009
---
0.742385
0.030804
-0.007718
0.669220
0.129928
0.061275
0.031314
0.092651
-0.420508
-0.859448
-0.052689
-0.035405
-0.997983
3.723711
---
0.745965
0.032901
-0.009004
0.665112
0.018973
-0.020506
0.018929
0.086508
-0.385795
-0.887175
-0.057199
-0.037108
-0.997673
3.739825
---
0.751537
0.032872
-0.009711
0.658800
0.018263
-0.020012
0.018951
-0.080432
-0.109236
-0.825553
-0.057909
-0.036614
-0.997650
3.757741
---
0.755871
0.032245
-0.010294
0.653845
0.006724
-0.059699
0.003268
-0.152804
-0.007213
-0.884797
-0.057729
-0.035285
-0.997709
3.773860
---
0.761347
0.031317
-0.010990
0.647495
-0.004557
-0.049078
0.001226
-0.135938
-0.028502
-0.809015
-0.057291
-0.033453
-0.997797
3.791680
---
0.765873
0.030565
-0.011436
0.642163
-0.004039
-0.047755
0.001153
-0.138632
0.016634
-0.827793
-0.056773
-0.032130
-0.997870
3.807797
---
0.770188
0.029154
-0.011513
0.637046
-0.034370
-0.061489
-0.003894
-0.162936
0.058265
-0.871036
-0.054878
-0.030239
-0.998035
3.824828
---
0.775751
0.027859
-0.011640
0.630316
0.011275
-0.014878
0.001823
-0.105533
0.022285
-0.876286
-0.053178
-0.028550
-0.998177
3.842715
---
0.781613
0.026830
-0.011650
0.623078
0.012808
-0.013752
0.001711
-0.128847
-0.002068
-1.115413
-0.051645
-0.027424
-0.998289
3.859498
---
0.785865
0.027903
-0.012173
0.617648
0.052845
0.030752
-0.017678
0.060832
-0.152304
-0.553662
-0.053601
-0.028818
-0.998147
3.875614
---
0.788431
0.027234
-0.013037
0.614382
-0.249335
-0.286691
-0.034310
-0.737757
0.638179
-0.843054
-0.054023
-0.026925
-0.998177
3.892646
---
0.795848
0.018977
-0.010692
0.605105
-0.235297
-0.277032
-0.035184
-0.626811
1.127189
-1.725061
-0.039985
-0.017266
-0.999051
3.909680
---
0.804811
0.020899
-0.012138
0.593039
0.361923
0.248335
0.016793
0.026021
-0.520450
-1.451553
-0.044327
-0.019243
-0.998832
3.926737
---
0.812598
0.024284
-0.014046
0.582148
0.037766
0.114582
-0.058973
0.193486
-0.242365
-1.778347
-0.051101
-0.023113
-0.998426
3.943859
---
0.821170
0.026673
-0.014204
0.569883
0.035137
0.110080
-0.058721
0.177446
-0.211161
-1.788457
-0.053730
-0.027615
-0.998174
3.960891
---
0.828664
0.025937
-0.014729
0.558951
0.012999
-0.036287
-0.008963
-0.153876
-0.122241
-1.555564
-0.053408
-0.026522
-0.998221
3.978043
---
0.836778
0.024162
-0.015128
0.546799
-0.124984
-0.089322
-0.051109
-0.264477
0.230069
-1.538830
-0.051742
-0.023892
-0.998375
3.995714
---
0.844043
0.021379
-0.014176
0.535661
-0.120078
-0.086335
-0.051418
-0.262577
0.270831
-1.684069
-0.046835
-0.020905
-0.998684
4.011828
---
0.850961
0.022242
-0.014367
0.524561
0.026432
0.053391
-0.002504
0.041807
-0.022154
-1.736770
-0.047787
-0.022781
-0.998598
4.029651
---
0.857958
0.023894
-0.014918
0.512947
0.046568
0.111023
-0.003296
0.151308
-0.305298
-1.757965
-0.050111
-0.025695
-0.998413
4.045770
---
0.866849
0.026285
-0.016387
0.497609
0.042109
0.107457
-0.002964
-0.196262
-0.029806
-1.885380
-0.054571
-0.029262
-0.998081
4.063715
---
0.874980
0.025238
-0.016867
0.483207
-0.000196
-0.039582
0.015515
-0.190831
-0.029876
-2.086578
-0.053907
-0.027864
-0.998157
4.079827
---
0.883326
0.023867
-0.016704
0.467853
-0.029382
-0.063644
-0.018811
-0.181806
0.032553
-2.505976
-0.051843
-0.026534
-0.998303
4.097745
---
0.894410
0.023546
-0.017809
0.446273
-0.024553
0.006002
0.018345
-0.071537
-0.004823
-2.338400
-0.052873
-0.026224
-0.998257
4.114715
---
0.903768
0.023872
-0.018085
0.426974
-0.024754
0.004520
0.018395
-0.046901
-0.171889
-2.742450
-0.053074
-0.027707
-0.998206
4.130827
---
0.911831
0.028117
-0.020261
0.409100
-0.037494
-0.022003
-0.042520
1.413294
-1.664037
-1.760160
-0.059955
-0.034698
-0.997598
4.147861
---
0.915869
0.044267
-0.028076
0.398040
-0.148191
-0.121237
0.017214
1.501194
-1.647368
-0.703697
-0.086668
-0.058737
-0.994504
4.165745
---
0.912488
0.063170
-0.035071
0.402672
-0.176400
-0.149539
0.022160
1.461825
-1.336228
0.851021
-0.114877
-0.087039
-0.989559
4.182714
---
0.906742
0.075299
-0.039253
0.413047
-0.116787
-0.091432
-0.008039
0.992031
-0.639324
1.813810
-0.133389
-0.104128
-0.985578
4.198830
---
0.899647
0.081319
-0.040214
0.427090
-0.082248
-0.014311
0.004741
0.587117
-0.017850
2.134124
-0.141818
-0.111967
-0.983540
4.215891
---
0.892211
0.083323
-0.038907
0.442158
-0.083540
-0.016622
0.005194
0.354241
0.165903
1.866946
-0.143110
-0.114278
-0.983087
4.233654
---
0.885853
0.085051
-0.037474
0.454562
-0.137855
-0.058024
0.008487
0.367790
0.315072
1.772664
-0.143715
-0.116618
-0.982724
4.249709
---
0.877182
0.086629
-0.035524
0.470940
-0.192744
-0.106800
-0.017623
0.376681
0.155166
1.838131
-0.143916
-0.118519
-0.982467
4.266738
---
0.870385
0.087255
-0.033759
0.483402
-0.191955
-0.107534
-0.017650
0.284515
0.254672
1.650142
-0.143126
-0.119253
-0.982494
4.283860
---
0.864678
0.087196
-0.031227
0.493714
-0.122524
-0.053552
-0.003351
0.235110
0.310874
1.363133
-0.140102
-0.119958
-0.982844
4.301776
---
0.857674
0.087604
-0.029123
0.505839
-0.075106
-0.011434
0.009233
0.241643
0.301809
1.393876
-0.138583
-0.120809
-0.982955
4.318715
---
0.853326
0.087602
-0.027630
0.513222
-0.073598
-0.011770
0.009063
0.219654
0.274153
1.408298
-0.137074
-0.121145
-0.983125
4.334828
---
0.845644
0.087119
-0.025315
0.525981
-0.121766
-0.060166
-0.007953
0.153895
0.315374
1.429507
-0.134462
-0.120713
-0.983539
4.351862
---
0.835600
0.086403
-0.023564
0.541988
-0.180891
-0.080768
0.008229
0.197726
0.465452
2.973266
-0.133040
-0.118854
-0.983958
4.369017
---
0.819243
0.087855
-0.025245
0.566114
-0.188688
-0.077280
0.008899
0.438451
-0.864726
2.288768
-0.140836
-0.115366
-0.983288
4.386716
---
0.813985
0.089713
-0.024214
0.573406
-1.179412
-0.811640
-0.054020
0.453368
0.340717
1.073731
-0.142303
-0.118281
-0.982731
4.402829
---
0.811980
0.090618
-0.022207
0.576181
0.172011
0.182141
0.085769
0.107516
0.124608
-0.018426
-0.140489
-0.121570
-0.982590
4.420684
---
0.811121
0.091606
-0.021605
0.577256
0.171692
0.180047
0.086076
0.138703
-0.214918
0.348588
-0.140808
-0.123664
-0.982283
4.436800
---
0.806496
0.096296
-0.021936
0.582933
0.107231
0.175916
-0.088890
0.432222
-0.211513
0.863434
-0.147652
-0.129748
-0.980492
4.454712
---
0.802852
0.096191
-0.019960
0.588028
-0.289707
-0.072387
0.015396
0.135545
0.580807
1.085496
-0.145176
-0.130980
-0.980698
4.470829
---
0.797070
0.093628
-0.016144
0.596366
-0.281940
-0.071407
0.014147
-0.080250
0.402532
0.936155
-0.137409
-0.130001
-0.981946
4.487857
---
0.792127
0.091191
-0.014880
0.603323
-0.291811
-0.227101
0.014145
-0.072544
0.318734
1.083279
-0.133608
-0.126515
-0.982926
4.505012
---
0.785892
0.088766
-0.012980
0.611822
-0.275505
-0.144145
-0.010271
0.003574
0.469751
1.024860
-0.129020
-0.123637
-0.983904
4.522716
---
0.782196
0.087077
-0.011112
0.616817
-0.271288
-0.143024
-0.010955
0.092251
0.353259
0.930175
-0.124804
-0.122516
-0.984588
4.538829
---
0.775960
0.086943
-0.010306
0.624677
-0.055281
-0.038068
0.019237
0.095700
0.085588
1.043135
-0.124617
-0.122053
-0.984669
4.556747
---
0.769378
0.085880
-0.009896
0.632917
-0.141517
-0.132316
-0.007514
-0.015827
0.237735
1.174785
-0.123939
-0.119621
-0.985053
4.572863
---
0.762721
0.084286
-0.009015
0.641148
-0.296637
-0.098458
0.001675
0.011633
0.382353
1.181302
-0.121832
-0.117013
-0.985629
4.590717
---
0.754912
0.080871
-0.006064
0.650792
-0.289222
-0.095652
0.000458
0.046009
1.247640
1.693596
-0.114418
-0.114207
-0.986846
4.606832
---
0.745900
0.084789
-0.008503
0.660584
-1.045605
-0.353535
0.155148
0.278617
-0.673583
1.667118
-0.124707
-0.115254
-0.985477
4.623893
---
0.736908
0.086986
-0.009677
0.670303
-0.147478
-0.041008
-0.013000
0.116236
0.307807
1.356023
-0.130877
-0.115227
-0.984680
4.641043
---
0.728971
0.085713
-0.007996
0.679111
-0.144679
-0.039883
-0.013499
0.082019
0.256239
1.243151
-0.128077
-0.114102
-0.985179
4.659170
---
0.722023
0.085048
-0.007466
0.686581
-0.115847
-0.070568
0.007742
0.065712
0.023943
1.231397
-0.127566
-0.112561
-0.985422
4.675287
---
0.715669
0.084273
-0.006656
0.693305
-0.093178
-0.049869
0.089488
0.075886
0.216183
1.146068
-0.126381
-0.111392
-0.985708
4.693051
---
0.708528
0.083314
-0.005819
0.700723
-0.091802
-0.048383
0.089145
0.057172
0.187197
1.219846
-0.125005
-0.109906
-0.986050
4.709166
---
0.700137
0.081951
-0.004937
0.709273
-0.175901
-0.084310
-0.018746
0.048764
0.288654
1.334628
-0.123167
-0.107748
-0.986519
4.726713
---
0.692405
0.080773
-0.004309
0.716961
-0.111050
-0.073447
-0.001563
0.028914
0.182382
1.299106
-0.121793
-0.105673
-0.986914
4.742829
---
0.685359
0.079561
-0.003695
0.723837
-0.109501
-0.071481
-0.001961
0.019734
0.254233
1.149129
-0.120243
-0.103707
-0.987313
4.760166
---
0.679067
0.078228
-0.002919
0.729890
-0.070312
-0.058035
0.010303
0.018774
0.239642
1.044382
-0.118163
-0.101980
-0.987744
4.777199
---
0.671732
0.076797
-0.002114
0.736800
-0.097455
-0.062947
-0.001867
0.021957
0.203706
0.994365
-0.116010
-0.100056
-0.988196
4.795084
---
0.667326
0.075931
-0.001665
0.740883
-0.096185
-0.061760
-0.002135
0.012300
0.206674
0.987980
-0.114740
-0.098869
-0.988463
4.811197
---
0.660141
0.074544
-0.000810
0.747434
-0.101767
-0.053257
-0.003533
0.027213
0.211256
0.982715
-0.112509
-0.097202
-0.988885
4.828227
---
0.653849
0.073342
-0.000122
0.753062
-0.102859
-0.062467
0.001969
0.022374
0.213743
1.009849
-0.110672
-0.095670
-0.989242
4.845291
---
0.647758
0.072227
0.000386
0.758415
-0.101236
-0.060963
0.001645
0.010304
0.193006
0.994177
-0.109049
-0.094167
-0.989566
4.862713
---
0.640605
0.070905
0.000961
0.764589
-0.101343
-0.064960
-0.001662
0.005641
0.183825
0.955005
-0.107203
-0.092304
-0.989943
4.878831
---
0.634829
0.069864
0.001418
0.769486
-0.097899
-0.057693
0.000977
0.010688
0.186167
0.947087
-0.105711
-0.090896
-0.990234
4.896746
---
0.629002
0.068779
0.001831
0.774353
-0.096401
-0.056159
0.000679
-0.004509
0.171122
0.934988
-0.104214
-0.089362
-0.990532
4.912804
---
0.622920
0.067743
0.002153
0.779344
-0.090211
-0.057481
-0.001555
0.002325
0.150619
1.040508
-0.102906
-0.087755
-0.990813
4.930714
---
0.614122
0.066243
0.002408
0.786422
-0.146156
-0.094914
-0.006837
-0.022103
0.194259
1.185942
-0.101235
-0.085148
-0.991212
4.946737
---
0.608179
0.065368
0.002451
0.791100
-0.145369
-0.093150
-0.007067
-0.023119
0.149437
1.107614
-0.100447
-0.083384
-0.991442
4.963738
---
0.601264
0.064743
0.002985
0.796418
-0.077077
-0.024014
-0.009177
0.051875
0.129523
0.845139
-0.099538
-0.082608
-0.991599
4.980863
---
0.594638
0.063973
0.003508
0.801437
-0.061258
-0.042644
0.003327
0.033851
0.115628
0.831453
-0.098368
-0.081707
-0.991790
4.998748
---
0.589262
0.063254
0.003864
0.805453
-0.060233
-0.041708
0.003149
0.015581
0.158092
0.848896
-0.097343
-0.080771
-0.991968
5.015747
---
0.583339
0.062077
0.004417
0.809841
-0.082697
-0.048328
0.002863
0.014423
0.172728
0.855064
-0.095392
-0.079578
-0.992254
5.031861
---
0.577667
0.061109
0.004874
0.813967
-0.094826
-0.039473
-0.010062
0.019189
0.156640
0.858227
-0.093849
-0.078536
-0.992484
5.049014
---
0.571333
0.060001
0.005350
0.818505
-0.065741
-0.042163
-0.002508
0.011058
0.136766
0.806460
-0.092108
-0.077319
-0.992743
5.066687
---
0.567406
0.059232
0.005694
0.821285
-0.064462
-0.041416
-0.002684
0.009527
0.187078
0.781163
-0.090830
-0.076572
-0.992918
5.083350
---
0.561679
0.057866
0.006351
0.825304
-0.058106
-0.027639
0.005801
0.010533
0.180195
0.723934
-0.088379
-0.075490
-0.993222
5.100473
---
0.556571
0.056830
0.006817
0.828826
-0.056342
-0.026709
0.005576
0.000034
0.170211
0.687999
-0.086616
-0.074561
-0.993448
5.116526
---
0.551964
0.055385
0.007499
0.831993
-0.049701
-0.047254
-0.007424
0.002840
0.210916
0.628165
-0.083881
-0.073621
-0.993752
5.133678
---
0.547529
0.054480
0.008013
0.834973
-0.069508
-0.009565
-0.036904
0.021866
0.090665
0.405480
-0.082204
-0.073041
-0.993935
5.150740
---
0.546131
0.054172
0.008369
0.835904
0.026973
-0.007731
0.016752
0.028071
0.075961
0.140520
-0.081425
-0.073161
-0.993991
5.167741
---
0.545015
0.053752
0.008876
0.836654
0.028132
-0.008017
0.016678
0.035739
0.118781
0.186419
-0.080266
-0.073446
-0.994064
5.184805
---
0.542940
0.051558
0.009406
0.838135
-0.074258
-0.083471
0.004517
-0.082318
0.282111
0.299102
-0.076211
-0.071752
-0.994507
5.201956
---
0.542851
0.050920
0.009651
0.838228
-0.042661
-0.011892
-0.052245
0.026750
-0.107103
-0.251602
-0.074888
-0.071462
-0.994628
5.219748
---
0.545916
0.051615
0.009744
0.836192
-0.043454
-0.013080
-0.052099
0.061018
0.121237
-0.555421
-0.075680
-0.072651
-0.994482
5.235863
---
0.550226
0.050320
0.011387
0.833420
-0.036189
0.006699
0.018019
0.053871
0.233510
-0.692514
-0.071345
-0.074356
-0.994676
5.252895
---
0.554572
0.050310
0.011906
0.830528
-0.083058
-0.062883
-0.077662
0.024920
-0.075815
-0.615752
-0.070363
-0.075578
-0.994654
5.270047
---
0.558498
0.049891
0.012379
0.827912
-0.081478
-0.063532
-0.077723
-0.108994
0.160432
-0.362708
-0.068782
-0.076227
-0.994715
5.287717
---
0.560308
0.048497
0.012421
0.826770
-0.115101
-0.088557
0.015755
-0.098347
0.137650
-0.215009
-0.066273
-0.074885
-0.994987
5.303833
---
0.561081
0.047137
0.012415
0.826325
-0.088382
-0.083181
-0.000131
-0.093252
0.143812
-0.063745
-0.063968
-0.073416
-0.995248
5.321047
---
0.560653
0.045641
0.012327
0.826700
-0.086054
-0.081325
-0.000413
-0.096619
0.109718
0.114907
-0.061640
-0.071559
-0.995530
5.338170
---
0.559268
0.044899
0.011780
0.827686
-0.076773
-0.079488
-0.020105
-0.086654
0.066052
0.240359
-0.061148
-0.069723
-0.995691
5.355719
---
0.557323
0.043308
0.012100
0.829077
-0.057349
-0.064431
0.023575
-0.058309
0.276826
0.321200
-0.058325
-0.068337
-0.995956
5.371834
---
0.554771
0.042919
0.011761
0.830812
-0.057290
-0.063254
0.023492
0.021410
-0.060692
0.407532
-0.058266
-0.067161
-0.996039
5.388895
---
0.551700
0.043125
0.011717
0.832845
-0.058904
-0.046593
-0.111240
0.027638
-0.013191
0.473201
-0.058904
-0.067101
-0.996006
5.406049
---
0.547700
0.042562
0.012130
0.835503
-0.051976
-0.014157
-0.007801
0.016053
0.167808
0.490405
-0.057835
-0.066892
-0.996083
5.423748
---
0.544107
0.041678
0.012719
0.837884
-0.043308
-0.013934
-0.007921
0.015273
0.087880
0.545092
-0.056003
-0.066668
-0.996202
5.439861
---
0.540277
0.041314
0.012946
0.840373
-0.042754
-0.013666
-0.007970
0.014084
0.130743
0.586221
-0.055450
-0.066400
-0.996251
5.457748
---
0.535588
0.040695
0.013360
0.843392
-0.046520
-0.002651
-0.009026
0.021239
0.079577
0.626917
-0.054333
-0.066128
-0.996331
5.473864
---
0.530421
0.040063
0.013911
0.846673
-0.039410
0.000347
0.003597
0.030911
0.097806
0.650983
-0.053082
-0.066059
-0.996403
5.491779
---
0.526288
0.039636
0.014311
0.849261
-0.038587
0.000378
0.003552
0.030110
0.115424
0.640756
-0.052259
-0.066028
-0.996448
5.507895
---
0.521949
0.039158
0.014500
0.851954
-0.041819
-0.034334
-0.015067
0.003431
0.073567
0.635234
-0.051585
-0.065584
-0.996513
5.525779
---
0.517580
0.038645
0.014673
0.854636
-0.040125
-0.026998
-0.007325
0.003373
0.083443
0.626581
-0.050867
-0.065084
-0.996583
5.541893
---
0.512333
0.038031
0.014885
0.857815
-0.039254
-0.026419
-0.007406
-0.004186
0.088863
0.614311
-0.049996
-0.064505
-0.996664
5.559719
---
0.508105
0.037508
0.014924
0.860348
-0.046443
-0.030593
-0.015296
-0.013525
0.077690
0.601912
-0.049373
-0.063796
-0.996741
5.575834
---
0.503825
0.036990
0.014976
0.862883
-0.044838
-0.027962
-0.010487
-0.015393
0.076267
0.610501
-0.048745
-0.063118
-0.996815
5.592867
---
0.499730
0.036472
0.015040
0.865282
-0.044178
-0.027324
-0.010559
-0.007862
0.085714
0.599070
-0.048085
-0.062480
-0.996887
5.610016
---
0.494735
0.035825
0.015138
0.868173
-0.044296
-0.026576
-0.009670
-0.013647
0.085242
0.577216
-0.047225
-0.061733
-0.996975
5.627720
---
0.490453
0.035263
0.015260
0.870620
-0.046434
-0.021122
-0.010719
-0.004889
0.079427
0.568409
-0.046434
-0.061161
-0.997047
5.643833
---
0.486706
0.034769
0.015386
0.872738
-0.045713
-0.020660
-0.010781
-0.004979
0.082825
0.564645
-0.045713
-0.060699
-0.997109
5.660864
---
0.482642
0.034216
0.015427
0.875013
-0.033269
-0.026825
-0.006948
-0.011701
0.070488
0.542548
-0.044987
-0.060028
-0.997182
5.678017
---
0.478136
0.033670
0.015511
0.877503
-0.040352
-0.019381
-0.014830
-0.008499
0.070066
0.553666
-0.044259
-0.059420
-0.997252
5.695720
---
0.474303
0.033167
0.015600
0.879598
-0.039642
-0.018868
-0.014891
-0.011980
0.073097
0.540402
-0.043548
-0.058907
-0.997313
5.711834
---
0.470573
0.032719
0.015621
0.881616
-0.037130
-0.029042
-0.010066
-0.011599
0.064630
0.532851
-0.042989
-0.058339
-0.997371
5.729716
---
0.466549
0.032218
0.015645
0.883770
-0.038439
-0.021586
-0.010130
-0.015161
0.069118
0.532642
-0.042345
-0.057719
-0.997434
5.745834
---
0.461866
0.031674
0.015697
0.886245
-0.033831
-0.017043
-0.010196
-0.004319
0.069634
0.517804
-0.041643
-0.057082
-0.997501
5.763749
---
0.458366
0.031253
0.015768
0.888074
-0.033241
-0.016618
-0.010245
-0.007880
0.065873
0.520736
-0.041053
-0.056657
-0.997549
5.779863
---
0.454698
0.030823
0.015814
0.889971
-0.034623
-0.023952
-0.017131
-0.011910
0.059889
0.517924
-0.040483
-0.056178
-0.997600
5.797719
---
0.450144
0.030273
0.015848
0.892302
-0.031945
-0.018430
-0.017196
-0.008352
0.066531
0.506029
-0.039758
-0.055540
-0.997665
5.814751
---
0.446635
0.029857
0.015887
0.894077
-0.031386
-0.017967
-0.017244
-0.004483
0.060370
0.493138
-0.039199
-0.055077
-0.997712
5.831689
---
0.443165
0.029446
0.015880
0.895816
-0.028915
-0.024276
-0.009480
-0.015428
0.059491
0.488402
-0.038681
-0.054550
-0.997762
5.847742
---
0.439455
0.029043
0.015879
0.897655
-0.031349
-0.015947
-0.010504
-0.013289
0.060929
0.475790
-0.038185
-0.054033
-0.997809
5.864744
---
0.435331
0.028595
0.015920
0.899675
-0.030755
-0.015457
-0.010553
-0.011803
0.048768
0.485003
-0.037591
-0.053543
-0.997858
5.882720
---
0.432732
0.028331
0.015909
0.900937
-0.034350
-0.021935
-0.014490
-0.012443
0.045307
0.471131
-0.037280
-0.053185
-0.997889
5.898834
---
0.428463
0.027806
0.015902
0.902991
-0.033662
-0.021296
-0.014549
-0.017789
0.055600
0.474420
-0.036591
-0.052546
-0.997948
5.915866
---
0.425100
0.027430
0.015881
0.904591
-0.025383
-0.020803
-0.011663
-0.023498
0.054781
0.464592
-0.036125
-0.052053
-0.997991
5.933689
---
0.420923
0.026987
0.015895
0.906555
-0.028712
-0.015406
-0.014640
-0.006352
0.056642
0.458746
-0.035548
-0.051539
-0.998038
5.950720
---
0.417664
0.026646
0.015909
0.908072
-0.024362
-0.015019
-0.007839
-0.006084
0.042932
0.443832
-0.035105
-0.051152
-0.998074
5.966836
---
0.414464
0.026349
0.015939
0.909545
-0.023978
-0.014704
-0.007869
-0.008415
0.044513
0.443830
-0.034720
-0.050836
-0.998103
5.983867
---
0.410852
0.025990
0.016013
0.911191
-0.029324
-0.011478
-0.011808
-0.001192
0.047439
0.427099
-0.034206
-0.050540
-0.998136
6.001021
---
0.407386
0.025608
0.016061
0.912756
-0.026825
-0.015028
-0.010868
-0.005162
0.052043
0.431837
-0.033661
-0.050185
-0.998173
6.018720
---
0.404295
0.025298
0.016100
0.914137
-0.026396
-0.014735
-0.010897
0.002357
0.053774
0.421398
-0.033232
-0.049891
-0.998202
6.034836
---
0.401293
0.024993
0.016174
0.915466
-0.024967
-0.010610
-0.012876
-0.000139
0.054046
0.408634
-0.032780
-0.049673
-0.998227
6.051898
---
0.397939
0.024630
0.016213
0.916938
-0.023477
-0.018086
-0.015839
-0.010255
0.044501
0.399744
-0.032266
-0.049336
-0.998261
6.069751
---
0.394631
0.024307
0.016214
0.918375
-0.023061
-0.017715
-0.015871
-0.006694
0.045314
0.402775
-0.031850
-0.048965
-0.998293
6.086720
---
0.391645
0.023930
0.016238
0.919662
-0.026415
-0.016385
-0.014929
-0.008956
0.056605
0.402253
-0.031298
-0.048612
-0.998327
6.102837
---
0.388826
0.023641
0.016235
0.920865
-0.019197
-0.009223
-0.011050
-0.005483
0.050023
0.384333
-0.030916
-0.048286
-0.998355
6.119867
---
0.385952
0.023378
0.016240
0.922080
-0.018858
-0.008933
-0.011075
-0.008841
0.042165
0.379254
-0.030577
-0.047996
-0.998379
6.137018
---
0.382418
0.023211
0.016111
0.923557
-0.019809
-0.021145
-0.010122
-0.014424
0.013596
0.437842
-0.030552
-0.047512
-0.998403
6.154720
---
0.379476
0.023139
0.015946
0.924775
-0.027765
-0.035336
-0.007210
-0.027424
0.003946
0.589816
-0.030695
-0.047055
-0.998421
6.170834
---
0.374051
0.022740
0.015751
0.926996
-0.007916
-0.019847
0.009343
-0.022075
0.087319
0.562770
-0.030377
-0.046214
-0.998470
6.188723
---
0.370005
0.022564
0.015505
0.928626
-0.007972
-0.019128
0.009312
-0.017322
-0.006833
0.425517
-0.030433
-0.045496
-0.998501
6.204834
---
0.366838
0.022311
0.015741
0.929884
-0.025063
0.034434
-0.000462
0.022622
0.044682
0.348490
-0.029946
-0.045644
-0.998509
6.222692
---
0.364198
0.022129
0.015960
0.930922
-0.023717
-0.008724
-0.012183
0.012396
0.039657
0.356832
-0.029576
-0.045834
-0.998511
6.239811
---
0.361283
0.021997
0.016069
0.932058
-0.023536
-0.008740
-0.012188
0.015898
0.023374
0.409701
-0.029396
-0.045850
-0.998516
6.256751
---
0.357784
0.021826
0.016044
0.933411
-0.019500
-0.030922
-0.013181
-0.007588
0.054515
0.511139
-0.029265
-0.045571
-0.998532
6.272867
---
0.351950
0.021629
0.015634
0.935638
-0.012867
-0.060106
-0.032755
-0.080849
-0.039074
0.647161
-0.029468
-0.044481
-0.998576
6.290844
---
0.347371
0.021506
0.014870
0.937363
-0.013385
-0.058444
-0.032812
-0.086268
-0.013781
0.570073
-0.029986
-0.042819
-0.998633
6.306960
---
0.344035
0.021790
0.014689
0.938589
0.002407
-0.006435
-0.015220
0.002215
-0.040440
0.399251
-0.030796
-0.042568
-0.998619
6.324022
---
0.341300
0.022100
0.014635
0.939581
-0.017868
0.024793
-0.002501
0.027884
-0.008322
0.332296
-0.031540
-0.042590
-0.998595
6.341171
---
0.338061
0.022394
0.014747
0.940742
-0.018492
0.024496
-0.002468
0.030078
-0.033300
0.362829
-0.032164
-0.042887
-0.998562
6.358722
---
0.335206
0.022521
0.014705
0.941761
-0.013029
-0.018381
-0.015155
0.009659
0.004925
0.385147
-0.032560
-0.042795
-0.998553
6.374839
---
0.332508
0.022456
0.014673
0.942719
0.020152
-0.022089
-0.004420
-0.010517
0.021869
0.361061
-0.032582
-0.042597
-0.998561
6.392752
---
0.328436
0.021522
0.014986
0.944162
0.021938
-0.021928
-0.004484
0.014912
0.253496
0.716959
-0.030796
-0.042436
-0.998624
6.408866
---
0.317478
0.020061
0.016120
0.947916
-0.211391
0.178380
0.029645
0.062927
-0.093876
1.228994
-0.027798
-0.043300
-0.998675
6.426751
---
0.308601
0.021507
0.016110
0.950812
-0.154980
0.092809
-0.144064
0.074051
0.029028
1.132778
-0.030956
-0.043909
-0.998556
6.442864
---
0.299901
0.020291
0.016970
0.953604
-0.152545
0.092182
-0.144108
0.063950
0.193009
1.167737
-0.028521
-0.044537
-0.998601
6.460844
---
0.292147
0.020458
0.015148
0.956034
-0.018547
-0.120020
-0.034837
-0.191134
-0.122085
0.982067
-0.030266
-0.040918
-0.998704
6.476959
---
0.283180
0.020477
0.013577
0.958752
0.012370
-0.071815
0.010973
-0.105121
-0.006350
0.932172
-0.031575
-0.037635
-0.998793
6.494724
---
0.277527
0.020484
0.012794
0.960414
0.011701
-0.070124
0.010932
-0.102624
-0.016261
0.882635
-0.032245
-0.035944
-0.998834
6.510840
---
0.270334
0.020579
0.012778
0.962462
0.014173
-0.001542
-0.004686
0.012245
-0.015252
0.700283
-0.032702
-0.035722
-0.998827
6.527960
---
0.265653
0.020917
0.012980
0.963754
0.008571
0.024414
-0.013436
0.048774
-0.012119
0.531041
-0.033421
-0.036133
-0.998788
6.545082
---
0.261925
0.021228
0.013223
0.964764
0.007959
0.023913
-0.013398
0.051312
-0.014518
0.463764
-0.034034
-0.036633
-0.998749
6.562720
---
0.257746
0.021152
0.013400
0.965888
-0.015398
0.007155
-0.000699
0.026061
0.010809
0.421210
-0.033953
-0.036791
-0.998746
6.579720
---
0.254516
0.021056
0.013615
0.966744
-0.020111
0.008856
-0.013391
0.027576
0.031296
0.421644
-0.033783
-0.037042
-0.998743
6.595745
---
0.250774
0.021058
0.013724
0.967719
-0.020202
0.008775
-0.013385
0.022314
0.002860
0.536686
-0.033874
-0.037124
-0.998736
6.612779
---
0.245891
0.020694
0.013670
0.968980
-0.045099
-0.014210
-0.018301
-0.003718
0.069032
0.627370
-0.033380
-0.036671
-0.998770
6.630598
---
0.240325
0.020506
0.013439
0.970383
-0.012830
-0.021292
-0.007587
-0.021414
0.009622
0.521360
-0.033338
-0.035940
-0.998798
6.646715
---
0.237120
0.020340
0.013330
0.971176
-0.005841
-0.003313
-0.005653
0.009286
0.028978
0.319495
-0.033185
-0.035540
-0.998817
6.664722
---
0.235246
0.020078
0.013406
0.971636
-0.005367
-0.003270
-0.005670
0.000492
0.033124
0.226134
-0.032711
-0.035497
-0.998834
6.680746
---
0.233076
0.019701
0.013442
0.972166
-0.033991
-0.009930
-0.017417
-0.002918
0.039038
0.208187
-0.032038
-0.035320
-0.998862
6.698753
---
0.231468
0.019251
0.013509
0.972558
-0.036074
-0.005891
-0.008659
-0.005355
0.075476
0.205516
-0.031191
-0.035188
-0.998894
6.714899
---
0.229958
0.018727
0.013611
0.972925
-0.035065
-0.005799
-0.008694
0.003056
0.058080
0.171770
-0.030182
-0.035096
-0.998928
6.732018
---
0.228664
0.018456
0.013614
0.973235
-0.020908
-0.014433
-0.018479
-0.005108
0.035240
0.170443
-0.029697
-0.034941
-0.998948
6.749083
---
0.227123
0.018149
0.013609
0.973602
-0.022325
-0.002517
-0.009713
0.001006
0.037727
0.167655
-0.029161
-0.034743
-0.998971
6.766232
---
0.225669
0.017914
0.013649
0.973944
-0.021900
-0.002445
-0.009728
0.002172
0.028425
0.166384
-0.028736
-0.034672
-0.998986
6.783265
---
0.224404
0.017617
0.013765
0.974240
-0.022292
-0.000550
-0.012672
0.007786
0.045875
0.156987
-0.028152
-0.034730
-0.999000
6.800418
---
0.223262
0.017341
0.013852
0.974506
-0.016870
0.002368
-0.013663
0.003450
0.046829
0.151722
-0.027612
-0.034741
-0.999015
6.816808
---
0.221986
0.017031
0.013961
0.974801
-0.016266
0.002329
-0.013678
0.010587
0.038745
0.154241
-0.027008
-0.034781
-0.999030
6.834601
---
0.220531
0.016766
0.014025
0.975135
-0.020654
-0.004475
-0.014669
0.003689
0.036464
0.155967
-0.026513
-0.034748
-0.999044
6.850716
---
0.219682
0.016563
0.014100
0.975329
-0.014394
0.005256
-0.004913
0.014205
0.046475
0.138900
-0.026113
-0.034783
-0.999054
6.867778
---
0.218302
0.016281
0.014271
0.975641
-0.013819
0.005082
-0.004922
0.006328
0.034594
0.129017
-0.025538
-0.034957
-0.999063
6.885266
---
0.217105
0.016260
0.014318
0.975908
-0.024542
-0.000828
-0.004921
0.008637
0.005982
0.143071
-0.025519
-0.035007
-0.999061
6.902389
---
0.215922
0.016106
0.014415
0.976171
-0.024245
-0.001895
-0.018597
0.007344
0.023683
0.135521
-0.025222
-0.035098
-0.999066
6.919726
---
0.215151
0.015989
0.014480
0.976343
-0.024014
-0.001952
-0.018601
0.007132
0.020691
0.133598
-0.024991
-0.035155
-0.999069
6.935838
---
0.213883
0.015780
0.014552
0.976623
-0.022645
-0.003922
-0.012750
0.000993
0.015490
0.132227
-0.024598
-0.035172
-0.999079
6.952872
---
0.212746
0.015598
0.014621
0.976874
-0.017416
-0.006883
-0.011781
0.002012
0.036629
0.123530
-0.024252
-0.035203
-0.999086
6.970025
---
0.211720
0.015532
0.014594
0.977098
-0.017340
-0.006777
-0.011787
0.002282
-0.009357
0.117090
-0.024175
-0.035097
-0.999092
6.987724
---
0.210984
0.015519
0.014613
0.977257
-0.027097
-0.001905
-0.016669
0.002254
0.002870
0.128837
-0.024168
-0.035108
-0.999091
7.003838
---
0.209726
0.015532
0.014640
0.977527
-0.025203
0.000022
-0.015690
0.008646
0.021445
0.117772
-0.024226
-0.035135
-0.999089
7.021631
---
0.208819
0.015239
0.014738
0.977725
-0.024623
-0.000027
-0.015703
0.007205
0.048950
0.121926
-0.023647
-0.035183
-0.999101
7.037747
---
0.207687
0.014286
0.015043
0.977975
-0.012906
0.000774
-0.005975
0.005422
0.179196
0.112351
-0.021695
-0.035359
-0.999139
7.055726
---
0.207022
0.014350
0.015026
0.978116
-0.010132
-0.007017
0.030160
-0.002455
-0.068402
0.114472
-0.021851
-0.035337
-0.999137
7.071840
---
0.205930
0.014375
0.015004
0.978346
-0.010228
-0.006959
0.030160
0.000494
-0.012892
0.107643
-0.021947
-0.035280
-0.999136
7.088870
---
0.204901
0.014665
0.014974
0.978558
-0.015729
0.003747
-0.015723
0.006621
-0.051639
0.116699
-0.022565
-0.035315
-0.999121
7.106021
---
0.203836
0.013973
0.015227
0.978787
0.006198
0.009416
-0.022583
0.009125
-0.023044
0.130148
-0.021146
-0.035506
-0.999146
7.123724
---
0.202905
0.014415
0.015233
0.978974
0.005301
0.009245
-0.022558
0.016525
0.020303
0.105760
-0.022043
-0.035677
-0.999120
7.139840
---
0.202022
0.014420
0.015310
0.979155
-0.006429
0.000324
0.008697
0.013850
-0.011558
0.123485
-0.022054
-0.035808
-0.999115
7.156931
---
0.200684
0.014484
0.015351
0.979429
-0.011468
0.007085
-0.019617
0.007303
-0.009025
0.148094
-0.022210
-0.035884
-0.999109
7.174054
---
0.199584
0.014244
0.015447
0.979655
-0.019791
-0.015443
-0.006930
-0.000436
0.034176
0.119674
-0.021744
-0.035951
-0.999117
7.191937
---
0.198679
0.014016
0.015445
0.979843
-0.019375
-0.015330
-0.006943
-0.001585
0.036055
0.114200
-0.021328
-0.035838
-0.999130
7.208052
---
0.197715
0.013844
0.015494
0.980039
-0.016124
0.002242
-0.004019
0.000457
0.011053
0.128312
-0.021007
-0.035844
-0.999137
7.225085
---
0.196517
0.013649
0.015548
0.980282
-0.015766
-0.003622
-0.015746
0.000303
0.022247
0.165566
-0.020649
-0.035849
-0.999144
7.242233
---
0.195043
0.013629
0.015565
0.980576
-0.015775
-0.003615
-0.015746
0.002754
0.008745
0.136202
-0.020657
-0.035842
-0.999144
7.260731
---
0.194073
0.013553
0.015636
0.980769
-0.012702
0.008012
-0.010862
0.009402
0.018204
0.131026
-0.020515
-0.035934
-0.999144
7.275839
---
0.192998
0.013409
0.015721
0.980981
-0.016335
0.002066
-0.017701
0.012836
0.015673
0.136903
-0.020241
-0.036020
-0.999146
7.292870
---
0.191931
0.013186
0.015809
0.981192
-0.015903
0.002001
-0.017707
0.006521
0.040974
0.133660
-0.019809
-0.036085
-0.999152
7.310022
---
0.190757
0.013037
0.015882
0.981422
-0.004883
0.001937
-0.007945
0.007916
0.015840
0.114879
-0.019531
-0.036149
-0.999156
7.327724
---
0.189938
0.013073
0.015911
0.981580
-0.012785
-0.001045
-0.011847
0.004413
-0.039130
0.098074
-0.019621
-0.036202
-0.999152
7.343842
---
0.189063
0.013135
0.015908
0.981748
-0.012940
-0.001045
-0.011844
0.006903
-0.000990
0.111613
-0.019776
-0.036202
-0.999149
7.360870
---
0.188267
0.012966
0.015958
0.981903
-0.004807
0.002844
-0.005990
0.002027
0.056807
0.091917
-0.019456
-0.036218
-0.999155
7.378024
---
0.187741
0.012527
0.016105
0.982007
0.016599
0.005660
-0.002097
0.010570
0.034718
0.040526
-0.018557
-0.036332
-0.999167
7.395725
---
0.187426
0.012192
0.016210
0.982069
0.017284
0.005583
-0.002107
0.009123
0.073249
0.041292
-0.017873
-0.036410
-0.999177
7.411839
---
0.187089
0.011619
0.016328
0.982139
-0.010854
0.000687
0.007639
0.002424
0.086004
0.039823
-0.016713
-0.036422
-0.999197
7.429512
---
0.186733
0.011112
0.016435
0.982210
-0.010809
0.001651
-0.019721
0.004159
0.046992
0.039705
-0.015692
-0.036434
-0.999213
7.445537
---
0.186367
0.010721
0.016524
0.982283
-0.010019
0.001628
-0.019732
-0.007160
0.044801
0.024157
-0.014902
-0.036457
-0.999224
7.462719
---
0.186538
0.010152
0.016636
0.982254
-0.011785
-0.005219
-0.005100
-0.002473
0.087526
-0.039807
-0.013738
-0.036469
-0.999240
7.480725
---
0.186896
0.009568
0.016907
0.982188
0.000222
0.025712
-0.009987
0.019517
0.076204
-0.050300
-0.012474
-0.036788
-0.999245
7.497207
---
0.187312
0.008903
0.017212
0.982109
0.001654
0.025358
-0.009991
0.018964
0.056986
-0.030040
-0.011041
-0.037142
-0.999249
7.514721
---
0.186953
0.008468
0.017413
0.982178
-0.013057
0.000714
-0.009992
0.014770
0.053517
0.090507
-0.010127
-0.037372
-0.999250
7.531510
---
0.186147
0.008402
0.017358
0.982333
-0.039345
-0.021607
-0.047108
-0.004476
0.014440
0.099321
-0.010048
-0.037232
-0.999256
7.547628
---
0.185389
0.008211
0.017332
0.982478
-0.011662
-0.001943
-0.017819
-0.004506
0.019495
0.097675
-0.009709
-0.037099
-0.999264
7.564718
---
0.184470
0.007986
0.017343
0.982653
-0.011249
-0.001874
-0.017826
-0.000802
0.021487
0.096644
-0.009296
-0.037030
-0.999271
7.583703
---
0.183885
0.007669
0.017408
0.982764
-0.008673
0.003978
-0.008065
-0.003766
0.057826
0.067461
-0.008673
-0.037037
-0.999276
7.598808
---
0.183290
0.007131
0.017529
0.982877
-0.011497
-0.002892
-0.010026
-0.001081
0.061422
0.089054
-0.007591
-0.037071
-0.999284
7.616757
---
0.182585
0.006786
0.017555
0.983010
-0.010837
-0.002814
-0.010034
-0.003555
0.045841
0.091305
-0.006931
-0.036994
-0.999292
7.633509
---
0.181696
0.006386
0.017558
0.983177
-0.016920
-0.002665
-0.008091
0.000726
0.032547
0.117751
-0.006177
-0.036845
-0.999302
7.649538
---
0.180998
0.006161
0.017590
0.983307
0.015733
0.006146
-0.008094
-0.002982
0.048133
0.086453
-0.005751
-0.036823
-0.999305
7.666687
---
0.180241
0.005905
0.017685
0.983446
0.016245
0.006053
-0.008094
0.002333
0.005868
0.073246
-0.005239
-0.036916
-0.999305
7.683810
---
0.179864
0.005676
0.017720
0.983515
-0.007721
-0.000765
-0.023722
-0.001172
0.048619
0.032796
-0.004792
-0.036898
-0.999308
7.700934
---
0.179685
0.005290
0.017823
0.983549
-0.003998
0.002101
-0.014934
0.008396
0.040417
0.002453
-0.003998
-0.036962
-0.999309
7.718726
---
0.179754
0.005310
0.017839
0.983535
-0.004035
0.002060
-0.014932
0.002146
-0.039192
-0.015700
-0.004035
-0.037002
-0.999307
7.734842
---
0.179887
0.005740
0.017895
0.983508
-0.005832
0.014492
-0.020778
0.020597
-0.012876
-0.016465
-0.004856
-0.037266
-0.999294
7.751875
---
0.180136
0.006321
0.017941
0.983458
0.001845
0.004428
-0.031503
0.004552
-0.116695
-0.031032
-0.005968
-0.037565
-0.999276
7.769025
---
0.181303
0.007928
0.017718
0.983236
-0.001352
0.004274
-0.031473
0.024533
-0.204898
-0.197690
-0.009165
-0.037718
-0.999246
7.786727
---
0.183332
0.009083
0.017688
0.982850
-0.002583
0.023423
-0.040225
0.035432
-0.078914
-0.236971
-0.011372
-0.038100
-0.999209
7.802843
---
0.184245
0.009027
0.017424
0.982684
-0.000583
-0.036596
0.031044
-0.051129
0.009704
-0.022991
-0.011325
-0.037573
-0.999230
7.820848
---
0.183829
0.008612
0.017115
0.982771
0.000108
-0.035832
0.031008
-0.066778
0.056405
0.061786
-0.010634
-0.036808
-0.999266
7.836963
---
0.183161
0.008421
0.016468
0.982909
-0.008571
-0.062804
0.013380
-0.068485
-0.061197
0.081544
-0.010524
-0.035460
-0.999316
7.854727
---
0.182828
0.008594
0.015987
0.982977
-0.002261
-0.012113
-0.002271
-0.044789
-0.050300
0.049468
-0.011050
-0.034574
-0.999341
7.870842
---
0.182734
0.008491
0.015715
0.983000
-0.002159
-0.011538
-0.002292
-0.022169
0.016401
-0.009042
-0.010948
-0.033999
-0.999362
7.888788
---
0.182990
0.008634
0.015557
0.982954
0.007276
-0.000540
0.015282
-0.023079
-0.092609
-0.042451
-0.011279
-0.033743
-0.999367
7.904900
---
0.183187
0.008555
0.015500
0.982919
-0.018953
0.004481
0.009416
-0.007073
0.034433
-0.026991
-0.011140
-0.033605
-0.999373
7.922696
---
0.183101
0.008559
0.015485
0.982935
-0.018971
0.004510
0.009415
-0.005028
0.021316
0.031303
-0.011158
-0.033576
-0.999374
7.938809
---
0.182699
0.008492
0.015455
0.983011
-0.030579
-0.005170
-0.036487
-0.012260
-0.034279
0.043480
-0.011048
-0.033490
-0.999378
7.956727
---
0.182512
0.008408
0.015508
0.983045
0.006706
0.010386
-0.015979
0.006945
0.023227
0.018818
-0.010872
-0.033559
-0.999378
7.972843
---
0.182056
0.008280
0.015622
0.983129
-0.021336
0.002402
-0.018906
0.006476
0.022215
0.057529
-0.010594
-0.033731
-0.999375
7.990727
---
0.181591
0.008146
0.015741
0.983214
-0.021043
0.002222
-0.018903
-0.000001
-0.000190
0.060771
-0.010301
-0.033911
-0.999372
8.006842
---
0.180859
0.008230
0.015757
0.983348
-0.002674
-0.002717
-0.022806
0.002102
-0.029211
0.090811
-0.010487
-0.033967
-0.999368
8.024757
---
0.180376
0.008411
0.015832
0.983434
-0.003998
0.028327
-0.014006
0.021660
-0.004336
0.051535
-0.010834
-0.034173
-0.999357
8.040871
---
0.179916
0.008323
0.016013
0.983516
-0.003774
0.028010
-0.013997
0.018787
0.009209
0.062817
-0.010610
-0.034490
-0.999349
8.058299
---
0.179241
0.008189
0.016222
0.983637
-0.001506
-0.001646
-0.007152
0.013433
-0.001630
0.072301
-0.010295
-0.034849
-0.999340
8.075422
---
0.178677
0.008311
0.016288
0.983738
-0.009554
0.002092
-0.015933
0.012410
0.008509
0.077429
-0.010531
-0.035017
-0.999331
8.092329
---
0.177792
0.008348
0.016384
0.983896
-0.009626
0.001901
-0.015925
0.018309
-0.023143
0.104132
-0.010602
-0.035209
-0.999324
8.109971
---
0.176721
0.009147
0.016428
0.984081
-0.000480
0.013260
-0.026637
0.018792
-0.074996
0.137244
-0.012199
-0.035568
-0.999293
8.126697
---
0.175597
0.009660
0.016344
0.984279
-0.033782
-0.023850
-0.006115
-0.004979
-0.057572
0.157468
-0.013275
-0.035569
-0.999279
8.142720
---
0.174373
0.009178
0.016387
0.984501
-0.032865
-0.023750
-0.006130
-0.006190
-0.013164
0.135209
-0.012357
-0.035469
-0.999294
8.159754
---
0.173519
0.009593
0.016333
0.984648
-0.026899
0.008453
-0.094009
0.004114
-0.048292
0.097518
-0.013227
-0.035493
-0.999282
8.176903
---
0.172761
0.009908
0.016361
0.984778
-0.005072
0.009275
-0.016846
0.015754
-0.000648
0.073906
-0.013861
-0.035647
-0.999268
8.195704
---
0.172179
0.009911
0.016446
0.984878
-0.005072
0.009114
-0.016841
0.006913
0.004058
0.063516
-0.013861
-0.035808
-0.999263
8.210813
---
0.171703
0.009654
0.016550
0.984962
0.003268
0.005096
-0.008055
0.019009
0.179960
0.053668
-0.013334
-0.035919
-0.999266
8.227870
---
0.171532
0.009149
0.016624
0.984996
0.013070
-0.005617
0.037830
-0.012948
-0.023990
0.017296
-0.012320
-0.035890
-0.999280
8.244906
---
0.171436
0.009283
0.016546
0.985013
0.012776
-0.005504
0.037829
-0.014019
-0.032367
0.002361
-0.012615
-0.035777
-0.999280
8.262725
---
0.172424
0.009978
0.016444
0.984835
0.010430
0.014950
-0.038323
-0.001645
-0.011973
-0.151303
-0.013984
-0.035832
-0.999260
8.279726
---
0.173640
0.010542
0.016447
0.984616
0.054285
0.027428
-0.002166
0.020373
-0.105195
-0.141736
-0.015051
-0.036049
-0.999237
8.296728
---
0.174044
0.011335
0.016442
0.984535
0.052740
0.027154
-0.002132
-0.004515
-0.038184
0.029867
-0.016596
-0.036322
-0.999202
8.312846
---
0.173574
0.011349
0.016465
0.984618
-0.068390
-0.029528
-0.006036
0.008971
0.014609
0.063256
-0.016632
-0.036364
-0.999200
8.330757
---
0.172941
0.011197
0.016506
0.984730
-0.004624
-0.006105
-0.009947
0.001933
0.015011
0.064198
-0.016343
-0.036378
-0.999204
8.346812
---
0.172287
0.011023
0.016561
0.984846
-0.004286
-0.006144
-0.009951
-0.010698
0.030398
0.118091
-0.016005
-0.036417
-0.999209
8.363936
---
0.171613
0.011308
0.016405
0.984963
-0.025433
-0.014713
-0.018737
-0.009142
-0.054798
0.070868
-0.016644
-0.036198
-0.999206
8.381362
---
0.171131
0.011684
0.016339
0.985043
0.009917
0.012637
-0.007005
0.007839
-0.051845
0.061657
-0.017427
-0.036191
-0.999193
8.398485
---
0.170515
0.012075
0.016308
0.985146
-0.008465
-0.000116
-0.013825
0.003300
-0.034493
0.067377
-0.018230
-0.036249
-0.999177
8.415027
---
0.169710
0.012284
0.016300
0.985283
-0.008909
-0.000157
-0.013815
0.009444
-0.014538
0.123742
-0.018675
-0.036290
-0.999167
8.432149
---
0.168769
0.012095
0.016268
0.985447
-0.046666
-0.020521
-0.013827
-0.007703
0.032232
0.102035
-0.018345
-0.036146
-0.999178
8.449270
---
0.168242
0.011972
0.016271
0.985539
0.042425
0.022495
-0.012856
0.010054
-0.011273
0.038031
-0.018121
-0.036099
-0.999184
8.466391
---
0.167793
0.012250
0.016329
0.985611
0.041879
0.022297
-0.012839
0.014725
-0.034107
0.049059
-0.018668
-0.036296
-0.999167
8.483515
---
0.167052
0.012535
0.016321
0.985733
-0.014375
-0.001209
-0.015755
0.010036
-0.033630
0.085026
-0.019258
-0.036366
-0.999153
8.499630
---
0.166500
0.012935
0.016377
0.985821
0.009246
0.019069
-0.001082
0.020997
-0.040844
0.067352
-0.020051
-0.036595
-0.999129
8.516755
---
0.166003
0.013277
0.016441
0.985899
0.008574
0.018837
-0.001060
0.018277
-0.049950
0.072591
-0.020723
-0.036827
-0.999107
8.533876
---
0.165199
0.013999
0.016405
0.986024
0.003203
0.000133
-0.014695
0.018987
-0.082612
0.089512
-0.022188
-0.036976
-0.999070
8.550995
---
0.164524
0.014581
0.016393
0.986129
-0.006763
0.001933
-0.017592
0.011392
-0.056215
0.077886
-0.023364
-0.037130
-0.999037
8.568119
---
0.163888
0.014644
0.016465
0.986233
-0.006886
0.001785
-0.017584
0.013804
-0.008135
0.077539
-0.023488
-0.037278
-0.999029
8.585240
---
0.163234
0.014718
0.016516
0.986339
0.000771
0.002655
-0.009763
0.008095
-0.002485
0.103769
-0.023643
-0.037384
-0.999021
8.602365