---
0.999559
0.019615
-0.000953
-0.022266
-0.000071
-0.001172
-0.008994
0.019567
-0.008801
0.031105
-0.001047
-0.039258
-0.999229
0.000000
---
0.999576
0.019096
-0.000722
-0.021991
-0.001577
-0.003051
-0.009035
-0.022704
0.013524
0.014184
-0.000600
-0.038207
-0.999270
0.067482
---
0.999583
0.018932
-0.000657
-0.021796
-0.000487
-0.000768
-0.015884
-0.016972
0.002543
0.015304
-0.000487
-0.037877
-0.999282
0.084606
---
0.999583
0.018932
-0.000669
-0.021786
-0.000515
-0.000766
-0.015884
0.020242
-0.020107
0.009834
-0.000515
-0.037875
-0.999282
0.101728
---
0.999583
0.019040
-0.000782
-0.021706
0.005110
0.001939
-0.009039
0.005560
-0.005653
0.021949
-0.000749
-0.038100
-0.999274
0.118853
---
0.999586
0.019298
-0.001099
-0.021335
0.004483
0.001412
-0.009018
0.033838
-0.033086
0.037511
-0.001377
-0.038627
-0.999253
0.136705
---
0.999587
0.019488
-0.001233
-0.021104
-0.003611
0.001025
-0.009980
0.022544
-0.001101
0.019120
-0.001657
-0.039014
-0.999237
0.152822
---
0.999586
0.019576
-0.001208
-0.021050
-0.003551
0.000852
-0.009973
-0.010506
-0.008400
0.000302
-0.001598
-0.039187
-0.999231
0.169944
---
0.999584
0.019529
-0.001280
-0.021181
0.002159
-0.001986
-0.012906
-0.002578
-0.015855
-0.036683
-0.001747
-0.039095
-0.999234
0.187064
---
0.999577
0.019534
-0.001125
-0.021518
-0.007286
-0.000037
-0.015836
0.004701
0.026187
-0.041934
-0.001427
-0.039100
-0.999234
0.204185
---
0.999570
0.019537
-0.000992
-0.021832
-0.006996
-0.000038
-0.015836
-0.003176
0.020113
-0.048894
-0.001136
-0.039100
-0.999235
0.220309
---
0.999565
0.019524
-0.000810
-0.022068
-0.002736
-0.000004
-0.008025
-0.004318
0.020324
0.024053
-0.000783
-0.039066
-0.999236
0.237426
---
0.999601
0.019760
-0.000323
-0.020194
-0.000934
0.002472
-0.011914
0.015206
0.012971
0.093084
0.000043
-0.039520
-0.999219
0.305911
---
0.999618
0.019870
-0.000244
-0.019210
-0.000821
0.002257
-0.011906
0.000518
0.007174
0.101826
0.000156
-0.039735
-0.999210
0.323031
---
0.999634
0.019861
-0.000211
-0.018389
0.000246
-0.000653
-0.009953
0.001911
0.008148
0.103360
0.000246
-0.039715
-0.999211
0.340154
---
0.999650
0.019748
-0.000000
-0.017585
-0.000585
-0.004332
-0.010939
-0.016740
0.006476
0.099873
0.000391
-0.039488
-0.999220
0.357276
---
0.999674
0.019550
-0.000000
-0.016432
0.001379
-0.000031
-0.009978
-0.001844
0.002183
0.034244
0.000402
-0.039093
-0.999236
0.390514
---
0.999681
0.019427
-0.000173
-0.016108
0.002206
-0.000761
-0.009987
-0.011850
-0.004871
-0.001107
0.000253
-0.038847
-0.999245
0.407638
---
0.999682
0.019450
-0.000211
-0.016079
0.002154
-0.000808
-0.009986
0.031457
-0.007109
0.007082
0.000201
-0.038893
-0.999243
0.424757
---
0.999675
0.019700
-0.000366
-0.016182
0.003830
0.005522
-0.008013
0.027040
-0.014679
-0.019888
-0.000077
-0.039400
-0.999224
0.441878
---
0.999669
0.019819
-0.000299
-0.016416
-0.002865
0.000403
-0.008003
0.010489
0.003798
-0.035064
0.000065
-0.039636
-0.999214
0.459002
---
0.999662
0.019884
-0.000299
-0.016741
-0.001842
-0.000703
-0.011904
-0.000231
-0.001037
-0.032206
0.000111
-0.039765
-0.999209
0.476125
---
0.999654
0.019826
-0.000173
-0.017288
0.001271
-0.001559
-0.009956
-0.008454
0.002673
-0.024725
0.000294
-0.039645
-0.999214
0.509362
---
0.999652
0.019728
-0.000000
-0.017528
0.001338
-0.001361
-0.009964
-0.026818
0.012773
-0.032066
0.000361
-0.039447
-0.999222
0.526485
---
0.999647
0.019579
-0.000000
-0.017946
-0.003254
-0.003990
-0.011929
-0.008961
0.008173
-0.045329
0.000653
-0.039146
-0.999233
0.543608
---
0.999644
0.019531
-0.000000
-0.018199
-0.000268
0.000991
-0.008026
-0.006809
0.003835
-0.045979
0.000709
-0.039048
-0.999237
0.560730
---
0.999642
0.019438
0.000000
-0.018403
0.002688
-0.001753
-0.009010
-0.015327
0.000193
-0.014038
0.000735
-0.038862
-0.999244
0.577852
---
0.999645
0.019375
0.000000
-0.018298
0.002707
-0.001626
-0.009015
-0.003244
-0.007799
0.012052
0.000754
-0.038735
-0.999249
0.594993
---
0.999647
0.019363
0.000000
-0.018176
-0.000227
0.001329
-0.011945
-0.001801
0.000665
0.036348
0.000749
-0.038710
-0.999250
0.612095
---
0.999650
0.019449
0.000000
-0.017933
0.005583
0.004085
-0.008033
0.020882
-0.008860
0.031551
0.000701
-0.038884
-0.999243
0.629219
---
0.999651
0.019611
-0.000122
-0.017705
0.005330
0.003755
-0.008020
0.017338
-0.011707
0.018731
0.000447
-0.039214
-0.999231
0.645333
---
0.999649
0.019736
-0.000211
-0.017647
0.000127
0.001549
-0.009963
-0.006819
-0.007935
-0.013719
0.000127
-0.039467
-0.999221
0.679576
---
0.999648
0.019696
-0.000366
-0.017756
0.001933
-0.002283
-0.007036
0.002945
-0.010864
-0.014551
-0.000020
-0.039392
-0.999224
0.696702
---
0.999644
0.019739
-0.000518
-0.017968
0.005475
0.002509
-0.004103
0.006969
-0.019679
-0.016390
-0.000384
-0.039484
-0.999220
0.713820
---
0.999639
0.019824
-0.000732
-0.018103
0.007065
0.002333
-0.008979
0.008527
-0.027566
-0.020577
-0.000747
-0.039659
-0.999213
0.730945
---
0.999633
0.019922
-0.000938
-0.018330
0.006655
0.002128
-0.008970
0.012971
-0.020140
-0.033919
-0.001157
-0.039865
-0.999204
0.748066
---
0.999628
0.019990
-0.001057
-0.018512
0.001560
0.001012
-0.012870
0.005330
-0.013276
-0.011572
-0.001370
-0.040003
-0.999199
0.765190
---
0.999626
0.019993
-0.001078
-0.018615
-0.001411
0.000027
-0.008964
0.000281
-0.004184
-0.019429
-0.001411
-0.040012
-0.999198
0.781301
---
0.999625
0.019971
-0.001105
-0.018711
-0.001467
0.000070
-0.008965
-0.013014
-0.012037
-0.004859
-0.001467
-0.039969
-0.999200
0.798426
---
0.999627
0.019883
-0.001164
-0.018685
0.003273
-0.003662
-0.003113
-0.007122
-0.010315
0.017394
-0.001610
-0.039795
-0.999207
0.815545
---
0.999633
0.019737
-0.001215
-0.018511
0.001223
-0.003373
-0.008007
-0.021229
-0.000837
0.050160
-0.001707
-0.039505
-0.999218
0.832667
---
0.999643
0.019588
-0.001245
-0.018150
0.001148
-0.003074
-0.008019
-0.012946
-0.000967
0.042930
-0.001781
-0.039207
-0.999230
0.849790
---
0.999652
0.019475
-0.001269
-0.017751
0.001079
-0.000896
-0.011934
-0.008423
-0.005635
0.041083
-0.001851
-0.038982
-0.999238
0.866914
---
0.999655
0.019575
-0.001215
-0.017453
0.000208
0.003789
-0.008020
0.015536
0.011513
0.024836
-0.001745
-0.039180
-0.999231
0.884035
---
0.999659
0.019555
-0.001184
-0.017237
0.000240
0.003830
-0.008021
-0.014156
-0.000444
0.024749
-0.001713
-0.039139
-0.999232
0.901157
---
0.999662
0.019508
-0.001112
-0.017152
-0.002543
-0.002907
-0.007049
-0.009562
0.010213
-0.003534
-0.001567
-0.039040
-0.999236
0.917273
---
0.999660
0.019438
-0.000961
-0.017346
-0.004162
-0.000810
-0.010961
-0.006992
0.024049
-0.037125
-0.001233
-0.038896
-0.999242
0.934392
---
0.999656
0.019442
-0.000889
-0.017575
0.000847
0.003090
-0.009985
0.004256
0.004077
-0.026685
-0.001106
-0.038902
-0.999242
0.951517
---
0.999652
0.019552
-0.000837
-0.017691
0.000967
0.002872
-0.009976
0.016284
0.007728
-0.005629
-0.000986
-0.039120
-0.999234
0.968642
---
0.999652
0.019527
-0.000930
-0.017698
0.004697
-0.000988
-0.009978
-0.003970
-0.009889
0.006790
-0.001162
-0.039074
-0.999236
0.985761
---
0.999654
0.019525
-0.001036
-0.017598
0.004456
0.000967
-0.008025
0.000590
-0.007352
0.015271
-0.001403
-0.039072
-0.999235
1.002883
---
0.999657
0.019514
-0.001112
-0.017427
0.004309
0.000986
-0.008025
-0.000506
-0.009829
0.019419
-0.001550
-0.039053
-0.999236
1.020003
---
0.999662
0.019423
-0.001132
-0.017269
-0.000617
-0.002740
-0.011938
-0.012747
0.000954
0.015738
-0.001594
-0.038872
-0.999243
1.037126
---
0.999666
0.019335
-0.001119
-0.017113
0.000338
-0.004515
-0.007062
-0.021710
0.002625
0.028455
-0.001616
-0.038695
-0.999250
1.053243
---
0.999673
0.019149
-0.001145
-0.016893
0.000294
-0.004147
-0.007076
-0.013240
-0.008815
0.018152
-0.001659
-0.038327
-0.999264
1.070363
---
0.999678
0.019021
-0.001171
-0.016779
0.004144
-0.000958
-0.011969
-0.018806
0.002648
0.023304
-0.001716
-0.038067
-0.999274
1.087489
---
0.999681
0.018943
-0.001202
-0.016654
0.000171
0.000172
-0.009045
-0.004690
-0.003467
0.008847
-0.001782
-0.037914
-0.999279
1.104608
---
0.999683
0.018878
-0.001202
-0.016615
0.000182
0.000301
-0.009050
-0.011327
0.002424
0.007448
-0.001772
-0.037785
-0.999284
1.121732
---
0.999685
0.018786
-0.001057
-0.016596
-0.006373
-0.001463
-0.011987
-0.008563
0.012007
0.010568
-0.001490
-0.037595
-0.999292
1.138851
---
0.999684
0.018873
-0.000984
-0.016581
0.001576
0.006179
-0.007098
0.013615
0.009767
0.007327
-0.001354
-0.037767
-0.999286
1.155975
---
0.999681
0.018985
-0.000938
-0.016610
0.001695
0.005957
-0.007090
0.006842
0.010731
-0.000534
-0.001235
-0.037988
-0.999277
1.173097
---
0.999680
0.019025
-0.000946
-0.016633
0.000683
0.000015
-0.010993
0.003623
-0.000707
-0.013813
-0.001270
-0.038071
-0.999274
1.190217
---
0.999681
0.018951
-0.000946
-0.016655
0.003613
-0.002766
-0.010022
-0.010722
-0.000405
-0.000343
-0.001269
-0.037922
-0.999280
1.206335
---
0.999683
0.018912
-0.000992
-0.016616
0.003535
-0.002689
-0.010025
-0.007716
-0.005956
0.000658
-0.001348
-0.037845
-0.999283
1.223456
---
0.999683
0.018928
-0.001043
-0.016543
0.006342
0.001184
-0.013930
-0.002345
-0.010685
0.011320
-0.001471
-0.037879
-0.999281
1.240583
---
0.999685
0.018936
-0.001078
-0.016446
-0.003502
0.001166
-0.010023
-0.000647
-0.001504
0.010536
-0.001548
-0.037897
-0.999281
1.257702
---
0.999687
0.018983
-0.001036
-0.016264
-0.003420
0.001074
-0.010019
0.015996
0.009754
0.009004
-0.001467
-0.037988
-0.999277
1.274824
---
0.999687
0.019116
-0.000961
-0.016092
-0.003264
0.003741
-0.010010
0.009229
0.000868
0.029482
-0.001311
-0.038251
-0.999267
1.291944
---
0.999690
0.019159
-0.000913
-0.015881
-0.003195
0.003657
-0.010006
0.008118
0.008882
0.017189
-0.001241
-0.038335
-0.999264
1.309073
---
0.999691
0.019189
-0.000846
-0.015756
0.000840
0.001646
-0.009028
0.006800
0.002730
0.009908
-0.001113
-0.038393
-0.999262
1.326189
---
0.999691
0.019235
-0.000905
-0.015743
0.006602
0.000576
-0.011954
-0.001108
-0.009693
0.003386
-0.001211
-0.038487
-0.999258
1.359426
---
0.999690
0.019196
-0.000922
-0.015801
-0.004176
-0.001299
-0.010980
-0.006905
0.012964
-0.012071
-0.001246
-0.038408
-0.999261
1.376550
---
0.999690
0.019148
-0.000880
-0.015897
-0.004091
-0.001203
-0.010984
-0.007574
0.007904
-0.010781
-0.001161
-0.038312
-0.999265
1.393668
---
0.999689
0.019073
-0.000752
-0.016040
-0.005761
-0.001050
-0.011967
-0.007045
0.006260
-0.013514
-0.000878
-0.038159
-0.999271
1.410790
---
0.999689
0.019053
-0.000634
-0.016109
-0.002607
0.001925
-0.010992
-0.000783
0.010172
-0.008038
-0.000654
-0.038114
-0.999273
1.427918
---
0.999689
0.019075
-0.000532
-0.016053
-0.002423
0.001882
-0.010990
-0.001125
0.018550
0.011587
-0.000470
-0.038157
-0.999272
1.445036
---
0.999689
0.019162
-0.000573
-0.015959
0.004331
0.002685
-0.008054
0.012462
-0.005778
0.015450
-0.000552
-0.038331
-0.999265
1.462158
---
0.999689
0.019274
-0.000573
-0.015829
0.002376
0.004414
-0.009022
0.012443
-0.008392
0.022288
-0.000553
-0.038555
-0.999256
1.478274
---
0.999685
0.019421
-0.000598
-0.015869
0.002385
0.004121
-0.009011
0.014595
0.004509
-0.005876
-0.000544
-0.038847
-0.999245
1.495396
---
0.999685
0.019511
-0.000610
-0.015800
0.002301
0.001987
-0.011933
0.005928
-0.006399
0.014420
-0.000629
-0.039029
-0.999238
1.512574
---
0.999684
0.019585
-0.000610
-0.015774
-0.004475
-0.000114
-0.010951
0.010189
0.008467
0.002330
-0.000568
-0.039177
-0.999232
1.529641
---
0.999682
0.019583
-0.000585
-0.015879
-0.004441
-0.000110
-0.010951
-0.003067
-0.003921
-0.007549
-0.000535
-0.039172
-0.999232
1.546761
---
0.999681
0.019596
-0.000634
-0.015907
0.006197
-0.000136
-0.011927
0.000538
-0.008408
-0.011565
-0.000639
-0.039199
-0.999231
1.563881
---
0.999680
0.019575
-0.000634
-0.015999
-0.000653
-0.001071
-0.008022
-0.010034
-0.006696
-0.013931
-0.000653
-0.039157
-0.999233
1.582012
---
0.999681
0.019571
-0.000657
-0.015960
-0.000687
-0.001067
-0.008022
0.010630
-0.008426
0.006258
-0.000687
-0.039153
-0.999233
1.598128
---
0.999681
0.019709
-0.000743
-0.015793
0.004986
0.005494
-0.008988
0.015289
-0.004649
0.023888
-0.000873
-0.039428
-0.999222
1.615250
---
0.999683
0.019715
-0.000722
-0.015655
-0.002774
-0.003307
-0.010940
-0.007956
0.003644
0.022311
-0.000821
-0.039440
-0.999222
1.631366
---
0.999686
0.019700
-0.000691
-0.015447
-0.002704
-0.003276
-0.010942
0.010332
-0.000003
0.016831
-0.000751
-0.039409
-0.999223
1.648486
---
0.999688
0.019777
-0.000691
-0.015239
0.002135
0.002428
-0.009959
0.012308
-0.001133
0.029680
-0.000795
-0.039564
-0.999217
1.665610
---
0.999691
0.019737
-0.000669
-0.015077
0.000227
-0.003350
-0.006056
-0.008552
-0.000107
0.012304
-0.000749
-0.039483
-0.999220
1.682735
---
0.999696
0.019580
-0.000622
-0.014962
-0.001658
-0.003034
-0.013881
-0.008290
0.010591
0.001064
-0.000682
-0.039167
-0.999232
1.716733
---
0.999696
0.019624
-0.000559
-0.014922
0.000363
0.003714
-0.009971
0.000155
0.004306
0.001547
-0.000614
-0.039255
-0.999229
1.734434
---
0.999696
0.019623
-0.000518
-0.014911
0.000443
0.003721
-0.009972
-0.000987
0.007695
-0.000053
-0.000534
-0.039248
-0.999229
1.750549
---
0.999695
0.019653
-0.000518
-0.014943
-0.001461
0.000728
-0.012899
0.008761
-0.001412
-0.009181
-0.000484
-0.039311
-0.999227
1.767670
---
0.999694
0.019648
-0.000457
-0.015001
-0.000356
-0.002189
-0.005087
-0.008445
0.007663
-0.000156
-0.000356
-0.039298
-0.999228
1.784793
---
0.999695
0.019586
-0.000386
-0.015064
-0.005093
-0.004993
-0.010951
-0.010086
0.006198
-0.009562
-0.000210
-0.039172
-0.999232
1.801913
---
0.999695
0.019472
-0.000299
-0.015189
-0.004930
-0.004761
-0.010960
-0.012417
0.007827
-0.013661
-0.000047
-0.038940
-0.999242
1.819042
---
0.999697
0.019303
-0.000244
-0.015264
0.002923
-0.004423
-0.009997
-0.022718
0.005146
-0.015423
-0.000007
-0.038603
-0.999255
1.836159
---
0.999698
0.019132
-0.000244
-0.015392
-0.000881
-0.005057
-0.010987
-0.024645
0.012865
-0.017050
0.000096
-0.038260
-0.999268
1.852273
---
0.999699
0.018982
-0.000299
-0.015539
-0.000929
-0.004759
-0.010998
-0.015927
-0.004202
-0.020104
0.000047
-0.037962
-0.999279
1.869398
---
0.999699
0.018882
-0.000244
-0.015660
0.000090
0.000325
-0.011982
-0.008571
0.000279
-0.015294
0.000090
-0.037761
-0.999287
1.886520
---
0.999698
0.018840
-0.000173
-0.015760
0.000208
0.000409
-0.011009
-0.005926
0.002176
-0.009809
0.000208
-0.037677
-0.999290
1.903641
---
0.999698
0.018830
-0.000173
-0.015778
0.000192
0.000429
-0.011010
-0.001044
0.000187
-0.009692
0.000192
-0.037657
-0.999291
1.920764
---
0.999697
0.018817
-0.000000
-0.015887
-0.000649
-0.001493
-0.008081
-0.005855
0.010536
-0.013009
0.000328
-0.037626
-0.999292
1.937885
---
0.999695
0.018804
-0.000000
-0.016012
0.000416
0.001463
-0.010035
-0.001066
0.008311
-0.013330
0.000416
-0.037600
-0.999293
1.955007
---
0.999693
0.018813
-0.000122
-0.016132
0.000368
0.001445
-0.010034
-0.009364
-0.011025
-0.007227
0.000368
-0.037618
-0.999292
1.972130
---
0.999691
0.018785
-0.000122
-0.016287
0.007136
-0.000455
-0.010036
-0.006628
0.001518
-0.022368
0.000300
-0.037565
-0.999294
1.989250
---
0.999688
0.018785
-0.000173
-0.016442
0.000182
0.000522
-0.007107
0.002190
-0.005641
-0.023074
0.000182
-0.037564
-0.999294
2.005367
---
0.999685
0.018790
-0.000173
-0.016627
0.000146
0.000511
-0.007106
0.009452
0.005976
-0.028697
0.000146
-0.037575
-0.999294
2.022492
---
0.999683
0.018777
-0.000211
-0.016763
-0.001758
-0.000440
-0.010037
-0.001669
0.003745
-0.012361
0.000195
-0.037550
-0.999295
2.039610
---
0.999681
0.018820
-0.000173
-0.016865
0.003164
0.004359
-0.008081
0.008386
0.000543
-0.008528
0.000234
-0.037633
-0.999292
2.056735
---
0.999679
0.018881
-0.000122
-0.016898
0.003189
0.004235
-0.008076
0.011207
-0.001867
0.005624
0.000259
-0.037757
-0.999287
2.073855
---
0.999677
0.018969
-0.000211
-0.016902
0.006019
0.003082
-0.014905
0.012756
-0.005209
0.000903
0.000160
-0.037934
-0.999280
2.090977
---
0.999676
0.019074
-0.000323
-0.016842
0.005823
0.004822
-0.010014
0.016132
-0.010014
0.004127
-0.000037
-0.038147
-0.999272
2.108099
---
0.999675
0.019211
-0.000366
-0.016781
-0.000140
0.004546
-0.010980
0.013091
-0.003000
0.013141
-0.000140
-0.038422
-0.999262
2.125801
---
0.999672
0.019389
-0.000423
-0.016704
-0.000209
0.004189
-0.010967
0.023666
-0.005095
0.015414
-0.000209
-0.038780
-0.999248
2.141917
---
0.999672
0.019477
-0.000405
-0.016607
0.000808
0.002060
-0.009983
0.006135
0.006713
0.016121
-0.000169
-0.038955
-0.999241
2.159892
---
0.999673
0.019525
-0.000405
-0.016514
-0.000209
-0.001942
-0.010956
0.005764
-0.001842
0.009688
-0.000209
-0.039051
-0.999237
2.176741
---
0.999674
0.019510
-0.000423
-0.016452
-0.000129
-0.001911
-0.010957
-0.004313
0.000445
0.008228
-0.000129
-0.039021
-0.999238
2.192764
---
0.999677
0.019477
-0.000386
-0.016318
-0.002976
-0.002821
-0.011936
-0.003595
0.006554
0.013783
-0.000047
-0.038954
-0.999241
2.209915
---
0.999680
0.019456
-0.000323
-0.016161
0.006807
0.000151
-0.009008
-0.004567
-0.006732
0.024024
-0.000029
-0.038911
-0.999243
2.227709
---
0.999681
0.019443
-0.000323
-0.016087
0.006768
0.000177
-0.009009
0.006770
-0.000590
0.005593
-0.000068
-0.038885
-0.999244
2.243824
---
0.999685
0.019348
-0.000366
-0.015979
0.002791
-0.002563
-0.006087
-0.012610
0.003139
0.007181
-0.000138
-0.038696
-0.999251
2.260828
---
0.999686
0.019314
-0.000323
-0.015947
-0.005931
0.000436
-0.009996
0.006771
0.013546
-0.005885
-0.000071
-0.038626
-0.999254
2.277976
---
0.999688
0.019245
-0.000299
-0.015909
-0.005780
0.000575
-0.010001
-0.013587
0.013202
0.002626
0.000080
-0.038488
-0.999259
2.295801
---
0.999689
0.019177
-0.000173
-0.015937
0.000246
-0.004168
-0.009030
-0.001792
0.002672
-0.009418
0.000246
-0.038348
-0.999264
2.311920
---
0.999690
0.019082
-0.000122
-0.016021
-0.002578
-0.002023
-0.010991
-0.009488
0.006681
-0.011096
0.000351
-0.038156
-0.999272
2.329864
---
0.999689
0.019040
-0.000122
-0.016100
-0.002369
-0.001935
-0.010994
-0.003087
0.015136
-0.015132
0.000561
-0.038068
-0.999275
2.345980
---
0.999687
0.019034
0.000000
-0.016219
-0.004051
0.001011
-0.008065
-0.004285
0.019270
-0.015672
0.000832
-0.038052
-0.999275
2.363906
---
0.999685
0.019016
0.000122
-0.016358
0.002817
0.001045
-0.009042
0.001242
-0.000104
-0.018080
0.000864
-0.038017
-0.999277
2.380007
---
0.999684
0.019030
0.000000
-0.016411
0.002872
0.001018
-0.009041
-0.004046
0.001548
-0.004404
0.000918
-0.038045
-0.999276
2.397864
---
0.999684
0.019046
0.000173
-0.016395
0.000027
0.001965
-0.009040
0.005731
0.013923
-0.000469
0.001003
-0.038074
-0.999274
2.413976
---
0.999684
0.019038
0.000244
-0.016397
0.003917
0.001002
-0.005134
-0.002342
-0.004425
0.002914
0.000987
-0.038060
-0.999275
2.431891
---
0.999685
0.019048
0.000173
-0.016340
0.003919
0.000983
-0.005134
-0.004234
-0.003039
0.005525
0.000990
-0.038079
-0.999274
2.448011
---
0.999686
0.019035
0.000000
-0.016324
0.000949
0.000034
-0.010994
-0.006598
-0.000382
-0.002783
0.000949
-0.038051
-0.999275
2.465130
---
0.999685
0.019142
0.000122
-0.016225
0.004819
0.004703
-0.006103
0.000974
-0.011639
0.016145
0.000913
-0.038266
-0.999267
2.482253
---
0.999685
0.019212
0.000173
-0.016131
0.004717
0.004557
-0.006098
-0.003397
-0.006251
0.010783
0.000811
-0.038411
-0.999262
2.498855
---
0.999687
0.019184
0.000122
-0.016084
0.000771
-0.003197
-0.007076
-0.001917
-0.010975
0.006228
0.000771
-0.038354
-0.999264
2.516130
---
0.999688
0.019220
0.000000
-0.015947
-0.000193
0.003568
-0.006097
0.011973
0.004001
0.015716
0.000784
-0.038424
-0.999261
2.533894
---
0.999689
0.019245
0.000000
-0.015856
-0.000208
0.003517
-0.006095
0.000260
-0.002339
0.013630
0.000769
-0.038475
-0.999259
2.550010
---
0.999690
0.019203
0.000000
-0.015826
-0.000175
-0.002259
-0.005122
-0.008094
0.007011
-0.005350
0.000802
-0.038392
-0.999263
2.567130
---
0.999691
0.019192
0.000000
-0.015820
-0.000171
0.000695
-0.009029
-0.000848
-0.000971
0.001712
0.000805
-0.038367
-0.999263
2.584254
---
0.999689
0.019192
0.000122
-0.015941
-0.000189
0.000692
-0.009029
-0.004910
-0.006798
-0.009939
0.000788
-0.038371
-0.999263
2.600370
---
0.999686
0.019190
0.000000
-0.016087
0.005651
0.002649
-0.008053
-0.002465
-0.007225
-0.018220
0.000768
-0.038366
-0.999263
2.617491
---
0.999681
0.019272
0.000122
-0.016326
-0.006989
0.003463
-0.010976
0.007876
0.007105
-0.020363
0.000823
-0.038529
-0.999257
2.634610
---
0.999676
0.019323
0.000122
-0.016599
0.002880
0.003365
-0.011949
0.013251
0.003447
-0.031575
0.000927
-0.038627
-0.999253
2.652192
---
0.999672
0.019385
0.000173
-0.016755
0.002951
0.003240
-0.011944
0.009042
0.006044
-0.014112
0.000997
-0.038752
-0.999248
2.668306
---
0.999668
0.019390
0.000000
-0.016976
0.002823
-0.002629
-0.007061
-0.002620
-0.008879
-0.024531
0.000870
-0.038762
-0.999248
2.685857
---
0.999666
0.019380
0.000000
-0.017084
0.003755
0.001296
-0.009991
0.002308
0.003530
-0.000878
0.000826
-0.038743
-0.999249
2.702860
---
0.999665
0.019393
0.000000
-0.017147
0.003729
0.001268
-0.009990
0.004665
-0.003665
0.000950
0.000799
-0.038771
-0.999248
2.719890
---
0.999663
0.019430
0.000000
-0.017189
0.001694
0.001191
0.001732
0.012167
-0.004905
-0.011250
0.000717
-0.038848
-0.999245
2.737285
---
0.999659
0.019545
0.000122
-0.017334
0.003624
0.007798
-0.009978
0.012468
-0.003949
-0.013533
0.000694
-0.039077
-0.999236
2.754194
---
0.999655
0.019662
-0.000000
-0.017429
0.003555
0.007563
-0.009969
0.002749
-0.003702
-0.006286
0.000625
-0.039312
-0.999227
2.770646
---
0.999653
0.019674
-0.000000
-0.017530
0.001588
-0.002227
-0.007038
0.005184
0.011409
-0.016077
0.000612
-0.039336
-0.999226
2.787677
---
0.999652
0.019663
-0.000000
-0.017567
0.002519
0.000723
-0.009969
-0.002349
-0.000060
-0.000990
0.000566
-0.039316
-0.999227
2.804765
---
0.999653
0.019657
-0.000000
-0.017542
0.002611
0.000738
-0.009969
0.001050
0.004761
0.005918
0.000658
-0.039301
-0.999227
2.821858
---
0.999654
0.019640
-0.000000
-0.017485
0.001645
0.000772
-0.005088
-0.002557
0.001158
0.014894
0.000669
-0.039267
-0.999229
2.839314
---
0.999655
0.019645
0.000000
-0.017430
-0.001211
0.000763
-0.006064
0.001071
0.010938
0.009304
0.000742
-0.039276
-0.999228
2.855460
---
0.999657
0.019618
0.000000
-0.017361
-0.001203
0.000818
-0.006066
-0.005255
-0.001384
0.009956
0.000750
-0.039221
-0.999230
2.872583
---
0.999656
0.019655
-0.000000
-0.017378
0.003593
0.000744
-0.003134
0.005610
-0.000079
-0.005253
0.000663
-0.039295
-0.999227
2.889765
---
0.999655
0.019693
0.000000
-0.017394
0.000760
0.002621
-0.013873
0.003293
0.003710
0.001515
0.000760
-0.039372
-0.999224
2.906887
---
0.999650
0.019739
0.000000
-0.017588
0.000849
0.002530
-0.013869
0.010749
0.006989
-0.026112
0.000849
-0.039462
-0.999221
2.923949
---
0.999647
0.019770
0.000000
-0.017764
-0.001065
-0.000460
-0.009961
-0.001849
-0.001951
-0.020983
0.000888
-0.039523
-0.999218
2.941314
---
0.999643
0.019773
0.000000
-0.017950
0.003838
0.003440
-0.010937
0.001955
0.002810
-0.021045
0.000908
-0.039528
-0.999218
2.957431
---
0.999641
0.019819
0.000000
-0.018049
0.003745
0.003347
-0.010933
-0.001786
0.002796
-0.004852
0.000815
-0.039622
-0.999214
2.974553
---
0.999639
0.019786
-0.000000
-0.018182
0.006576
-0.003425
-0.008006
-0.009012
-0.007989
-0.015080
0.000716
-0.039558
-0.999217
2.991767
---
0.999638
0.019786
0.000000
-0.018254
-0.000199
0.001459
-0.008006
-0.002673
0.002055
-0.004958
0.000778
-0.039557
-0.999217
3.008893
---
0.999636
0.019777
-0.000000
-0.018341
0.006502
-0.001457
-0.008007
0.000330
-0.003832
-0.006213
0.000642
-0.039543
-0.999218
3.026865
---
0.999635
0.019774
-0.000000
-0.018421
0.006440
-0.001451
-0.008007
-0.005850
-0.007246
-0.008234
0.000580
-0.039537
-0.999218
3.042982
---
0.999635
0.019780
-0.000000
-0.018423
0.000524
0.001467
-0.006053
0.007446
-0.004403
-0.003032
0.000524
-0.039549
-0.999218
3.060013
---
0.999635
0.019771
-0.000122
-0.018418
0.003451
-0.004376
-0.003124
0.001589
-0.000784
-0.000104
0.000521
-0.039532
-0.999218
3.077163
---
0.999636
0.019686
-0.000000
-0.018451
0.003395
-0.004208
-0.003131
-0.011422
-0.006995
0.002556
0.000466
-0.039364
-0.999225
3.093280
---
0.999634
0.019731
-0.000211
-0.018525
0.003263
0.003513
-0.007034
0.004884
-0.011005
-0.009242
0.000333
-0.039456
-0.999221
3.110402
---
0.999633
0.019721
-0.000211
-0.018553
0.006113
0.000602
-0.002152
-0.002072
0.001785
0.000979
0.000253
-0.039437
-0.999222
3.127433
---
0.999632
0.019715
-0.000244
-0.018610
0.006041
0.000613
-0.002152
-0.000820
-0.008054
-0.004307
0.000182
-0.039426
-0.999223
3.144583
---
0.999628
0.019785
-0.000299
-0.018754
0.002005
0.003400
-0.007029
0.011001
-0.005254
-0.023840
0.000051
-0.039569
-0.999217
3.161890
---
0.999625
0.019840
-0.000323
-0.018852
0.000999
0.000360
-0.008002
0.008359
0.000679
-0.004953
0.000023
-0.039679
-0.999213
3.179011
---
0.999624
0.019876
-0.000345
-0.018898
0.001012
0.000288
-0.007999
0.007402
-0.000102
-0.006603
0.000035
-0.039751
-0.999210
3.196045
---
0.999622
0.019852
-0.000366
-0.018999
0.002906
-0.001619
-0.007024
-0.006016
-0.003430
-0.005717
-0.000024
-0.039704
-0.999211
3.213194
---
0.999623
0.019851
-0.000440
-0.018956
0.002852
0.000333
-0.006047
-0.002632
0.001188
0.005412
-0.000078
-0.039706
-0.999211
3.229859
---
0.999626
0.019804
-0.000457
-0.018877
0.002754
0.000428
-0.006051
-0.001327
-0.012442
0.006990
-0.000176
-0.039611
-0.999215
3.246981
---
0.999626
0.019828
-0.000503
-0.018807
0.006539
0.002330
-0.005073
0.004704
-0.005974
0.012497
-0.000297
-0.039662
-0.999213
3.264869
---
0.999626
0.019874
-0.000546
-0.018771
-0.001349
-0.002645
-0.007022
0.001075
-0.006234
0.003414
-0.000372
-0.039754
-0.999209
3.280985
---
0.999628
0.019830
-0.000585
-0.018736
-0.001408
-0.002559
-0.007025
-0.005410
-0.007630
0.007510
-0.000431
-0.039668
-0.999213
3.298744
---
0.999629
0.019803
-0.000646
-0.018700
0.005308
0.000423
-0.010934
-0.002762
-0.001017
0.010806
-0.000551
-0.039617
-0.999215
3.314862
---
0.999629
0.019802
-0.000691
-0.018679
0.009112
-0.001530
-0.005074
0.002149
-0.001676
-0.003659
-0.000654
-0.039616
-0.999215
3.332864
---
0.999631
0.019810
-0.000762
-0.018585
0.008965
-0.001548
-0.005073
0.005248
-0.010151
0.012847
-0.000801
-0.039634
-0.999214
3.348983
---
0.999633
0.019816
-0.000782
-0.018471
0.004999
0.004298
-0.007026
0.000227
-0.008868
0.010525
-0.000861
-0.039647
-0.999213
3.366897
---
0.999634
0.019819
-0.000854
-0.018412
0.004880
-0.001571
-0.006049
0.004951
-0.008263
0.006758
-0.000979
-0.039657
-0.999213
3.383011
---
0.999634
0.019848
-0.000872
-0.018378
-0.000037
0.000325
-0.005070
0.000317
0.000572
-0.001745
-0.001014
-0.039714
-0.999211
3.400774
---
0.999633
0.019857
-0.000897
-0.018398
-0.000082
0.000305
-0.005069
0.002752
-0.005505
-0.001141
-0.001059
-0.039734
-0.999210
3.416920
---
0.999634
0.019849
-0.000889
-0.018366
0.002848
-0.000653
-0.002140
-0.003599
-0.003377
-0.004574
-0.001058
-0.039716
-0.999210
3.434867
---
0.999635
0.019816
-0.000913
-0.018321
0.002795
-0.000588
-0.002143
-0.000821
-0.004024
0.008509
-0.001111
-0.039651
-0.999213
3.450890
---
0.999634
0.019869
-0.000961
-0.018331
0.004679
0.002234
-0.004091
0.009950
-0.005238
0.002591
-0.001180
-0.039758
-0.999209
3.468039
---
0.999634
0.019840
-0.000922
-0.018368
-0.001133
-0.001612
-0.006047
-0.003587
0.000381
-0.001124
-0.001133
-0.039698
-0.999211
3.485867
---
0.999635
0.019786
-0.000905
-0.018395
-0.003039
-0.002482
-0.008004
-0.008985
0.001941
-0.003001
-0.001086
-0.039591
-0.999215
3.502624
---
0.999633
0.019742
-0.000872
-0.018545
-0.002986
-0.002393
-0.008008
-0.001307
0.000304
-0.022818
-0.001033
-0.039502
-0.999219
3.518799
---
0.999629
0.019769
-0.000819
-0.018720
-0.003845
0.004391
-0.008983
0.003562
0.007807
-0.027502
-0.000915
-0.039554
-0.999217
3.536012
---
0.999625
0.019794
-0.000791
-0.018889
0.002095
0.001411
-0.008981
-0.004203
0.002355
-0.016654
-0.000835
-0.039604
-0.999215
3.553714
---
0.999622
0.019803
-0.000782
-0.019058
0.002116
0.001395
-0.008980
-0.000559
0.007342
-0.027692
-0.000813
-0.039620
-0.999214
3.570560
---
0.999618
0.019848
-0.000782
-0.019233
0.001147
0.002281
-0.009953
0.003058
0.006349
-0.020872
-0.000806
-0.039712
-0.999211
3.586889
---
0.999615
0.019843
-0.000732
-0.019369
-0.000727
-0.004545
-0.008000
-0.006358
0.003695
-0.015136
-0.000727
-0.039701
-0.999211
3.604715
---
0.999613
0.019836
-0.000743
-0.019490
-0.000717
-0.004530
-0.008001
0.000334
0.002351
-0.012912
-0.000717
-0.039686
-0.999212
3.620739
---
0.999612
0.019840
-0.000680
-0.019544
0.000389
0.003275
-0.006048
0.002770
0.004741
-0.007451
-0.000587
-0.039693
-0.999212
3.638225
---
0.999610
0.019882
-0.000669
-0.019616
0.000436
0.001242
-0.004091
-0.000866
0.000844
-0.002310
-0.000541
-0.039774
-0.999209
3.654859
---
0.999607
0.019930
-0.000646
-0.019705
0.000469
0.001143
-0.004088
0.013426
-0.005552
-0.013171
-0.000508
-0.039872
-0.999205
3.672563
---
0.999605
0.019992
-0.000712
-0.019740
0.007162
0.003948
-0.009942
0.009279
-0.011582
-0.004161
-0.000650
-0.039997
-0.999200
3.688833
---
0.999602
0.020080
-0.000732
-0.019795
0.002237
0.002794
-0.007005
0.009454
-0.008868
-0.002364
-0.000693
-0.040174
-0.999192
3.705922
---
0.999600
0.020128
-0.000762
-0.019872
0.002204
0.002700
-0.007001
0.002933
0.002035
-0.008236
-0.000726
-0.040269
-0.999189
3.722984
---
0.999599
0.020133
-0.000762
-0.019903
0.003150
0.001711
-0.002118
0.000424
0.003503
-0.001725
-0.000756
-0.040281
-0.999188
3.740134
---
0.999597
0.020121
-0.000800
-0.019990
-0.001778
-0.000218
-0.008955
-0.001199
-0.003217
-0.003492
-0.000801
-0.040257
-0.999189
3.757868
---
0.999595
0.020153
-0.000828
-0.020070
-0.001826
-0.000285
-0.008952
0.000262
0.000189
-0.013538
-0.000850
-0.040324
-0.999186
3.773979
---
0.999593
0.020184
-0.000791
-0.020129
-0.001736
0.003562
-0.009926
-0.001172
0.006139
-0.007330
-0.000759
-0.040383
-0.999184
3.791777
---
0.999592
0.020191
-0.000743
-0.020196
-0.002615
-0.001333
-0.007973
-0.003676
0.004211
-0.010090
-0.000662
-0.040396
-0.999184
3.807894
---
0.999590
0.020170
-0.000701
-0.020287
-0.002557
-0.005195
-0.005045
-0.009123
0.007389
-0.014066
-0.000604
-0.040351
-0.999185
3.825747
---
0.999591
0.020074
-0.000669
-0.020355
-0.002466
-0.005003
-0.005053
-0.012313
0.007237
-0.006480
-0.000513
-0.040159
-0.999193
3.841859
---
0.999591
0.019990
-0.000646
-0.020426
0.001466
-0.001904
-0.005059
-0.009328
-0.005641
-0.007440
-0.000487
-0.039990
-0.999200
3.858893
---
0.999592
0.019952
-0.000657
-0.020451
0.004374
0.002080
-0.005062
-0.001308
0.002980
0.004323
-0.000509
-0.039913
-0.999203
3.876046
---
0.999591
0.019954
-0.000634
-0.020483
0.004413
0.002076
-0.005062
-0.008388
0.009342
-0.000223
-0.000470
-0.039916
-0.999203
3.893869
---
0.999590
0.019952
-0.000610
-0.020507
0.000532
-0.000851
-0.011898
-0.002231
-0.000560
-0.008435
-0.000444
-0.039914
-0.999203
3.909982
---
0.999592
0.019931
-0.000622
-0.020474
0.006380
-0.000810
-0.008970
0.002118
0.004887
0.009381
-0.000456
-0.039873
-0.999205
3.927807
---
0.999592
0.019943
-0.000657
-0.020450
0.006320
-0.000834
-0.008969
-0.000418
-0.003568
0.010500
-0.000516
-0.039897
-0.999204
3.943922
---
0.999591
0.019983
-0.000646
-0.020434
0.003394
0.002016
-0.008966
0.003025
0.002880
-0.005233
-0.000512
-0.039977
-0.999201
3.961869
---
0.999591
0.019974
-0.000691
-0.020468
0.000404
-0.001873
-0.011896
-0.003875
-0.004180
-0.001512
-0.000573
-0.039959
-0.999201
3.977985
---
0.999592
0.019946
-0.000691
-0.020450
0.000419
-0.001819
-0.011899
-0.008128
0.004420
-0.001586
-0.000558
-0.039904
-0.999203
3.995016
---
0.999592
0.019921
-0.000680
-0.020453
0.003347
-0.003721
-0.009948
-0.003073
-0.004169
-0.002532
-0.000559
-0.039854
-0.999205
4.012167
---
0.999593
0.019854
-0.000743
-0.020469
0.001282
-0.000659
-0.011906
-0.002062
-0.006525
-0.014051
-0.000671
-0.039722
-0.999211
4.028223
---
0.999593
0.019835
-0.000701
-0.020489
0.001352
-0.000623
-0.011907
0.000510
0.005654
-0.003794
-0.000601
-0.039686
-0.999212
4.045374
---
0.999595
0.019755
-0.000712
-0.020453
0.005230
-0.000461
-0.008984
-0.011896
-0.004333
0.006199
-0.000630
-0.039523
-0.999219
4.062862
---
0.999596
0.019746
-0.000752
-0.020415
0.002225
-0.000446
-0.009961
-0.001514
-0.001849
0.006827
-0.000705
-0.039508
-0.999219
4.079985
---
0.999596
0.019774
-0.000791
-0.020399
0.002159
-0.000502
-0.009959
0.003357
-0.002784
-0.001072
-0.000770
-0.039565
-0.999217
4.097901
---
0.999597
0.019755
-0.000810
-0.020383
0.001151
0.000510
-0.006054
-0.002738
-0.006582
0.001955
-0.000802
-0.039529
-0.999218
4.114012
---
0.999597
0.019740
-0.000846
-0.020399
0.003977
-0.001412
-0.007032
-0.005802
-0.013117
-0.000942
-0.000906
-0.039498
-0.999219
4.131655
---
0.999597
0.019696
-0.000846
-0.020411
0.003993
-0.001328
-0.007035
-0.012361
0.005144
0.002639
-0.000890
-0.039413
-0.999223
4.147771
---
0.999598
0.019639
-0.000872
-0.020431
-0.002882
-0.002189
-0.011922
-0.009564
0.000254
-0.004825
-0.000929
-0.039299
-0.999227
4.164926
---
0.999597
0.019624
-0.000828
-0.020517
-0.001809
-0.000204
-0.003135
-0.008349
0.005184
-0.008260
-0.000832
-0.039267
-0.999228
4.182044
---
0.999596
0.019565
-0.000762
-0.020589
-0.001716
-0.000086
-0.003139
-0.009608
0.012811
-0.008965
-0.000739
-0.039148
-0.999233
4.199078
---
0.999595
0.019523
-0.000762
-0.020688
0.000244
-0.000976
-0.010955
-0.009449
-0.003247
-0.009273
-0.000732
-0.039062
-0.999237
4.216233
---
0.999592
0.019526
-0.000800
-0.020808
-0.002754
0.001946
-0.010955
0.005350
0.001274
-0.028039
-0.000801
-0.039069
-0.999236
4.232254
---
0.999591
0.019512
-0.000791
-0.020879
-0.002726
0.001974
-0.010956
0.004424
-0.007380
-0.007953
-0.000772
-0.039042
-0.999237
4.249403
---
0.999585
0.019594
-0.000810
-0.021123
0.006035
0.002785
-0.008020
0.013921
-0.002614
-0.034283
-0.000801
-0.039207
-0.999231
4.266894
---
0.999580
0.019633
-0.000791
-0.021288
0.003180
0.002709
-0.003134
0.012379
0.004021
-0.021325
-0.000726
-0.039284
-0.999228
4.284015
---
0.999576
0.019650
-0.000791
-0.021462
-0.002718
0.000720
-0.009969
-0.001510
-0.009945
-0.026727
-0.000765
-0.039319
-0.999227
4.301470
---
0.999574
0.019661
-0.000743
-0.021574
-0.002613
0.000699
-0.009968
-0.000338
0.006159
-0.009839
-0.000660
-0.039340
-0.999226
4.317587
---
0.999570
0.019720
-0.000762
-0.021684
0.003236
0.000583
-0.012893
0.009770
-0.000187
-0.012753
-0.000670
-0.039456
-0.999221
4.334860
---
0.999568
0.019716
-0.000782
-0.021797
0.003199
0.000589
-0.012893
0.006785
0.000617
-0.018450
-0.000707
-0.039450
-0.999221
4.351980
---
0.999566
0.019727
-0.000810
-0.021858
0.002168
-0.000412
-0.008986
-0.001884
-0.008803
-0.006779
-0.000762
-0.039475
-0.999220
4.369472
---
0.999566
0.019709
-0.000782
-0.021900
-0.002672
0.000603
-0.008987
-0.000108
0.005053
0.000335
-0.000718
-0.039436
-0.999222
4.385863
---
0.999565
0.019759
-0.000762
-0.021863
0.002251
0.004410
-0.004101
0.011762
0.001761
0.006092
-0.000679
-0.039535
-0.999218
4.403044
---
0.999565
0.019828
-0.000772
-0.021809
0.002237
0.004273
-0.004095
0.010173
-0.000531
-0.000208
-0.000693
-0.039672
-0.999213
4.420109
---
0.999567
0.019913
-0.000810
-0.021655
0.001210
0.004100
-0.007018
0.012252
0.003389
0.017518
-0.000743
-0.039845
-0.999206
4.437137
---
0.999572
0.019894
-0.000800
-0.021439
0.004110
-0.002696
-0.009949
-0.004541
-0.007708
0.026698
-0.000773
-0.039806
-0.999207
4.454869
---
0.999575
0.019899
-0.000810
-0.021282
0.004082
-0.002707
-0.009949
0.002841
0.001098
0.023172
-0.000801
-0.039816
-0.999207
4.471474
---
0.999578
0.019905
-0.000837
-0.021132
0.004065
-0.000765
-0.007019
0.004015
0.002165
0.019103
-0.000818
-0.039828
-0.999206
4.487740
---
0.999581
0.019885
-0.000837
-0.021032
0.002089
-0.000726
-0.008973
0.002365
-0.005493
0.011119
-0.000840
-0.039789
-0.999208
4.504893
---
0.999583
0.019890
-0.000863
-0.020911
0.002030
-0.000738
-0.008973
0.002843
-0.005578
0.015877
-0.000900
-0.039800
-0.999207
4.521894
---
0.999585
0.019917
-0.000880
-0.020812
0.005895
0.004092
-0.006041
0.007622
-0.003164
0.012469
-0.000941
-0.039854
-0.999205
4.539136
---
0.999585
0.019960
-0.000922
-0.020772
0.000933
0.002051
-0.007014
0.007854
-0.001709
-0.003445
-0.001020
-0.039941
-0.999202
4.556839
---
0.999584
0.020006
-0.000938
-0.020759
0.000900
0.001955
-0.007010
0.009235
-0.004364
-0.000010
-0.001053
-0.040037
-0.999198
4.573474
---
0.999583
0.020030
-0.001029
-0.020774
0.005626
0.001907
-0.010914
-0.002048
-0.007808
0.010411
-0.001210
-0.040085
-0.999196
4.589771
---
0.999583
0.019971
-0.001021
-0.020821
-0.002185
-0.003834
-0.007989
-0.008700
0.001827
-0.002699
-0.001208
-0.039967
-0.999200
4.606896
---
0.999580
0.019970
-0.001007
-0.020987
-0.002162
-0.003830
-0.007990
0.007216
-0.001160
-0.019972
-0.001185
-0.039963
-0.999200
4.623955
---
0.999576
0.020007
-0.000969
-0.021114
-0.000103
0.002930
-0.008963
0.008305
0.009766
-0.011607
-0.001079
-0.040039
-0.999198
4.641261
---
0.999575
0.019997
-0.000946
-0.021207
-0.000037
0.000023
-0.013847
-0.004824
0.011339
-0.009128
-0.001014
-0.040016
-0.999198
4.657345
---
0.999573
0.019984
-0.000905
-0.021303
0.000031
0.000050
-0.013848
-0.003579
0.001451
-0.005050
-0.000946
-0.039990
-0.999200
4.674468
---
0.999570
0.019946
-0.000872
-0.021453
0.003987
-0.003780
-0.008968
-0.012460
0.012163
-0.015723
-0.000896
-0.039913
-0.999203
4.691773
---
0.999569
0.019876
-0.000872
-0.021589
0.004984
-0.001686
-0.012880
-0.008670
-0.002075
-0.008750
-0.000875
-0.039772
-0.999208
4.708896
---
0.999568
0.019865
-0.000922
-0.021642
0.000942
0.001261
-0.010928
-0.006529
-0.001161
0.001589
-0.001011
-0.039755
-0.999209
4.726048
---
0.999568
0.019856
-0.000930
-0.021671
0.000946
0.001281
-0.010929
-0.003988
0.003834
-0.009047
-0.001007
-0.039735
-0.999210
4.743167
---
0.999568
0.019827
-0.000897
-0.021696
-0.000950
-0.002567
-0.009954
0.001903
0.009711
-0.008847
-0.000950
-0.039676
-0.999212
4.759194
---
0.999566
0.019854
-0.000880
-0.021748
0.003988
0.006170
-0.005069
0.004030
0.000001
0.000903
-0.000895
-0.039729
-0.999210
4.776348
---
0.999564
0.019910
-0.000930
-0.021799
0.003873
0.006054
-0.005065
0.006198
-0.003226
0.002119
-0.001010
-0.039845
-0.999205
4.794200
---
0.999562
0.019929
-0.000953
-0.021840
-0.000072
0.001131
-0.007993
0.002421
0.003043
-0.006806
-0.001048
-0.039884
-0.999204
4.810316
---
0.999563
0.019952
-0.000946
-0.021792
0.000934
-0.001843
-0.009944
-0.000340
0.001781
0.007759
-0.001020
-0.039929
-0.999202
4.827894
---
0.999563
0.019915
-0.000913
-0.021809
0.000990
-0.001768
-0.009947
-0.006342
0.017553
-0.002891
-0.000964
-0.039854
-0.999205
4.846022
---
0.999561
0.019965
-0.000897
-0.021859
0.001040
0.005944
-0.008967
0.010178
0.008778
-0.018263
-0.000913
-0.039954
-0.999201
4.862901
---
0.999559
0.019967
-0.000872
-0.021964
-0.002815
-0.008705
-0.007014
-0.002983
0.002754
-0.009671
-0.000862
-0.039955
-0.999201
4.879016
---
0.999558
0.019924
-0.000863
-0.022046
-0.002780
-0.008619
-0.007017
-0.003940
0.005489
-0.020217
-0.000826
-0.039869
-0.999205
4.896048
---
0.999559
0.019831
-0.000800
-0.022084
-0.002715
-0.002571
-0.007025
-0.012112
0.000621
-0.002502
-0.000762
-0.039681
-0.999212
4.913201
---
0.999558
0.019781
-0.000762
-0.022168
-0.001629
-0.000515
-0.011912
-0.009440
0.007849
-0.004802
-0.000652
-0.039577
-0.999216
4.929865
---
0.999560
0.019731
-0.000701
-0.022141
-0.001564
-0.000413
-0.011916
-0.009272
0.004381
0.009486
-0.000587
-0.039475
-0.999220
4.946988
---
0.999563
0.019678
-0.000657
-0.022041
-0.000455
-0.003236
-0.008990
-0.002592
0.006295
0.013122
-0.000455
-0.039369
-0.999225
4.964903
---
0.999567
0.019647
-0.000657
-0.021888
0.001496
0.001709
-0.008016
-0.001887
-0.007711
0.016095
-0.000457
-0.039307
-0.999227
4.981019
---
0.999574
0.019583
-0.000657
-0.021631
0.001456
0.001837
-0.008021
-0.005979
-0.007253
0.034976
-0.000497
-0.039179
-0.999232
4.998871
---
0.999577
0.019545
-0.000657
-0.021504
0.003417
-0.002970
-0.010954
-0.002135
0.001173
0.018345
-0.000489
-0.039103
-0.999235
5.014986
---
0.999581
0.019497
-0.000691
-0.021379
-0.002514
0.001033
-0.011934
-0.002792
0.000253
0.005019
-0.000561
-0.039006
-0.999239
5.032019
---
0.999583
0.019445
-0.000680
-0.021320
-0.002491
0.001135
-0.011938
-0.002327
0.002357
-0.001930
-0.000537
-0.038904
-0.999243
5.049872
---
0.999584
0.019423
-0.000669
-0.021317
0.005356
-0.000774
-0.008034
0.003917
0.008129
-0.003523
-0.000504
-0.038860
-0.999245
5.065986
---
0.999584
0.019397
-0.000712
-0.021340
0.000394
-0.000723
-0.014871
0.000212
-0.005055
-0.001652
-0.000583
-0.038809
-0.999246
5.083019
---
0.999582
0.019406
-0.000691
-0.021403
0.000411
-0.000740
-0.014871
-0.002745
-0.004859
-0.007460
-0.000565
-0.038826
-0.999246
5.100047
---
0.999580
0.019401
-0.000712
-0.021513
0.004313
-0.000732
-0.007059
-0.000233
0.006339
-0.018680
-0.000569
-0.038817
-0.999246
5.117749
---
0.999580
0.019337
-0.000762
-0.021576
0.001283
-0.001582
-0.008040
-0.007252
0.002886
-0.005063
-0.000670
-0.038691
-0.999251
5.133865
---
0.999580
0.019291
-0.000732
-0.021610
0.001329
-0.001490
-0.008044
-0.011103
0.003883
-0.003730
-0.000624
-0.038600
-0.999255
5.150987
---
0.999582
0.019246
-0.000722
-0.021579
0.002313
-0.003351
-0.004141
-0.005948
0.006583
0.001883
-0.000616
-0.038507
-0.999258
5.168106
---
0.999581
0.019248
-0.000752
-0.021587
0.006163
0.003480
-0.008047
0.007522
-0.006988
0.005405
-0.000673
-0.038512
-0.999258
5.185872
---
0.999583
0.019262
-0.000712
-0.021517
-0.003540
-0.000453
-0.009023
-0.003478
0.001959
0.009127
-0.000610
-0.038539
-0.999257
5.202875
---
0.999584
0.019282
-0.000701
-0.021439
-0.003520
-0.000493
-0.009021
0.001380
-0.000548
0.007629
-0.000591
-0.038579
-0.999255
5.218986
---
0.999585
0.019242
-0.000691
-0.021416
-0.001546
-0.003343
-0.010977
-0.005715
-0.004503
0.004063
-0.000570
-0.038499
-0.999259
5.236048
---
0.999586
0.019234
-0.000701
-0.021402
0.000390
0.001557
-0.003165
-0.007551
0.000694
-0.004467
-0.000587
-0.038482
-0.999259
5.253875
---
0.999585
0.019229
-0.000680
-0.021433
0.000421
0.001568
-0.003166
0.003556
0.003082
-0.011752
-0.000555
-0.038471
-0.999260
5.270169
---
0.999582
0.019293
-0.000701
-0.021531
0.008211
0.003392
-0.008044
0.006901
-0.006313
-0.022024
-0.000578
-0.038601
-0.999255
5.286865
---
0.999581
0.019270
-0.000680
-0.021605
-0.005405
-0.003399
-0.012928
0.005785
0.001185
-0.014851
-0.000522
-0.038555
-0.999256
5.303896
---
0.999579
0.019236
-0.000669
-0.021724
-0.005394
-0.003328
-0.012931
-0.008858
-0.001563
-0.017277
-0.000511
-0.038485
-0.999259
5.321842
---
0.999576
0.019247
-0.000610
-0.021819
0.002483
-0.001397
-0.007071
0.003849
0.007509
-0.004797
-0.000447
-0.038506
-0.999258
5.337894
---
0.999576
0.019212
-0.000646
-0.021886
0.001491
0.000626
-0.009027
-0.002905
-0.000197
-0.013067
-0.000462
-0.038437
-0.999261
5.354929
---
0.999575
0.019231
-0.000646
-0.021899
0.001494
0.000588
-0.009025
-0.004823
-0.004476
-0.000849
-0.000459
-0.038475
-0.999259
5.372385
---
0.999575
0.019185
-0.000622
-0.021933
0.002516
-0.003227
-0.012935
-0.008296
0.006735
-0.000307
-0.000413
-0.038383
-0.999263
5.388742
---
0.999576
0.019148
-0.000646
-0.021929
-0.000406
0.001732
-0.009032
-0.006013
0.002198
0.000263
-0.000406
-0.038307
-0.999266
5.405866
---
0.999579
0.019111
-0.000598
-0.021830
-0.000379
0.001807
-0.009034
0.003079
0.008468
0.016698
-0.000379
-0.038232
-0.999269
5.422929
---
0.999582
0.019105
-0.000646
-0.021696
0.006344
0.002791
-0.010988
-0.001833
-0.002304
0.023513
-0.000492
-0.038225
-0.999269
5.440079
---
0.999583
0.019177
-0.000646
-0.021565
0.000517
0.007530
-0.010006
0.011601
0.002189
0.012660
-0.000459
-0.038368
-0.999264
5.457172
---
0.999584
0.019250
-0.000598
-0.021446
0.000574
0.007389
-0.010000
0.006425
0.003370
0.006888
-0.000402
-0.038509
-0.999258
5.473287
---
0.999587
0.019272
-0.000657
-0.021330
0.008293
-0.003400
-0.007069
-0.000497
-0.000848
0.018474
-0.000496
-0.038556
-0.999256
5.490775
---
0.999589
0.019296
-0.000622
-0.021195
-0.000421
-0.002470
-0.009997
0.008941
0.006245
0.010860
-0.000421
-0.038603
-0.999255
5.507900
---
0.999591
0.019286
-0.000634
-0.021131
0.005395
0.000479
-0.004138
0.001624
-0.003077
0.006681
-0.000465
-0.038584
-0.999255
5.525874
---
0.999591
0.019266
-0.000669
-0.021103
0.005348
0.000519
-0.004140
-0.000795
-0.009481
0.002775
-0.000511
-0.038544
-0.999257
5.541986
---
0.999592
0.019321
-0.000712
-0.021032
0.004236
0.003335
-0.009995
0.011428
0.001429
0.006507
-0.000647
-0.038657
-0.999252
5.559020
---
0.999591
0.019377
-0.000743
-0.021040
0.000269
0.004199
-0.006084
0.010281
-0.007364
0.000634
-0.000708
-0.038769
-0.999248
5.576173
---
0.999589
0.019425
-0.000800
-0.021067
0.000188
0.004101
-0.006080
0.010042
-0.003858
-0.008645
-0.000789
-0.038868
-0.999244
5.592774
---
0.999588
0.019440
-0.000837
-0.021116
0.001100
0.001140
-0.005102
0.000972
-0.004608
-0.010239
-0.000853
-0.038899
-0.999243
5.609898
---
0.999585
0.019437
-0.000791
-0.021225
0.002170
-0.004712
-0.010962
-0.000502
-0.002744
-0.011217
-0.000759
-0.038892
-0.999243
5.627171
---
0.999584
0.019416
-0.000791
-0.021321
0.002182
-0.004671
-0.010963
-0.000410
0.005929
-0.017751
-0.000748
-0.038851
-0.999245
5.643285
---
0.999583
0.019418
-0.000772
-0.021372
0.005124
-0.001744
-0.008034
0.004072
0.003832
-0.009404
-0.000736
-0.038853
-0.999245
5.660349
---
0.999582
0.019390
-0.000772
-0.021448
-0.004640
-0.003642
-0.007059
-0.002746
0.009091
-0.005846
-0.000734
-0.038798
-0.999247
5.677500
---
0.999582
0.019320
-0.000743
-0.021507
-0.004569
-0.003501
-0.007065
-0.001137
0.002698
-0.012569
-0.000663
-0.038658
-0.999252
5.694988
---
0.999581
0.019318
-0.000722
-0.021548
-0.001588
0.002364
-0.014878
0.000099
0.003857
-0.009925
-0.000611
-0.038652
-0.999253
5.712113
---
0.999579
0.019354
-0.000752
-0.021588
0.003241
0.001316
-0.009015
0.008568
-0.004975
-0.007750
-0.000665
-0.038723
-0.999250
5.729874
---
0.999578
0.019377
-0.000752
-0.021606
0.003241
0.001267
-0.009014
0.003545
-0.008680
-0.004051
-0.000665
-0.038772
-0.999248
5.745985
---
0.999576
0.019450
-0.000732
-0.021663
-0.000606
0.002100
-0.008031
0.008537
-0.001473
-0.001024
-0.000606
-0.038915
-0.999242
5.763872
---
0.999576
0.019492
-0.000691
-0.021623
-0.005404
0.005924
-0.013888
0.002188
0.003314
0.005913
-0.000522
-0.038998
-0.999239
5.779989
---
0.999576
0.019512
-0.000657
-0.021602
-0.005350
0.005884
-0.013886
0.000691
0.001289
0.006262
-0.000467
-0.039038
-0.999238
5.797874
---
0.999577
0.019511
-0.000622
-0.021575
0.006438
0.001007
-0.009980
0.000697
0.000170
0.001596
-0.000398
-0.039032
-0.999238
5.813989
---
0.999577
0.019559
-0.000573
-0.021504
-0.004214
0.003841
-0.009000
0.000869
0.011378
0.015681
-0.000308
-0.039128
-0.999234
5.831052
---
0.999578
0.019602
-0.000546
-0.021442
-0.004186
0.003758
-0.008997
0.004709
-0.006842
0.008964
-0.000280
-0.039211
-0.999231
5.848204
---
0.999578
0.019641
-0.000532
-0.021389
0.006580
0.000751
-0.008994
0.004552
0.001822
0.003131
-0.000256
-0.039288
-0.999228
5.864900
---
0.999580
0.019627
-0.000546
-0.021321
-0.004181
-0.003126
-0.011924
-0.003704
-0.004991
0.009700
-0.000275
-0.039259
-0.999229
5.882021
---
0.999582
0.019613
-0.000518
-0.021257
-0.004098
-0.003100
-0.011925
-0.005816
0.003915
0.011348
-0.000192
-0.039233
-0.999230
5.899082
---
0.999582
0.019618
-0.000473
-0.021213
0.000833
-0.000178
-0.007042
0.001564
0.000225
0.006572
-0.000144
-0.039240
-0.999230
5.916237
---
0.999584
0.019594
-0.000457
-0.021140
-0.002065
-0.002085
-0.014857
-0.001008
0.001532
0.009509
-0.000112
-0.039194
-0.999232
5.932290
---
0.999586
0.019566
-0.000457
-0.021097
-0.002041
-0.002025
-0.014859
0.000327
0.003801
0.004062
-0.000088
-0.039135
-0.999234
5.949440
---
0.999586
0.019632
-0.000405
-0.021027
0.000974
0.003704
-0.002159
0.003162
0.002339
0.004327
-0.000002
-0.039265
-0.999229
5.966565
---
0.999584
0.019693
-0.000405
-0.021069
0.000976
0.001627
-0.006060
0.010800
-0.001885
-0.006411
-0.000001
-0.039388
-0.999224
5.983684
---
0.999583
0.019720
-0.000386
-0.021102
0.000978
0.000597
-0.005081
0.004981
0.000223
-0.003190
0.000001
-0.039442
-0.999222
6.001662
---
0.999582
0.019716
-0.000423
-0.021140
0.000943
0.000604
-0.005082
-0.001169
-0.001029
-0.010938
-0.000034
-0.039435
-0.999222
6.017776
---
0.999582
0.019684
-0.000386
-0.021173
-0.000932
-0.003239
-0.010943
0.000093
0.009882
-0.004526
0.000045
-0.039371
-0.999225
6.034868
---
0.999584
0.019629
-0.000345
-0.021131
-0.000874
-0.003126
-0.010948
-0.004694
0.002437
0.005768
0.000102
-0.039259
-0.999229
6.051898
---
0.999584
0.019626
-0.000345
-0.021136
0.002089
0.001764
-0.004112
-0.002201
-0.002302
0.003172
0.000135
-0.039252
-0.999229
6.069295
---
0.999585
0.019652
-0.000345
-0.021045
0.004056
0.002691
-0.006063
-0.001368
0.000907
0.017470
0.000150
-0.039301
-0.999227
6.085869
---
0.999586
0.019689
-0.000386
-0.020993
0.001083
0.000663
-0.007037
0.003970
0.005470
-0.000184
0.000107
-0.039376
-0.999224
6.103204
---
0.999587
0.019713
-0.000299
-0.020928
0.001131
0.000615
-0.007035
0.000194
0.005371
0.016314
0.000154
-0.039424
-0.999223
6.119318
---
0.999588
0.019725
-0.000323
-0.020851
0.005970
-0.000385
-0.006058
-0.002397
0.007669
0.007326
0.000111
-0.039448
-0.999222
6.136961
---
0.999590
0.019685
-0.000405
-0.020795
0.004862
-0.004216
-0.013873
-0.006207
-0.002746
-0.002308
-0.000021
-0.039372
-0.999225
6.154906
---
0.999590
0.019678
-0.000405
-0.020795
0.004857
-0.004203
-0.013874
-0.002765
0.001489
-0.001146
-0.000025
-0.039359
-0.999225
6.171296
---
0.999590
0.019658
-0.000386
-0.020791
-0.000965
0.001698
-0.012899
-0.003913
0.001374
-0.008986
0.000011
-0.039318
-0.999227
6.187321
---
0.999592
0.019610
-0.000423
-0.020784
0.003868
-0.002114
-0.003137
-0.004775
0.003779
0.000102
-0.000039
-0.039224
-0.999231
6.204472
---
0.999591
0.019603
-0.000405
-0.020826
0.003890
-0.002099
-0.003137
-0.001163
0.004883
0.000392
-0.000016
-0.039208
-0.999231
6.221865
---
0.999592
0.019585
-0.000405
-0.020790
-0.000947
0.002822
-0.008998
0.000131
-0.001192
0.002070
0.000029
-0.039171
-0.999233
6.238987
---
0.999593
0.019584
-0.000386
-0.020736
0.002004
0.001849
-0.007045
0.000921
0.010456
0.003484
0.000051
-0.039167
-0.999233
6.256234
---
0.999595
0.019599
-0.000386
-0.020636
0.001967
0.001818
-0.007044
0.005809
0.000924
0.009057
0.000014
-0.039198
-0.999232
6.272347
---
0.999597
0.019581
-0.000440
-0.020543
0.004782
0.001850
-0.007045
-0.002439
-0.013231
0.011157
-0.000101
-0.039166
-0.999233
6.289778
---
0.999597
0.019632
-0.000473
-0.020499
0.001812
-0.000207
-0.007041
-0.000517
-0.004110
0.000300
-0.000141
-0.039269
-0.999229
6.306901
---
0.999597
0.019641
-0.000473
-0.020473
0.001791
-0.000225
-0.007040
0.008822
-0.002283
0.004771
-0.000162
-0.039288
-0.999228
6.323961
---
0.999597
0.019694
-0.000518
-0.020458
0.005619
0.002597
-0.011919
0.007398
-0.006113
-0.002335
-0.000240
-0.039395
-0.999224
6.341115
---
0.999596
0.019726
-0.000503
-0.020459
0.003673
0.005465
-0.008010
0.000878
-0.001155
0.000334
-0.000233
-0.039457
-0.999221
6.358907
---
0.999595
0.019745
-0.000532
-0.020476
0.004606
0.000543
-0.008009
0.000643
0.000841
-0.009263
-0.000277
-0.039496
-0.999220
6.375020
---
0.999593
0.019758
-0.000585
-0.020581
0.004534
0.000515
-0.008008
-0.000642
-0.008889
-0.006485
-0.000348
-0.039525
-0.999219
6.392816
---
0.999591
0.019772
-0.000559
-0.020658
-0.002274
-0.001465
-0.008983
0.000092
-0.000422
-0.014451
-0.000320
-0.039551
-0.999218
6.408932
---
0.999590
0.019734
-0.000573
-0.020738
0.001632
-0.003344
-0.008986
-0.006699
-0.000872
-0.008088
-0.000321
-0.039476
-0.999220
6.426907
---
0.999589
0.019683
-0.000559
-0.020853
0.001654
-0.003241
-0.008990
-0.006513
0.002795
-0.013686
-0.000299
-0.039373
-0.999225
6.443025
---
0.999588
0.019647
-0.000546
-0.020931
0.000673
0.000737
-0.014852
-0.006801
0.001850
-0.012137
-0.000303
-0.039302
-0.999227
6.460057
---
0.999585
0.019675
-0.000573
-0.021021
0.002602
-0.001273
-0.010944
0.006990
0.000915
-0.011645
-0.000328
-0.039359
-0.999225
6.477209
---
0.999584
0.019659
-0.000598
-0.021108
0.002553
-0.001242
-0.010945
-0.002807
-0.002901
-0.013840
-0.000377
-0.039328
-0.999226
6.493321
---
0.999583
0.019651
-0.000622
-0.021163
0.002499
0.001703
-0.010946
-0.003104
-0.003265
-0.011092
-0.000431
-0.039312
-0.999227
6.510441
---
0.999580
0.019640
-0.000646
-0.021284
0.005410
-0.002182
-0.005087
-0.006882
-0.006326
-0.006001
-0.000450
-0.039292
-0.999228
6.528237
---
0.999579
0.019615
-0.000680
-0.021358
0.005325
-0.002132
-0.005089
-0.006816
-0.000011
-0.008149
-0.000535
-0.039241
-0.999230
6.544354
---
0.999577
0.019628
-0.000722
-0.021456
0.005219
0.000767
-0.003135
0.006658
-0.008018
-0.006137
-0.000640
-0.039272
-0.999228
6.561902
---
0.999575
0.019654
-0.000743
-0.021535
0.001282
0.000715
-0.007039
0.004887
-0.002547
-0.016548
-0.000671
-0.039324
-0.999226
6.579023
---
0.999573
0.019663
-0.000782
-0.021597
0.001226
0.000696
-0.007038
-0.001252
0.002791
-0.006928
-0.000727
-0.039343
-0.999225
6.596571
---
0.999573
0.019708
-0.000810
-0.021556
0.000210
0.001582
-0.007034
0.008477
-0.001928
0.007918
-0.000766
-0.039433
-0.999222
6.612690
---
0.999573
0.019678
-0.000810
-0.021576
0.003129
-0.003242
-0.008990
-0.004822
0.000943
0.005080
-0.000777
-0.039375
-0.999224
6.629871
---
0.999573
0.019681
-0.000837
-0.021584
0.003050
-0.003250
-0.008990
-0.003622
-0.001428
0.001413
-0.000857
-0.039383
-0.999224
6.646994
---
0.999575
0.019620
-0.000913
-0.021528
0.001945
-0.004109
-0.008017
-0.007251
0.012282
0.006966
-0.000984
-0.039265
-0.999228
6.664909
---
0.999579
0.019518
-0.000977
-0.021440
0.001838
-0.003904
-0.004119
-0.013279
0.001387
0.003144
-0.001092
-0.039060
-0.999236
6.681024
---
0.999582
0.019473
-0.000984
-0.021371
0.001795
-0.003813
-0.004123
0.003716
-0.003185
0.004612
-0.001134
-0.038970
-0.999240
6.698874
---
0.999582
0.019471
-0.000984
-0.021347
0.003757
-0.001858
0.000760
-0.001183
0.004272
0.005779
-0.001126
-0.038968
-0.999240
6.714993
---
0.999585
0.019395
-0.000999
-0.021288
-0.002147
-0.004639
-0.009988
-0.005082
-0.004177
0.005664
-0.001171
-0.038819
-0.999246
6.732056
---
0.999588
0.019318
-0.000992
-0.021225
-0.002157
-0.004483
-0.009994
-0.006656
0.001959
0.008622
-0.001180
-0.038663
-0.999252
6.749205
---
0.999588
0.019289
-0.001029
-0.021210
0.002673
0.003386
-0.005113
-0.008995
-0.007845
-0.001257
-0.001234
-0.038606
-0.999254
6.765322
---
0.999589
0.019326
-0.001036
-0.021149
0.007508
0.005264
-0.004134
0.008709
-0.007553
-0.002658
-0.001281
-0.038681
-0.999251
6.782443
---
0.999588
0.019341
-0.001036
-0.021161
0.007542
0.005235
-0.004133
0.001976
-0.002905
0.005518
-0.001247
-0.038710
-0.999250
6.799476
---
0.999587
0.019375
-0.001092
-0.021192
0.002543
0.003212
-0.008036
0.006785
-0.006622
-0.009390
-0.001363
-0.038781
-0.999247
6.816628
---
0.999585
0.019398
-0.001152
-0.021253
0.005359
0.001211
-0.006081
0.006528
-0.008844
-0.012243
-0.001477
-0.038828
-0.999245
6.833868
---
0.999583
0.019427
-0.001164
-0.021322
0.005327
0.001151
-0.006078
0.002743
0.002370
-0.007144
-0.001509
-0.038888
-0.999242
6.850993
---
0.999582
0.019454
-0.001184
-0.021372
-0.000563
0.000120
-0.011936
0.007574
-0.008645
-0.002252
-0.001539
-0.038943
-0.999240
6.868112
---
0.999580
0.019472
-0.001171
-0.021416
-0.000538
0.001063
-0.011934
-0.004576
-0.002357
-0.008630
-0.001515
-0.038976
-0.999239
6.885879
---
0.999579
0.019465
-0.001164
-0.021475
0.002402
0.000100
-0.007052
-0.005474
0.000387
-0.002039
-0.001504
-0.038963
-0.999240
6.901904
---
0.999580
0.019433
-0.001145
-0.021488
0.002442
0.000164
-0.007055
-0.006169
0.001079
-0.002227
-0.001464
-0.038899
-0.999242
6.919023
---
0.999580
0.019407
-0.001158
-0.021495
0.002423
-0.001739
-0.008033
-0.004839
-0.001206
0.001050
-0.001484
-0.038849
-0.999244
6.936877
---
0.999582
0.019375
-0.001145
-0.021450
0.005368
0.002232
-0.008036
0.001124
-0.005415
-0.004333
-0.001468
-0.038784
-0.999247
6.953849
---
0.999581
0.019386
-0.001152
-0.021442
0.005365
0.002210
-0.008035
-0.000160
-0.004269
0.001641
-0.001471
-0.038805
-0.999246
6.969961
---
0.999580
0.019413
-0.001125
-0.021467
-0.000473
0.001181
-0.009986
-0.002305
-0.000824
-0.002936
-0.001450
-0.038858
-0.999244
6.986997
---
0.999580
0.019417
-0.001125
-0.021472
0.000528
-0.002732
-0.010962
-0.001609
0.000933
0.005367
-0.001425
-0.038865
-0.999243
7.004146
---
0.999581
0.019389
-0.001125
-0.021448
0.000535
-0.002677
-0.010964
0.008682
0.001856
-0.007861
-0.001418
-0.038810
-0.999246
7.021879
---
0.999581
0.019387
-0.001125
-0.021464
-0.000428
0.001233
-0.007058
-0.002375
0.001702
-0.012952
-0.001404
-0.038806
-0.999246
7.037991
---
0.999579
0.019403
-0.001152
-0.021527
0.001460
-0.002707
-0.009987
0.001409
-0.002559
-0.008952
-0.001470
-0.038840
-0.999244
7.054992
---
0.999579
0.019376
-0.001112
-0.021564
0.001544
-0.002649
-0.009989
-0.004242
-0.001633
-0.005031
-0.001386
-0.038782
-0.999247
7.072112
---
0.999579
0.019377
-0.001119
-0.021567
0.001529
-0.000702
-0.009012
0.004380
0.003386
-0.002645
-0.001401
-0.038788
-0.999247
7.089756
---
0.999578
0.019356
-0.001119
-0.021638
0.003472
-0.000658
-0.008037
-0.002770
-0.000248
-0.007294
-0.001411
-0.038744
-0.999248
7.105871
---
0.999578
0.019321
-0.001119
-0.021678
0.003472
-0.000591
-0.008040
-0.008364
-0.001700
-0.001516
-0.001411
-0.038677
-0.999251
7.122903
---
0.999578
0.019330
-0.001119
-0.021639
0.000535
0.004275
-0.010969
-0.001011
-0.001571
0.002894
-0.001418
-0.038694
-0.999250
7.140057
---
0.999580
0.019362
-0.001139
-0.021544
0.007349
0.001282
-0.008037
0.005827
0.005291
0.015790
-0.001440
-0.038757
-0.999248
7.157849
---
0.999582
0.019370
-0.001132
-0.021443
0.007343
0.001268
-0.008036
0.003545
0.003873
0.011594
-0.001446
-0.038771
-0.999247
7.173963
---
0.999583
0.019381
-0.001145
-0.021357
0.002438
0.003197
-0.009012
0.004716
-0.008478
0.010117
-0.001468
-0.038795
-0.999246
7.191788
---
0.999584
0.019398
-0.001190
-0.021311
0.006256
0.004137
-0.009987
0.001210
-0.003772
0.002600
-0.001556
-0.038832
-0.999245
7.207905
---
0.999583
0.019427
-0.001177
-0.021329
-0.004441
0.001150
-0.004125
0.008014
0.005866
-0.006770
-0.001511
-0.038889
-0.999242
7.225818
---
0.999581
0.019484
-0.001132
-0.021370
-0.004372
0.001038
-0.004121
0.009045
0.005728
-0.008151
-0.001442
-0.039001
-0.999238
7.241936
---
0.999583
0.019431
-0.001119
-0.021356
0.004428
-0.004714
-0.005102
-0.007340
-0.001409
0.003489
-0.001432
-0.038893
-0.999242
7.258965
---
0.999583
0.019403
-0.001112
-0.021349
0.000549
0.004131
-0.009987
0.002043
-0.001680
0.003110
-0.001405
-0.038837
-0.999245
7.276116
---
0.999584
0.019388
-0.001119
-0.021305
0.000544
0.004161
-0.009988
0.000865
0.002031
0.006218
-0.001410
-0.038807
-0.999246
7.293787
---
0.999583
0.019442
-0.001145
-0.021310
0.004413
0.002099
-0.010960
0.007499
0.000511
-0.007517
-0.001446
-0.038917
-0.999241
7.309903
---
0.999584
0.019437
-0.001152
-0.021263
0.002423
-0.001798
-0.007054
-0.000282
-0.000474
-0.000339
-0.001483
-0.038907
-0.999242
7.327177
---
0.999585
0.019401
-0.001171
-0.021241
0.002386
-0.001726
-0.007057
-0.001381
-0.002747
0.009098
-0.001520
-0.038835
-0.999245
7.343292
---
0.999587
0.019392
-0.001158
-0.021174
-0.001507
0.000245
-0.006081
-0.002477
-0.007964
0.006973
-0.001507
-0.038818
-0.999245
7.360356
---
0.999588
0.019411
-0.001105
-0.021091
-0.004331
0.006068
-0.004127
0.003265
0.011692
0.009477
-0.001402
-0.038853
-0.999244
7.377509
---
0.999587
0.019474
-0.001050
-0.021088
-0.004212
0.005944
-0.004122
0.004025
0.002596
0.009618
-0.001282
-0.038978
-0.999239
7.394629
---
0.999588
0.019513
-0.001029
-0.021022
0.001702
0.000987
-0.006072
0.007608
0.002794
0.003917
-0.001228
-0.039053
-0.999236
7.411751
---
0.999590
0.019554
-0.001021
-0.020871
-0.003184
0.001880
-0.009975
0.002692
-0.000520
0.009148
-0.001231
-0.039136
-0.999233
7.428784
---
0.999593
0.019548
-0.001071
-0.020763
-0.003286
0.001891
-0.009976
-0.003456
-0.007801
0.005187
-0.001333
-0.039124
-0.999233
7.445934
---
0.999595
0.019559
-0.001064
-0.020631
-0.002319
0.000893
-0.008998
0.005640
-0.005070
0.009783
-0.001342
-0.039146
-0.999233
7.463969
---
0.999596
0.019604
-0.001099
-0.020545
0.001545
0.002754
-0.008995
0.009117
-0.008053
0.012905
-0.001385
-0.039239
-0.999229
7.479998
---
0.999597
0.019653
-0.001078
-0.020476
0.001548
0.002657
-0.008991
0.008282
0.006103
0.006171
-0.001381
-0.039335
-0.999225
7.497881
---
0.999597
0.019682
-0.001021
-0.020455
0.000696
0.002603
-0.009965
-0.002881
0.009530
0.007174
-0.001257
-0.039389
-0.999223
7.513994
---
0.999597
0.019696
-0.000984
-0.020432
-0.002157
-0.002306
-0.007035
-0.003974
0.005740
0.002918
-0.001180
-0.039415
-0.999222
7.531028
---
0.999597
0.019661
-0.000999
-0.020427
-0.002160
-0.002240
-0.007037
0.003258
0.000993
0.000708
-0.001184
-0.039349
-0.999225
7.548177
---
0.999598
0.019655
-0.001021
-0.020417
0.003655
0.004611
-0.008014
-0.000424
-0.002817
0.002563
-0.001228
-0.039335
-0.999225
7.564874
---
0.999598
0.019675
-0.001036
-0.020391
-0.001267
0.001638
-0.012896
0.004113
0.006999
-0.004748
-0.001267
-0.039377
-0.999224
7.582017
---
0.999597
0.019672
-0.001036
-0.020418
-0.001265
0.001646
-0.012896
-0.005262
-0.004688
0.002334
-0.001265
-0.039370
-0.999224
7.599054
---
0.999597
0.019653
-0.001036
-0.020464
-0.001263
-0.002223
-0.008991
-0.007686
-0.002354
-0.001470
-0.001263
-0.039332
-0.999225
7.616213
---
0.999596
0.019660
-0.000992
-0.020484
0.004664
0.004599
-0.009967
0.004444
-0.002494
-0.002768
-0.001195
-0.039346
-0.999225
7.632266
---
0.999593
0.019736
-0.001007
-0.020559
0.004655
0.004447
-0.009961
-0.000674
-0.003507
-0.003759
-0.001204
-0.039498
-0.999219
7.649414
---
0.999590
0.019815
-0.001021
-0.020632
0.006595
0.005266
-0.010931
0.010179
0.006521
-0.003345
-0.001218
-0.039656
-0.999213
7.666539
---
0.999588
0.019871
-0.001014
-0.020663
-0.001217
0.001249
-0.008974
0.009584
-0.001711
-0.004827
-0.001217
-0.039766
-0.999208
7.683661
---
0.999589
0.019868
-0.001021
-0.020646
0.004640
0.001253
-0.010927
-0.001497
-0.000485
0.004963
-0.001219
-0.039763
-0.999208
7.701543
---
0.999588
0.019876
-0.001029
-0.020662
0.004613
0.001238
-0.010926
-0.001102
-0.001911
0.003386
-0.001247
-0.039778
-0.999208
7.717661
---
0.999588
0.019923
-0.001092
-0.020619
0.006451
0.003096
-0.011899
0.004754
-0.000935
0.010937
-0.001362
-0.039873
-0.999204
7.734872
---
0.999589
0.019950
-0.001139
-0.020576
-0.000477
0.004016
-0.008967
0.008344
-0.004477
0.008619
-0.001453
-0.039929
-0.999201
7.752362
---
0.999589
0.019973
-0.001119
-0.020535
-0.000435
0.003968
-0.008965
0.008257
-0.002143
0.001519
-0.001412
-0.039977
-0.999200
7.769117
---
0.999589
0.020009
-0.001145
-0.020490
-0.000477
-0.000012
-0.007986
0.000893
0.001562
-0.003843
-0.001454
-0.040051
-0.999197
7.786241
---
0.999589
0.020030
-0.001164
-0.020457
0.007286
-0.000051
-0.012867
0.005906
-0.000331
0.006016
-0.001504
-0.040090
-0.999195
7.803117
---
0.999590
0.020035
-0.001152
-0.020422
0.007295
-0.000063
-0.012866
-0.000248
-0.003959
0.003886
-0.001494
-0.040102
-0.999195
7.820153
---
0.999591
0.020016
-0.001119
-0.020393
-0.002410
0.001930
-0.008962
-0.003025
-0.003426
0.005003
-0.001433
-0.040063
-0.999196
7.837300
---
0.999592
0.020018
-0.001125
-0.020332
0.009302
0.001925
-0.005055
-0.004033
0.006044
0.005430
-0.001440
-0.040068
-0.999196
7.853997
---
0.999591
0.020058
-0.001152
-0.020339
0.009234
0.001845
-0.005052
0.011246
-0.001495
-0.002091
-0.001509
-0.040147
-0.999193
7.871121
---
0.999591
0.020054
-0.001227
-0.020340
0.005183
0.000873
-0.005052
-0.004750
-0.019783
-0.007149
-0.001653
-0.040143
-0.999193
7.888757
---
0.999591
0.020053
-0.001257
-0.020345
0.003190
0.001852
-0.007005
-0.000557
0.000753
0.003506
-0.001693
-0.040140
-0.999193
7.904875
---
0.999591
0.020067
-0.001245
-0.020334
0.003196
0.001825
-0.007004
0.003005
0.000565
-0.002774
-0.001687
-0.040168
-0.999192
7.922880
---
0.999590
0.020093
-0.001227
-0.020356
-0.000663
0.002750
-0.011885
0.004165
0.007889
0.000028
-0.001639
-0.040218
-0.999190
7.938993
---
0.999589
0.020154
-0.001263
-0.020365
-0.002693
0.000673
-0.006997
0.006686
-0.001035
0.001620
-0.001716
-0.040342
-0.999184
7.956028
---
0.999588
0.020178
-0.001257
-0.020387
-0.002668
0.000623
-0.006995
-0.002033
-0.001614
-0.004946
-0.001691
-0.040393
-0.999182
7.973179
---
0.999587
0.020163
-0.001257
-0.020436
0.006125
-0.000321
-0.006996
-0.006892
-0.000382
-0.007296
-0.001688
-0.040360
-0.999184
7.989782
---
0.999587
0.020175
-0.001274
-0.020434
0.003161
0.003562
-0.008948
-0.003439
-0.006641
0.006253
-0.001722
-0.040383
-0.999183
8.006905
---
0.999588
0.020171
-0.001298
-0.020384
0.003107
0.003567
-0.008949
-0.001364
-0.005652
0.000099
-0.001776
-0.040379
-0.999183
8.024026
---
0.999589
0.020161
-0.001320
-0.020351
0.005986
-0.000320
-0.011879
-0.001340
-0.004400
0.008193
-0.001826
-0.040359
-0.999184
8.041150
---
0.999589
0.020190
-0.001320
-0.020325
0.001106
0.001574
-0.011877
0.001678
0.000848
0.004684
-0.001824
-0.040418
-0.999181
8.058880
---
0.999589
0.020170
-0.001337
-0.020325
0.004981
-0.005222
-0.008948
-0.005415
-0.006338
-0.001026
-0.001855
-0.040378
-0.999183
8.074998
---
0.999591
0.020101
-0.001408
-0.020306
0.004845
-0.005087
-0.008954
-0.007690
-0.005014
-0.004589
-0.001991
-0.040243
-0.999188
8.092789
---
0.999590
0.020103
-0.001439
-0.020316
0.002830
-0.001186
-0.009930
-0.003514
-0.007024
-0.000237
-0.002052
-0.040249
-0.999188
8.108904
---
0.999592
0.020053
-0.001444
-0.020306
0.000852
0.000868
-0.009934
-0.006616
0.000278
0.001749
-0.002077
-0.040148
-0.999192
8.126698
---
0.999591
0.020062
-0.001418
-0.020345
0.000909
0.000849
-0.009933
-0.001720
0.000249
-0.003799
-0.002021
-0.040167
-0.999191
8.142813
---
0.999590
0.020056
-0.001359
-0.020380
-0.002876
-0.000112
-0.007981
-0.005280
0.007360
-0.007943
-0.001899
-0.040151
-0.999192
8.159873
---
0.999591
0.020048
-0.001320
-0.020367
0.001098
0.000881
-0.010911
-0.002010
0.000534
0.004568
-0.001831
-0.040135
-0.999193
8.176996
---
0.999591
0.020038
-0.001326
-0.020355
0.001095
0.000902
-0.010912
0.004093
0.000905
-0.000790
-0.001834
-0.040113
-0.999193
8.194881
---
0.999590
0.020081
-0.001274
-0.020372
-0.002732
0.001793
-0.011886
0.003979
0.004396
-0.003592
-0.001755
-0.040200
-0.999190
8.210995
---
0.999589
0.020134
-0.001274
-0.020381
0.001208
0.000711
-0.009928
0.009771
-0.001608
-0.000672
-0.001721
-0.040305
-0.999186
8.228149
---
0.999589
0.020145
-0.001280
-0.020365
0.001180
0.000689
-0.009927
0.007268
-0.001544
0.005101
-0.001750
-0.040327
-0.999185
8.245271
---
0.999589
0.020156
-0.001239
-0.020365
-0.006539
-0.001285
-0.007973
-0.004067
0.007533
-0.000218
-0.001656
-0.040347
-0.999184
8.261876
---
0.999588
0.020163
-0.001164
-0.020397
-0.004427
-0.001297
-0.012856
-0.005901
0.006758
-0.002890
-0.001497
-0.040359
-0.999184
8.278996
---
0.999588
0.020158
-0.001132
-0.020426
-0.004369
-0.001283
-0.012857
-0.006251
-0.000684
0.007954
-0.001440
-0.040346
-0.999185
8.296029
---
0.999589
0.020119
-0.001105
-0.020401
0.004466
-0.001205
-0.013836
-0.007374
0.004262
0.004994
-0.001394
-0.040268
-0.999188
8.313180
---
0.999588
0.020116
-0.001071
-0.020458
0.005519
-0.000220
-0.014813
-0.003133
-0.001766
-0.003806
-0.001317
-0.040259
-0.999188
8.329875
---
0.999588
0.020085
-0.001064
-0.020493
0.005535
-0.000158
-0.014816
0.000728
0.002847
-0.009763
-0.001301
-0.040197
-0.999191
8.347000
---
0.999587
0.020123
-0.001036
-0.020494
0.003612
-0.000233
-0.007977
0.004333
-0.000652
0.011005
-0.001271
-0.040272
-0.999188
8.364881
---
0.999588
0.020118
-0.001014
-0.020446
-0.002172
-0.000221
-0.010907
-0.004061
0.015296
0.003788
-0.001196
-0.040260
-0.999189
8.380998
---
0.999590
0.020121
-0.000992
-0.020366
-0.002149
-0.000227
-0.010907
-0.000424
0.004248
0.010220
-0.001173
-0.040266
-0.999188
8.398882
---
0.999590
0.020097
-0.000946
-0.020384
-0.002039
-0.000177
-0.006026
-0.005284
0.009105
-0.004685
-0.001062
-0.040216
-0.999190
8.414999
---
0.999589
0.020112
-0.000880
-0.020409
-0.002888
-0.004111
-0.012861
-0.005397
0.006320
-0.002665
-0.000935
-0.040244
-0.999189
8.432059
---
0.999590
0.020109
-0.000846
-0.020388
-0.002847
-0.004102
-0.012862
0.003355
0.000959
0.004601
-0.000893
-0.040235
-0.999190
8.449209
---
0.999591
0.020105
-0.000897
-0.020328
0.004891
-0.000190
-0.011885
-0.006476
-0.004044
0.004296
-0.000969
-0.040229
-0.999190
8.465906
---
0.999591
0.020127
-0.000863
-0.020307
0.008827
0.000742
-0.009930
0.004598
0.012458
-0.000403
-0.000939
-0.040273
-0.999188
8.483027
---
0.999592
0.020147
-0.000854
-0.020245
0.002985
0.000705
-0.010906
0.005783
-0.002276
0.009333
-0.000921
-0.040311
-0.999187
8.500850
---
0.999593
0.020151
-0.000880
-0.020161
0.002977
0.000696
-0.010905
-0.000913
0.002516
0.012316
-0.000929
-0.040320
-0.999186
8.517029
---
0.999596
0.020125
-0.000889
-0.020072
0.000998
-0.005111
-0.013837
-0.011761
0.010040
0.012794
-0.000955
-0.040267
-0.999188
8.534882
---
0.999597
0.020093
-0.000889
-0.020041
0.000985
-0.005052
-0.013839
-0.007378
0.003455
0.013128
-0.000968
-0.040208
-0.999191
8.550907
---
0.999599
0.020054
-0.000889
-0.019972
-0.001957
-0.003019
-0.007007
-0.006045
-0.000086
0.012506
-0.000980
-0.040128
-0.999194
8.568057
---
0.999601
0.020077
-0.000837
-0.019869
0.000078
0.001821
-0.012864
-0.000495
0.001238
0.014982
-0.000898
-0.040171
-0.999192
8.585853
---
0.999603
0.020078
-0.000872
-0.019729
0.006864
-0.005995
-0.007005
0.000529
-0.004163
0.021002
-0.000948
-0.040174
-0.999192
8.601970
---
0.999606
0.020053
-0.000863
-0.019628
0.006852
-0.005944
-0.007007
-0.004310
-0.000562
0.015025
-0.000960
-0.040124
-0.999194
8.619089
---
0.999607
0.020041
-0.000922
-0.019557
-0.000070
0.005795
-0.010914
0.000595
-0.002585
0.005046
-0.001047
-0.040103
-0.999195
8.636882
---
0.999609
0.020032
-0.000930
-0.019501
0.001861
-0.001022
-0.007008
-0.001047
-0.003908
0.009916
-0.001069
-0.040085
-0.999196
8.653578