---
0.856433
0.015168
-0.009578
-0.515947
-0.000754
0.000267
-0.008145
-0.008665
-0.065349
-0.018099
-0.000754
-0.035865
-0.999356
0.000000
---
0.856448
0.014860
-0.009713
-0.515929
0.002600
0.001631
-0.012065
-0.002591
-0.010116
0.026667
-0.001307
-0.035478
-0.999370
0.068491
---
0.856546
0.014936
-0.009762
-0.515762
0.000636
0.002430
-0.010105
0.010073
0.000130
0.006990
-0.001317
-0.035656
-0.999363
0.085612
---
0.856555
0.014926
-0.009886
-0.515745
0.004319
0.003294
-0.011078
0.016296
-0.034826
-0.006870
-0.001540
-0.035769
-0.999359
0.102735
---
0.856525
0.014928
-0.010168
-0.515789
0.003840
0.003002
-0.011066
0.018376
-0.019899
-0.011286
-0.002019
-0.036060
-0.999348
0.119856
---
0.856487
0.015271
-0.010194
-0.515843
-0.002686
0.004339
-0.012021
0.032482
0.016387
-0.003953
-0.001709
-0.036677
-0.999326
0.135969
---
0.856457
0.015567
-0.010157
-0.515883
-0.002313
0.001916
-0.012004
0.019629
0.027403
-0.000981
-0.001336
-0.037147
-0.999309
0.153094
---
0.856399
0.015800
-0.010117
-0.515973
-0.002000
0.001558
-0.011991
0.016897
0.016960
-0.010474
-0.001024
-0.037505
-0.999296
0.170214
---
0.856339
0.015779
-0.010125
-0.516074
0.001874
-0.001342
-0.012969
-0.002898
0.002101
-0.019552
-0.001056
-0.037475
-0.999297
0.187339
---
0.856308
0.015613
-0.010130
-0.516129
0.001698
-0.005946
-0.010049
-0.036266
-0.018143
-0.003900
-0.001232
-0.037196
-0.999307
0.204461
---
0.856318
0.015373
-0.010091
-0.516122
0.001516
-0.005497
-0.010066
-0.023317
0.004096
0.013877
-0.001413
-0.036747
-0.999324
0.221579
---
0.856337
0.015322
-0.009913
-0.516094
-0.000188
-0.001320
-0.004217
-0.014858
0.006863
0.010532
-0.001165
-0.036476
-0.999334
0.238703
---
0.856411
0.015408
-0.009801
-0.515972
-0.003819
0.002556
-0.013005
0.013854
0.022708
0.010434
-0.000889
-0.036506
-0.999333
0.255825
---
0.856570
0.015513
-0.009753
-0.515705
-0.003640
0.002428
-0.013000
0.005255
0.007041
0.032102
-0.000710
-0.036635
-0.999328
0.272946
---
0.856791
0.015391
-0.009869
-0.515340
0.001879
-0.000412
-0.011050
-0.005063
-0.000296
0.043593
-0.001051
-0.036545
-0.999331
0.289060
---
0.856982
0.015295
-0.009808
-0.515026
0.000894
-0.006046
-0.006176
-0.022280
-0.004946
0.042271
-0.001059
-0.036319
-0.999340
0.306185
---
0.857622
0.015126
-0.009679
-0.513967
-0.001055
0.003167
-0.016933
0.012633
0.004172
0.032854
-0.001055
-0.035896
-0.999355
0.357550
---
0.857727
0.015400
-0.009443
-0.513788
-0.000374
0.002941
-0.016925
0.010950
0.051627
0.026656
-0.000374
-0.036121
-0.999347
0.374672
---
0.857800
0.015543
-0.009249
-0.513665
-0.003807
-0.000037
-0.005205
0.003007
0.034592
0.014093
0.000099
-0.036169
-0.999346
0.391794
---
0.857889
0.015649
-0.009049
-0.513517
0.001520
-0.000989
-0.013018
-0.018080
-0.015012
-0.008755
0.000544
-0.036145
-0.999346
0.425032
---
0.857844
0.015476
-0.009143
-0.513596
0.004118
-0.001764
-0.017908
-0.009193
-0.024576
-0.017831
0.000212
-0.035944
-0.999354
0.442152
---
0.857647
0.015037
-0.009599
-0.513930
0.005825
-0.000504
-0.009129
0.006324
-0.023179
-0.028084
-0.001011
-0.035660
-0.999363
0.476398
---
0.857293
0.014963
-0.009847
-0.514516
-0.003440
0.000344
-0.009124
0.008472
0.006181
-0.046145
-0.001487
-0.035789
-0.999358
0.510642
---
0.857156
0.015012
-0.009763
-0.514745
0.001649
0.000345
-0.013031
-0.001828
0.014840
-0.031635
-0.001280
-0.035788
-0.999359
0.528222
---
0.856905
0.015001
-0.009755
-0.515163
0.001667
0.000371
-0.013031
-0.003029
-0.002275
-0.070828
-0.001263
-0.035762
-0.999360
0.544338
---
0.856612
0.015050
-0.009630
-0.515652
-0.003909
-0.000559
-0.011080
-0.002759
0.012417
-0.060418
-0.000979
-0.035715
-0.999362
0.561461
---
0.856380
0.015168
-0.009563
-0.516035
-0.003655
-0.000694
-0.011076
0.018068
0.018843
-0.060462
-0.000725
-0.035850
-0.999357
0.578581
---
0.856177
0.015271
-0.009644
-0.516367
0.001211
0.004906
-0.008137
0.018483
-0.001129
-0.046206
-0.000742
-0.036109
-0.999348
0.595704
---
0.856057
0.015290
-0.009576
-0.516567
-0.003531
-0.002868
-0.012044
-0.003377
0.003504
-0.012118
-0.000602
-0.036071
-0.999349
0.612827
---
0.856030
0.015251
-0.009441
-0.516615
-0.001386
-0.003641
-0.007169
-0.017342
0.013429
-0.007008
-0.000409
-0.035868
-0.999357
0.629948
---
0.856119
0.015255
-0.009309
-0.516470
-0.001158
-0.003510
-0.007174
-0.008034
0.008680
0.015235
-0.000181
-0.035736
-0.999361
0.646069
---
0.856198
0.015183
-0.009413
-0.516340
0.005421
0.002366
-0.007174
0.000144
-0.007194
0.024698
-0.000438
-0.035720
-0.999362
0.663185
---
0.856312
0.014991
-0.009492
-0.516154
0.000198
-0.005201
-0.006206
-0.020686
-0.023649
0.028107
-0.000779
-0.035474
-0.999370
0.680310
---
0.856461
0.014813
-0.009528
-0.515912
-0.000058
-0.004935
-0.006215
-0.011558
0.007484
0.034368
-0.001035
-0.035209
-0.999380
0.697434
---
0.856553
0.014749
-0.009409
-0.515763
-0.002857
-0.001773
-0.006224
-0.010191
0.006462
0.021892
-0.000904
-0.034976
-0.999388
0.714556
---
0.856628
0.014731
-0.009276
-0.515641
-0.002654
0.000353
-0.011113
-0.011242
0.017953
0.019185
-0.000701
-0.034803
-0.999394
0.731675
---
0.856749
0.014790
-0.009193
-0.515440
-0.002458
0.000336
-0.011112
0.010340
0.008309
0.015324
-0.000505
-0.034820
-0.999394
0.749161
---
0.856840
0.014852
-0.009200
-0.515286
0.000516
0.003153
-0.010132
0.009475
0.009163
0.028714
-0.000461
-0.034933
-0.999390
0.765277
---
0.856930
0.014883
-0.009256
-0.515135
0.002399
0.002064
-0.007198
0.015587
0.001891
0.020531
-0.000530
-0.035046
-0.999386
0.782399
---
0.857041
0.014932
-0.009269
-0.514948
0.002420
0.001970
-0.007195
0.011090
0.009166
0.021438
-0.000510
-0.035139
-0.999382
0.799525
---
0.857102
0.015027
-0.009366
-0.514842
0.001373
0.003658
-0.012068
0.011855
-0.008441
0.013854
-0.000580
-0.035404
-0.999373
0.816646
---
0.857230
0.015006
-0.009368
-0.514630
0.001335
-0.004120
-0.008163
-0.001546
0.002647
0.027139
-0.000618
-0.035370
-0.999374
0.833765
---
0.857251
0.014912
-0.009403
-0.514596
0.005082
0.003817
-0.012074
0.001198
-0.026680
0.005586
-0.000777
-0.035246
-0.999378
0.850886
---
0.857233
0.014865
-0.009562
-0.514625
0.004765
0.003735
-0.012071
0.011135
-0.016918
-0.012679
-0.001095
-0.035328
-0.999375
0.867004
---
0.857191
0.014786
-0.009781
-0.514693
0.009193
0.003644
-0.009137
-0.001057
-0.036956
-0.016693
-0.001549
-0.035418
-0.999371
0.884123
---
0.857140
0.014640
-0.010124
-0.514777
0.004552
0.002564
-0.015968
0.000611
-0.036929
-0.002604
-0.002284
-0.035522
-0.999366
0.901246
---
0.857095
0.014569
-0.010370
-0.514848
0.004061
0.002433
-0.015962
0.006739
-0.031714
-0.000795
-0.002775
-0.035652
-0.999360
0.918368
---
0.857061
0.014537
-0.010574
-0.514901
0.001728
0.004230
-0.009119
0.011803
-0.014181
-0.002366
-0.003155
-0.035809
-0.999354
0.935491
---
0.857057
0.014604
-0.010710
-0.514904
0.001563
0.003977
-0.009110
0.014722
-0.003959
0.005167
-0.003320
-0.036062
-0.999344
0.952614
---
0.857052
0.014662
-0.010766
-0.514909
-0.000426
0.001865
-0.009104
0.016323
0.003666
-0.005205
-0.003356
-0.036221
-0.999338
0.969735
---
0.857071
0.014602
-0.010927
-0.514875
0.007048
-0.001126
-0.006171
-0.001007
-0.029754
0.002910
-0.003694
-0.036282
-0.999335
0.986857
---
0.857042
0.014528
-0.011024
-0.514924
-0.001005
0.000853
-0.009100
0.001920
-0.006377
-0.003894
-0.003935
-0.036256
-0.999335
1.003982
---
0.857033
0.014485
-0.011104
-0.514939
-0.001186
0.000844
-0.009099
-0.002952
-0.010142
0.001564
-0.004116
-0.036266
-0.999334
1.020094
---
0.856995
0.014405
-0.011236
-0.515001
0.002411
-0.001109
-0.013981
-0.000377
-0.018329
-0.010890
-0.004425
-0.036265
-0.999332
1.037554
---
0.856959
0.014428
-0.011170
-0.515061
-0.006235
-0.000102
-0.010076
0.007021
0.013043
-0.011231
-0.004282
-0.036235
-0.999334
1.071794
---
0.856941
0.014468
-0.011034
-0.515094
-0.001079
-0.001009
-0.009103
0.004036
0.024054
-0.011495
-0.004009
-0.036165
-0.999338
1.088919
---
0.856907
0.014594
-0.010884
-0.515150
-0.000687
-0.001070
-0.009103
0.007537
0.026873
-0.014011
-0.003617
-0.036226
-0.999337
1.105035
---
0.856882
0.014722
-0.010795
-0.515189
-0.001381
0.003684
-0.013982
0.001460
0.027268
-0.011000
-0.003334
-0.036355
-0.999333
1.122158
---
0.856774
0.015007
-0.010508
-0.515367
0.001369
0.000563
-0.011047
0.010283
0.004211
-0.025752
-0.002538
-0.036546
-0.999329
1.156399
---
0.856684
0.015047
-0.010446
-0.515516
0.001525
0.000556
-0.011048
0.000973
0.007181
-0.019838
-0.002382
-0.036553
-0.999329
1.173523
---
0.856678
0.015067
-0.010431
-0.515526
-0.002337
-0.000438
-0.011047
-0.000505
-0.002248
0.025793
-0.002337
-0.036571
-0.999328
1.190643
---
0.857082
0.014884
-0.010193
-0.514865
-0.022657
-0.028195
-0.021810
-0.051383
0.036057
0.123545
-0.002149
-0.036007
-0.999349
1.207767
---
0.857783
0.014728
-0.009694
-0.513710
-0.022006
-0.027413
-0.021839
-0.023989
0.021556
0.141423
-0.001498
-0.035225
-0.999378
1.224888
---
0.858672
0.014689
-0.009357
-0.512230
-0.003949
-0.003563
-0.007206
-0.023586
0.029816
0.235977
-0.001019
-0.034813
-0.999393
1.241004
---
0.859698
0.015078
-0.008443
-0.510510
-0.028419
-0.010132
-0.016981
-0.010812
0.169136
0.238751
0.000878
-0.034546
-0.999403
1.258126
---
0.860388
0.015406
-0.007841
-0.509346
-0.027096
-0.010088
-0.016980
0.025360
-0.136147
0.094399
0.002200
-0.034502
-0.999402
1.275249
---
0.860685
0.015010
-0.008809
-0.508840
0.024527
0.010117
-0.004277
0.026060
-0.117401
0.075311
0.000113
-0.034805
-0.999394
1.292389
---
0.861329
0.014767
-0.009357
-0.507746
-0.003077
-0.004666
-0.010131
0.005536
-0.047295
0.155262
-0.001124
-0.034939
-0.999389
1.309497
---
0.861940
0.014764
-0.009320
-0.506709
-0.009892
-0.004624
-0.012086
-0.005508
0.060311
0.142429
-0.001103
-0.034898
-0.999390
1.326613
---
0.862662
0.014886
-0.009003
-0.505481
-0.009273
-0.004510
-0.012090
-0.008009
0.075021
0.316627
-0.000484
-0.034784
-0.999395
1.343740
---
0.866020
0.014164
-0.006046
-0.499771
-0.056860
-0.071590
-0.014174
-0.251677
0.247598
0.618432
0.003686
-0.030575
-0.999526
1.360862
---
0.868265
0.013254
-0.005243
-0.495897
0.036267
-0.004779
-0.002523
-0.049008
-0.174425
0.513629
0.004040
-0.028216
-0.999594
1.376974
---
0.870253
0.012154
-0.006400
-0.492413
0.033059
-0.004021
-0.002552
-0.046411
-0.178159
0.496561
0.000833
-0.027459
-0.999623
1.394096
---
0.872124
0.011976
-0.007236
-0.489084
0.015691
0.009142
-0.004491
0.029259
-0.101575
0.486775
-0.000910
-0.027968
-0.999608
1.411219
---
0.874033
0.012180
-0.007768
-0.485652
-0.002724
0.013157
-0.004465
0.073250
0.012861
0.486181
-0.001747
-0.028835
-0.999583
1.428337
---
0.876411
0.012844
-0.007868
-0.481328
-0.002404
0.011905
-0.004429
0.059965
0.045837
0.475269
-0.001427
-0.030087
-0.999546
1.445461
---
0.878224
0.013003
-0.008387
-0.477999
0.008441
0.011134
-0.007334
0.045136
-0.055961
0.476633
-0.002301
-0.030858
-0.999521
1.462588
---
0.880058
0.013229
-0.008702
-0.474602
-0.000809
0.006541
-0.007311
0.041241
0.002323
0.487251
-0.002763
-0.031545
-0.999499
1.479707
---
0.882494
0.013502
-0.008923
-0.470046
-0.001100
0.005868
-0.007289
0.023580
0.011419
0.547744
-0.003053
-0.032218
-0.999476
1.496830
---
0.884586
0.013663
-0.009017
-0.466089
-0.001264
0.002577
-0.007277
0.017173
0.001963
0.565639
-0.003218
-0.032579
-0.999464
1.513951
---
0.886659
0.013930
-0.009276
-0.462121
0.002286
0.009691
-0.008229
0.045980
0.000585
0.554969
-0.003574
-0.033278
-0.999440
1.530064
---
0.888843
0.014255
-0.009498
-0.457891
0.002030
0.008932
-0.008202
0.052979
0.012826
0.596516
-0.003829
-0.034036
-0.999413
1.547188
---
0.891146
0.014238
-0.009270
-0.453398
-0.004588
-0.007413
-0.009188
-0.012593
0.035654
0.633402
-0.003612
-0.033780
-0.999423
1.564309
---
0.893785
0.014328
-0.008931
-0.448177
-0.004098
-0.004323
-0.007242
-0.002665
0.044858
0.632499
-0.003122
-0.033620
-0.999430
1.581431
---
0.896342
0.014531
-0.008671
-0.443041
-0.003646
-0.004435
-0.007240
0.046423
0.097715
0.617298
-0.002669
-0.033732
-0.999427
1.598554
---
0.898613
0.015130
-0.008293
-0.438403
-0.017264
0.003621
-0.015030
0.046027
0.077305
0.650625
-0.001639
-0.034465
-0.999405
1.615674
---
0.901441
0.015443
-0.007903
-0.432554
-0.014562
-0.005383
-0.010140
0.004636
0.065185
0.694521
-0.000890
-0.034680
-0.999398
1.633161
---
0.906418
0.015095
-0.007556
-0.422044
-0.000958
-0.015189
0.001546
-0.044097
-0.017700
0.765197
-0.000958
-0.033744
-0.999430
1.667009
---
0.908896
0.014937
-0.007835
-0.416683
0.003088
0.001472
-0.013103
0.017175
-0.030805
0.727892
-0.001795
-0.033684
-0.999431
1.683128
---
0.911404
0.014909
-0.008058
-0.411163
0.002454
0.001355
-0.013098
0.002824
0.005219
0.753954
-0.002429
-0.033801
-0.999426
1.700252
---
0.914507
0.014879
-0.008275
-0.404213
0.000802
-0.000700
-0.003327
0.004281
-0.001072
0.763129
-0.003104
-0.033903
-0.999420
1.717371
---
0.916948
0.014712
-0.008633
-0.398642
0.005662
-0.000663
-0.016020
-0.001454
-0.051190
0.783427
-0.004103
-0.033866
-0.999418
1.734496
---
0.919679
0.014582
-0.009073
-0.392296
0.004518
-0.000741
-0.016012
0.024162
0.014491
0.771975
-0.005247
-0.033944
-0.999410
1.751616
---
0.922252
0.014800
-0.008947
-0.386201
-0.007998
-0.000030
-0.009167
0.018075
0.040720
0.765682
-0.005068
-0.034210
-0.999402
1.768739
---
0.924133
0.014951
-0.008876
-0.381676
-0.008897
-0.000232
-0.009161
0.015501
0.029642
0.737190
-0.004991
-0.034412
-0.999395
1.785768
---
0.926886
0.015144
-0.008777
-0.374934
-0.006871
0.005384
-0.009153
0.031462
0.020815
0.747208
-0.004918
-0.034655
-0.999387
1.802921
---
0.929186
0.015475
-0.008740
-0.369186
-0.006768
0.004828
-0.009134
0.041495
0.038388
0.775537
-0.004815
-0.035211
-0.999368
1.820042
---
0.931490
0.015683
-0.008664
-0.363326
-0.004745
0.001595
-0.006194
0.018320
0.027302
0.817511
-0.004745
-0.035514
-0.999358
1.836160
---
0.934505
0.015824
-0.008424
-0.355498
-0.011334
-0.009198
-0.006193
-0.018280
0.058264
0.844875
-0.004498
-0.035565
-0.999357
1.853280
---
0.937017
0.015760
-0.008117
-0.348834
-0.011053
-0.008830
-0.006207
-0.019863
0.037844
0.880749
-0.004217
-0.035197
-0.999372
1.870404
---
0.939334
0.015919
-0.007999
-0.342541
-0.009980
-0.001210
-0.008154
0.015735
0.030267
0.816313
-0.004121
-0.035390
-0.999365
1.887525
---
0.941620
0.016117
-0.008149
-0.336193
0.007206
0.011043
-0.009113
0.049819
-0.024972
0.817969
-0.004513
-0.035832
-0.999348
1.904646
---
0.943839
0.016380
-0.008582
-0.329888
0.006324
0.010291
-0.009082
0.050999
-0.019050
0.833521
-0.005395
-0.036584
-0.999316
1.921799
---
0.946525
0.016445
-0.008753
-0.322091
0.004764
0.001315
-0.002236
0.015320
0.009865
0.887016
-0.005978
-0.036771
-0.999306
1.938921
---
0.948803
0.016165
-0.008816
-0.315331
0.001275
-0.016705
-0.011041
-0.057512
-0.008561
0.885117
-0.006537
-0.036236
-0.999322
1.955039
---
0.951155
0.015669
-0.008820
-0.308188
0.000692
-0.015713
-0.011072
-0.056940
0.007926
0.935816
-0.007120
-0.035244
-0.999353
1.972157
---
0.953650
0.015992
-0.008100
-0.300383
0.001972
-0.015835
-0.011076
0.013762
0.102881
0.970069
-0.005840
-0.035366
-0.999357
1.989278
---
0.956545
0.016166
-0.007314
-0.291046
-0.022163
-0.003935
-0.003277
-0.017700
0.099275
1.045458
-0.004584
-0.035185
-0.999370
2.006401
---
0.959014
0.016023
-0.007066
-0.282818
-0.022071
-0.003479
-0.003293
-0.047803
-0.046050
1.069734
-0.004493
-0.034729
-0.999387
2.024532
---
0.961913
0.015461
-0.007548
-0.272815
0.001729
-0.011402
-0.005267
-0.035882
-0.029894
1.167679
-0.006083
-0.033863
-0.999408
2.040645
---
0.963902
0.015582
-0.007946
-0.265683
0.017373
0.014569
0.009401
0.053650
-0.041289
1.090286
-0.007041
-0.034260
-0.999388
2.057799
---
0.966925
0.015941
-0.008418
-0.254421
0.016248
0.013716
0.009439
0.030876
0.064607
1.117607
-0.008166
-0.035112
-0.999350
2.074924
---
0.969086
0.016199
-0.008242
-0.246052
-0.013864
0.002632
-0.002269
0.036291
0.045504
1.175810
-0.008005
-0.035454
-0.999339
2.091036
---
0.971544
0.016553
-0.007823
-0.236150
-0.025940
-0.000703
-0.017884
0.035457
0.090884
1.199874
-0.007385
-0.035859
-0.999330
2.108158
---
0.974022
0.016718
-0.008087
-0.225689
0.015226
0.009681
-0.039349
0.032852
-0.144061
1.075737
-0.008211
-0.036217
-0.999310
2.125770
---
0.975890
0.016813
-0.008991
-0.217427
0.013196
0.009171
-0.039312
0.043363
-0.035889
1.023251
-0.010241
-0.036727
-0.999273
2.142889
---
0.977170
0.016944
-0.009375
-0.211574
0.013262
0.009793
0.001727
0.045736
-0.040924
0.979326
-0.011152
-0.037082
-0.999250
2.158915
---
0.979185
0.017308
-0.009697
-0.201999
0.012416
0.009060
0.001764
0.095529
-0.009005
0.887038
-0.011998
-0.037815
-0.999213
2.176070
---
0.980846
0.018153
-0.010195
-0.193667
0.016329
0.021963
-0.004992
0.095120
-0.006340
0.806124
-0.012968
-0.039560
-0.999133
2.193371
---
0.981948
0.018942
-0.010911
-0.187885
0.032563
0.029013
-0.004904
0.118138
-0.057204
0.760270
-0.014312
-0.041300
-0.999044
2.210405
---
0.982746
0.019481
-0.011567
-0.183565
0.001995
0.008245
-0.009716
0.101533
-0.078400
0.720057
-0.015584
-0.042536
-0.998973
2.227436
---
0.984074
0.019782
-0.011978
-0.176249
0.000975
0.007623
-0.009673
0.041037
0.007651
0.744899
-0.016603
-0.043158
-0.998930
2.244587
---
0.985340
0.019987
-0.011627
-0.169030
-0.009321
0.000623
0.003999
0.011189
0.058738
0.718758
-0.016157
-0.043322
-0.998931
2.261706
---
0.986066
0.019966
-0.011301
-0.164763
-0.026451
-0.008918
-0.008713
-0.022100
0.097344
0.714610
-0.015709
-0.043098
-0.998947
2.279441
---
0.987217
0.019858
-0.010381
-0.157797
-0.024977
-0.008303
-0.008761
-0.018390
0.086076
0.702165
-0.014235
-0.042483
-0.998996
2.295466
---
0.988158
0.020230
-0.010609
-0.151728
0.005681
0.008558
-0.008722
0.037179
-0.017561
0.614505
-0.014827
-0.043200
-0.998956
2.313136
---
0.988750
0.020264
-0.010567
-0.147823
-0.006117
-0.001204
0.001045
0.000140
0.033848
0.598564
-0.014906
-0.043196
-0.998955
2.329767
---
0.989630
0.020311
-0.010247
-0.141828
-0.005731
-0.001116
0.001035
0.004092
0.041766
0.664858
-0.014520
-0.043108
-0.998965
2.346891
---
0.992294
0.018592
-0.008604
-0.122199
-0.017414
-0.012634
-0.012832
-0.064730
0.065152
0.787537
-0.012531
-0.039001
-0.999161
2.397251
---
0.993049
0.018172
-0.008105
-0.116005
-0.025552
-0.016486
-0.007997
-0.059479
0.081310
0.760840
-0.011880
-0.037970
-0.999208
2.414373
---
0.993823
0.017911
-0.007955
-0.109229
-0.007021
-0.006087
-0.013880
-0.017729
0.018725
0.738789
-0.011903
-0.037337
-0.999232
2.431497
---
0.994381
0.017749
-0.008051
-0.104050
-0.007433
-0.005726
-0.013889
-0.014597
0.029470
0.710836
-0.012316
-0.036976
-0.999240
2.448616
---
0.994962
0.018001
-0.007697
-0.098324
-0.006894
0.006611
-0.001187
0.021699
0.043915
0.719340
-0.011777
-0.037335
-0.999233
2.465737
---
0.995616
0.018231
-0.007631
-0.091426
-0.006983
0.006248
-0.001172
0.017956
0.033089
0.618702
-0.011866
-0.037697
-0.999219
2.482864
---
0.996021
0.018376
-0.007710
-0.086867
0.000529
0.003071
-0.021667
0.036059
-0.050625
0.583278
-0.012166
-0.037944
-0.999206
2.498978
---
0.996388
0.018561
-0.008264
-0.082449
0.020770
0.007547
-0.016752
0.032665
-0.067697
0.594020
-0.013410
-0.038351
-0.999174
2.516096
---
0.996871
0.018719
-0.008260
-0.076347
-0.011659
0.002431
-0.001116
0.009519
0.011798
0.633733
-0.013612
-0.038584
-0.999163
2.533223
---
0.997240
0.018810
-0.008265
-0.071340
-0.011847
0.002319
-0.001109
0.015434
0.015648
0.604792
-0.013800
-0.038696
-0.999156
2.550343
---
0.997585
0.018891
-0.008326
-0.066315
-0.005317
0.003198
0.000852
0.011126
-0.014984
0.632812
-0.014106
-0.038794
-0.999148
2.567464
---
0.997917
0.019197
-0.008151
-0.061054
-0.005134
0.002683
0.000870
0.052635
0.060378
0.657011
-0.013923
-0.039309
-0.999130
2.584586
---
0.998238
0.019484
-0.007256
-0.055576
-0.031852
0.011077
-0.021596
-0.037037
0.107410
0.670819
-0.012321
-0.039704
-0.999135
2.601709
---
0.998539
0.019131
-0.006674
-0.050086
-0.016298
-0.011530
0.004727
-0.044332
0.084533
0.688041
-0.011415
-0.038874
-0.999179
2.618830
---
0.998892
0.018684
-0.005834
-0.042801
-0.036423
-0.012437
-0.008023
-0.047723
0.108619
0.802227
-0.010056
-0.037828
-0.999234
2.635953
---
0.999180
0.018209
-0.005162
-0.035786
-0.035378
-0.011367
-0.008073
-0.086354
0.057319
0.825982
-0.009011
-0.036758
-0.999284
2.652069
---
0.999456
0.017405
-0.004773
-0.027601
-0.024206
-0.021383
-0.015950
-0.078478
0.048804
0.848689
-0.008581
-0.035055
-0.999349
2.669191
---
0.999589
0.017522
-0.004572
-0.022228
-0.010315
0.002852
-0.008133
0.026206
0.066726
0.808444
-0.008362
-0.035234
-0.999344
2.686312
---
0.999721
0.017822
-0.004453
-0.014844
0.011154
0.013062
-0.018856
0.062337
-0.020040
0.741194
-0.008378
-0.035766
-0.999325
2.703435
---
0.999783
0.018275
-0.004691
-0.008856
0.010475
0.012203
-0.018819
0.056663
-0.038032
0.741477
-0.009056
-0.036625
-0.999288
2.720559
---
0.999817
0.018471
-0.004860
-0.000819
-0.014569
0.004071
-0.020755
0.024888
0.008769
0.821872
-0.009687
-0.036945
-0.999270
2.737679
---
0.999808
0.017940
-0.004695
0.006344
-0.003754
-0.023119
0.006547
-0.083519
0.038839
0.835850
-0.009613
-0.035814
-0.999312
2.754801
---
0.999762
0.017411
-0.004695
0.012259
-0.003956
-0.022003
0.006510
-0.069809
0.025411
0.843769
-0.009815
-0.034698
-0.999350
2.771923
---
0.999637
0.017241
-0.004538
0.020195
-0.009771
-0.005965
-0.006200
-0.015930
0.020694
0.885067
-0.009771
-0.034286
-0.999364
2.788037
---
0.999440
0.017063
-0.004357
0.028445
-0.022378
-0.004563
-0.015005
-0.019263
0.058557
0.918702
-0.009682
-0.033860
-0.999380
2.805162
---
0.999218
0.016932
-0.004032
0.035508
-0.021959
-0.004254
-0.015019
-0.005641
0.053884
0.851707
-0.009263
-0.033551
-0.999394
2.822282
---
0.998950
0.017123
-0.003866
0.042318
-0.005263
0.006155
-0.007196
0.019450
0.034336
0.770768
-0.009169
-0.033884
-0.999384
2.839404
---
0.998699
0.017406
-0.003866
0.047768
0.014049
0.013457
-0.000341
0.049600
-0.005885
0.724345
-0.009389
-0.034395
-0.999364
2.856771
---
0.998290
0.017893
-0.004276
0.055490
0.012910
0.012602
-0.000300
0.049208
-0.036790
0.774061
-0.010528
-0.035250
-0.999323
2.873891
---
0.998028
0.017596
-0.004241
0.060106
-0.036955
-0.012151
-0.007157
-0.054811
-0.001706
0.816935
-0.010588
-0.034612
-0.999345
2.890772
---
0.997520
0.017448
-0.004049
0.068071
0.018836
0.007734
0.033845
0.029922
-0.002202
0.643914
-0.010461
-0.034259
-0.999358
2.907893
---
0.997317
0.017582
-0.004355
0.070925
0.018115
0.007539
0.033859
0.024674
-0.058564
0.557777
-0.011182
-0.034453
-0.999344
2.924769
---
0.996917
0.018293
-0.005120
0.076124
0.023141
0.014110
-0.002208
0.055199
-0.040577
0.377186
-0.012991
-0.035694
-0.999278
2.941895
---
0.996701
0.018494
-0.005454
0.078832
0.019414
0.005011
0.006603
0.010575
-0.044890
0.265381
-0.013789
-0.036005
-0.999256
2.958008
---
0.996546
0.018647
-0.005703
0.080721
0.018828
0.004770
0.006620
0.036335
-0.000372
0.222773
-0.014375
-0.036245
-0.999240
2.975130
---
0.996444
0.018937
-0.005848
0.081890
0.003794
0.010092
-0.008003
0.032962
-0.018095
0.101316
-0.014761
-0.036783
-0.999214
2.992254
---
0.996448
0.019259
-0.006485
0.081728
0.020056
0.010532
-0.004057
0.019750
-0.095903
-0.114620
-0.016077
-0.037320
-0.999174
3.009376
---
0.996509
0.019352
-0.007172
0.080889
0.018704
0.010441
-0.004031
-0.024213
-0.082138
-0.141381
-0.017428
-0.037410
-0.999148
3.026406
---
0.996649
0.019148
-0.007469
0.079172
0.017238
-0.003782
0.001821
-0.018886
-0.051978
-0.189223
-0.017918
-0.036985
-0.999155
3.043558
---
0.996729
0.018930
-0.007281
0.078228
-0.031152
-0.009253
-0.017732
-0.025910
0.059799
-0.111037
-0.017480
-0.036597
-0.999177
3.060773
---
0.996839
0.018823
-0.006901
0.076879
-0.008842
0.004550
-0.011891
0.008097
-0.000008
-0.170902
-0.016654
-0.036465
-0.999196
3.077894
---
0.997004
0.018917
-0.006960
0.074677
-0.008891
0.004336
-0.011883
0.015548
-0.023272
-0.298791
-0.016704
-0.036679
-0.999187
3.094375
---
0.997219
0.019028
-0.007005
0.071716
-0.004005
0.005046
-0.008943
0.001140
-0.001478
-0.406495
-0.016700
-0.036946
-0.999178
3.111440
---
0.997473
0.019123
-0.006798
0.068091
-0.019094
0.003792
-0.007965
0.014148
0.030809
-0.332740
-0.016164
-0.037224
-0.999176
3.128830
---
0.997646
0.019240
-0.006452
0.065504
-0.018328
0.003470
-0.007965
0.028632
0.088414
-0.234528
-0.015399
-0.037546
-0.999176
3.145955
---
0.997732
0.019360
-0.005980
0.064190
-0.045670
0.003152
-0.013827
0.033378
0.057490
-0.248547
-0.014420
-0.037863
-0.999179
3.161981
---
0.997834
0.019350
-0.005253
0.062648
-0.060764
-0.016474
0.009593
-0.033338
0.151432
-0.082071
-0.012913
-0.037958
-0.999196
3.179012
---
0.997880
0.019048
-0.004383
0.062072
-0.058965
-0.015986
0.009553
-0.027078
0.099527
-0.062433
-0.011113
-0.037471
-0.999236
3.196774
---
0.997935
0.018638
-0.003967
0.061334
-0.035595
-0.019135
-0.021735
-0.048273
0.043244
-0.179116
-0.010204
-0.036713
-0.999274
3.213925
---
0.998037
0.018551
-0.003498
0.059713
-0.023849
0.002450
-0.008076
0.024703
0.045361
-0.206256
-0.009201
-0.036612
-0.999287
3.229946
---
0.998179
0.018755
-0.003088
0.057241
-0.022962
0.001974
-0.008066
0.028685
-0.000162
-0.338789
-0.008314
-0.037089
-0.999277
3.246982
---
0.998341
0.018968
-0.003110
0.054270
-0.005332
0.008360
-0.014886
0.021815
-0.035330
-0.430010
-0.008261
-0.037539
-0.999261
3.264771
---
0.998524
0.019152
-0.003271
0.050710
0.004223
0.004075
0.002708
0.006953
-0.036243
-0.430086
-0.008472
-0.037917
-0.999245
3.281925
---
0.998703
0.019197
-0.003837
0.046997
0.003226
0.004009
0.002720
-0.004937
-0.084191
-0.503229
-0.009469
-0.037983
-0.999234
3.298804
---
0.998877
0.019066
-0.004232
0.043163
-0.012052
-0.017216
-0.016815
-0.033112
-0.023676
-0.494172
-0.010099
-0.037723
-0.999237
3.316660
---
0.999108
0.018940
-0.004732
0.037431
0.019403
0.011333
-0.013886
0.002326
-0.097752
-0.643456
-0.010870
-0.037495
-0.999238
3.333382
---
0.999314
0.019009
-0.005435
0.031302
0.018222
0.011176
-0.013867
0.010733
-0.078160
-0.746825
-0.012051
-0.037652
-0.999218
3.349773
---
0.999538
0.019567
-0.006086
0.022428
0.018201
0.028541
-0.001113
0.043429
-0.091410
-0.852328
-0.013049
-0.038842
-0.999160
3.367781
---
0.999678
0.019145
-0.006392
0.015370
0.004207
-0.011714
-0.002115
-0.051924
-0.057945
-0.807611
-0.013371
-0.038081
-0.999185
3.384781
---
0.999745
0.018840
-0.006753
0.010505
0.002699
-0.017019
-0.012871
-0.059216
-0.068600
-0.796102
-0.013902
-0.037527
-0.999199
3.400895
---
0.999805
0.018325
-0.007176
0.001544
0.002194
-0.016110
-0.012897
-0.055123
-0.061269
-0.879395
-0.014408
-0.036618
-0.999225
3.417653
---
0.999778
0.018416
-0.007642
-0.006824
0.005478
0.010921
-0.004088
0.004583
-0.078201
-0.949635
-0.015030
-0.036930
-0.999205
3.435566
---
0.999734
0.018421
-0.007917
-0.011366
-0.011504
-0.005763
-0.007008
-0.017789
-0.052075
-0.867805
-0.015410
-0.037013
-0.999196
3.451836
---
0.999578
0.018313
-0.008546
-0.020875
-0.012412
-0.005718
-0.006996
-0.011172
-0.057637
-0.802289
-0.016319
-0.036968
-0.999183
3.469813
---
0.999462
0.018413
-0.008783
-0.025681
-0.015634
0.003758
-0.006004
0.012344
-0.060736
-0.781849
-0.016610
-0.037257
-0.999168
3.485835
---
0.999227
0.018599
-0.009009
-0.033450
-0.025548
-0.002618
-0.002075
0.006696
0.006151
-0.763438
-0.016759
-0.037774
-0.999146
3.502988
---
0.999059
0.018693
-0.008463
-0.038221
-0.024271
-0.002842
-0.002088
0.013782
0.140471
-0.818265
-0.015482
-0.037998
-0.999158
3.519012
---
0.998640
0.018159
-0.008150
-0.048185
0.010865
-0.021427
-0.032411
-0.076145
-0.049648
-0.846233
-0.014526
-0.037052
-0.999208
3.536163
---
0.998284
0.017693
-0.008435
-0.055181
0.013426
-0.001099
0.010534
-0.039950
-0.075159
-0.886185
-0.014895
-0.036255
-0.999232
3.554323
---
0.997859
0.017426
-0.008871
-0.062406
0.012791
-0.000730
0.010530
-0.039905
-0.032376
-0.888184
-0.015529
-0.035886
-0.999235
3.570437
---
0.997506
0.017424
-0.008676
-0.067837
-0.006157
-0.000783
0.015406
-0.011831
-0.004067
-0.906846
-0.014946
-0.035939
-0.999242
3.587501
---
0.996657
0.017125
-0.009021
-0.079375
0.008172
-0.009201
-0.006087
-0.045498
-0.069347
-0.996658
-0.015265
-0.035568
-0.999251
3.604651
---
0.996148
0.016896
-0.009294
-0.085541
0.007813
-0.008885
-0.006092
-0.042355
-0.063447
-1.037649
-0.015625
-0.035252
-0.999256
3.621773
---
0.995228
0.016539
-0.009707
-0.095675
0.013141
0.001356
-0.003171
-0.037488
-0.056476
-1.068551
-0.016155
-0.034777
-0.999264
3.638896
---
0.994370
0.016277
-0.009921
-0.104233
0.001241
-0.006116
-0.011969
-0.035564
-0.037511
-1.059548
-0.016337
-0.034437
-0.999273
3.656782
---
0.993461
0.016054
-0.010196
-0.112579
0.000936
-0.005874
-0.011972
-0.030872
-0.063141
-1.044001
-0.016642
-0.034194
-0.999277
3.672895
---
0.992270
0.015882
-0.010323
-0.122640
-0.013661
-0.003778
-0.005142
-0.017675
-0.024515
-1.019527
-0.016591
-0.034052
-0.999282
3.689773
---
0.991246
0.015819
-0.010302
-0.130675
-0.011407
0.002078
-0.004170
-0.016370
-0.008635
-0.990422
-0.016290
-0.034055
-0.999287
3.706896
---
0.990460
0.015787
-0.010310
-0.136504
-0.011231
0.002044
-0.004172
-0.006394
-0.014465
-0.970696
-0.016114
-0.034089
-0.999289
3.722952
---
0.988819
0.015861
-0.010285
-0.147921
-0.015649
0.001723
-0.010027
-0.001266
-0.016380
-0.944552
-0.015649
-0.034410
-0.999285
3.740102
---
0.987929
0.015926
-0.010294
-0.153743
-0.010561
0.007362
-0.008070
0.004878
-0.020550
-0.927758
-0.015444
-0.034630
-0.999281
3.757774
---
0.986365
0.016010
-0.010284
-0.163471
-0.010171
0.007046
-0.008065
0.007967
-0.018408
-0.927852
-0.015054
-0.034946
-0.999276
3.774895
---
0.985591
0.016053
-0.010289
-0.168066
-0.009026
0.004939
-0.007085
0.001356
-0.018704
-0.919256
-0.014885
-0.035100
-0.999273
3.791804
---
0.983734
0.016236
-0.009928
-0.178622
-0.015688
0.000642
-0.009041
0.013338
0.123872
-0.893376
-0.013735
-0.035491
-0.999276
3.808928
---
0.982398
0.016354
-0.009639
-0.185831
-0.014817
0.000418
-0.009045
0.010252
-0.064360
-0.870911
-0.012864
-0.035715
-0.999279
3.825622
---
0.981410
0.016440
-0.009489
-0.190983
-0.021137
-0.001713
-0.059826
-0.002567
-0.000277
-0.870308
-0.012348
-0.035893
-0.999279
3.842745
---
0.979473
0.016552
-0.009411
-0.200675
-0.007888
0.003838
-0.008064
0.003577
-0.018130
-0.860052
-0.011794
-0.036201
-0.999275
3.860753
---
0.978085
0.016589
-0.009443
-0.207330
-0.007688
-0.002188
-0.006107
-0.003166
-0.024901
-0.829511
-0.011594
-0.036367
-0.999271
3.876869
---
0.976679
0.016626
-0.009157
-0.213863
-0.006871
-0.002215
-0.006115
-0.010601
0.052669
-0.826004
-0.010778
-0.036394
-0.999279
3.892985
---
0.975249
0.016615
-0.009276
-0.220288
-0.009796
-0.002316
-0.015877
0.000120
-0.008648
-0.818917
-0.010772
-0.036495
-0.999276
3.910102
---
0.974162
0.016594
-0.009248
-0.225048
-0.005664
-0.005243
-0.007091
-0.015507
-0.020082
-0.803271
-0.010547
-0.036493
-0.999278
3.927165
---
0.972226
0.016622
-0.009092
-0.233276
-0.005039
-0.005313
-0.007095
-0.003279
0.021121
-0.803239
-0.009921
-0.036563
-0.999282
3.944318
---
0.970769
0.016599
-0.009227
-0.239262
0.002719
0.008278
-0.011974
0.000504
-0.027765
-0.800647
-0.009976
-0.036644
-0.999279
3.961805
---
0.968906
0.016556
-0.009382
-0.246696
-0.003177
-0.000577
-0.009041
-0.003247
-0.020994
-0.777635
-0.010013
-0.036709
-0.999276
3.978929
---
0.967365
0.016490
-0.009442
-0.252672
-0.003098
-0.000544
-0.009043
-0.011661
-0.029132
-0.756007
-0.009934
-0.036677
-0.999278
3.994955
---
0.965849
0.016488
-0.009393
-0.258411
-0.014507
-0.003502
-0.009045
-0.009514
-0.008251
-0.728307
-0.009624
-0.036705
-0.999280
4.012104
---
0.963957
0.016457
-0.009308
-0.265387
-0.007262
-0.002488
-0.007098
-0.008582
-0.010600
-0.722029
-0.009215
-0.036668
-0.999285
4.029166
---
0.962424
0.016423
-0.009288
-0.270894
-0.007028
-0.002463
-0.007101
-0.005625
-0.023713
-0.712312
-0.008981
-0.036643
-0.999288
4.046201
---
0.961175
0.016393
-0.009340
-0.275292
0.004745
0.002405
-0.008077
-0.008048
-0.012408
-0.691801
-0.008927
-0.036658
-0.999288
4.063224
---
0.959381
0.016362
-0.009461
-0.281480
-0.010894
-0.006447
-0.010028
-0.009377
-0.013779
-0.653110
-0.008941
-0.036720
-0.999286
4.080777
---
0.957867
0.016359
-0.009480
-0.286590
-0.010739
-0.006500
-0.010027
-0.008198
0.001237
-0.634402
-0.008786
-0.036774
-0.999285
4.098782
---
0.956158
0.016371
-0.009418
-0.292242
-0.010395
-0.002632
-0.016865
-0.001827
-0.011987
-0.610470
-0.008442
-0.036812
-0.999287
4.115203
---
0.954619
0.016325
-0.009382
-0.297233
-0.004303
-0.001589
-0.007103
-0.015577
-0.010981
-0.613270
-0.008209
-0.036746
-0.999291
4.132050
---
0.953114
0.016331
-0.009337
-0.302027
-0.004028
-0.001615
-0.007105
-0.003314
-0.011330
-0.608504
-0.007935
-0.036771
-0.999292
4.148777
---
0.951374
0.016288
-0.009211
-0.307469
-0.009462
-0.005407
-0.010042
-0.005938
-0.001215
-0.575567
-0.007509
-0.036657
-0.999300
4.166780
---
0.950034
0.016261
-0.009110
-0.311590
-0.008155
-0.003370
-0.009071
-0.008828
0.004685
-0.572178
-0.007179
-0.036573
-0.999305
4.182811
---
0.948190
0.016205
-0.009026
-0.317161
0.001950
0.001630
-0.010054
-0.009684
-0.013270
-0.582767
-0.006840
-0.036456
-0.999312
4.199956
---
0.946639
0.016155
-0.009085
-0.321762
0.001984
0.001654
-0.010055
0.000191
-0.018222
-0.575820
-0.006805
-0.036432
-0.999313
4.217662
---
0.945637
0.016106
-0.009126
-0.324697
-0.005825
-0.007090
-0.010057
-0.011844
-0.020995
-0.555888
-0.006802
-0.036387
-0.999315
4.234476
---
0.944081
0.016035
-0.009096
-0.329196
-0.005641
-0.006970
-0.010062
-0.015213
0.002484
-0.575112
-0.006618
-0.036266
-0.999320
4.251354
---
0.942251
0.016054
-0.009028
-0.334401
0.005440
0.009605
-0.005181
-0.002451
-0.000930
-0.554834
-0.006279
-0.036294
-0.999321
4.267897
---
0.940763
0.016044
-0.008986
-0.338567
-0.004092
-0.005997
-0.006160
-0.006364
-0.019200
-0.532628
-0.006045
-0.036271
-0.999324
4.284746
---
0.938974
0.016006
-0.009046
-0.343498
-0.001111
0.001811
-0.009090
0.005310
-0.017938
-0.527952
-0.005994
-0.036275
-0.999324
4.301869
---
0.937454
0.015952
-0.009069
-0.347626
-0.001033
0.001869
-0.009092
-0.006813
-0.016310
-0.524923
-0.005916
-0.036217
-0.999327
4.318653
---
0.935868
0.015894
-0.009096
-0.351873
0.000018
-0.000993
-0.005189
-0.004519
-0.014537
-0.502765
-0.005841
-0.036149
-0.999329
4.336479
---
0.934377
0.015858
-0.009104
-0.355817
-0.001823
-0.004864
-0.010073
-0.006768
-0.010717
-0.481884
-0.005729
-0.036114
-0.999331
4.352777
---
0.933286
0.015800
-0.009160
-0.358670
-0.001859
-0.004814
-0.010075
-0.015234
-0.028745
-0.462017
-0.005766
-0.036064
-0.999333
4.369807
---
0.931692
0.015728
-0.009248
-0.362791
-0.005825
0.003045
-0.021795
-0.003143
-0.007682
-0.459973
-0.005825
-0.036017
-0.999334
4.386870
---
0.930334
0.015750
-0.009147
-0.366261
-0.007439
0.002079
-0.010079
-0.007727
0.010199
-0.457531
-0.005486
-0.036007
-0.999337
4.403013
---
0.928936
0.015797
-0.009042
-0.369793
-0.007071
0.002048
-0.010080
0.003196
0.002183
-0.454507
-0.005118
-0.036038
-0.999337
4.420746
---
0.927316
0.015858
-0.009003
-0.373835
-0.002889
-0.001964
-0.010077
0.002010
-0.006855
-0.458332
-0.004842
-0.036144
-0.999335
4.437868
---
0.925812
0.015805
-0.009087
-0.377545
-0.004893
0.000984
-0.008124
-0.007577
-0.036252
-0.482116
-0.004893
-0.036125
-0.999335
4.454226
---
0.924274
0.015822
-0.009092
-0.381293
-0.004740
0.000929
-0.008123
-0.002746
-0.011818
-0.509223
-0.004740
-0.036181
-0.999334
4.471350
---
0.922237
0.015796
-0.009265
-0.386191
0.003901
0.011561
-0.014954
-0.001359
-0.022338
-0.573571
-0.004888
-0.036291
-0.999329
4.488746
---
0.920284
0.015765
-0.009475
-0.390819
0.022226
0.011430
-0.001277
-0.001208
-0.038372
-0.659063
-0.005118
-0.036421
-0.999323
4.505868
---
0.918038
0.015694
-0.009689
-0.396063
0.021986
0.011361
-0.001273
0.004982
-0.041442
-0.745227
-0.005358
-0.036490
-0.999320
4.521924
---
0.915423
0.015168
-0.010435
-0.402072
0.049731
0.009738
-0.000299
-0.022935
-0.124038
-0.819756
-0.006910
-0.036161
-0.999322
4.539075
---
0.912022
0.014518
-0.011372
-0.409726
0.043888
0.007168
-0.004203
-0.025461
-0.139581
-0.863708
-0.008846
-0.035801
-0.999320
4.556779
---
0.909200
0.013997
-0.011928
-0.415954
0.042689
0.007592
-0.004206
-0.060864
-0.042098
-0.805812
-0.010045
-0.035377
-0.999324
4.573900
---
0.906497
0.013427
-0.012087
-0.421826
0.009921
-0.024775
-0.002277
-0.063105
-0.069760
-0.822770
-0.010587
-0.034541
-0.999347
4.590810
---
0.903503
0.012949
-0.012239
-0.428212
0.029991
0.000298
0.002588
-0.027061
-0.072431
-0.927966
-0.011025
-0.033882
-0.999365
4.607932
---
0.899492
0.012482
-0.012687
-0.436575
0.029090
0.000645
0.002587
-0.028061
-0.059608
-0.931858
-0.011925
-0.033535
-0.999366
4.624779
---
0.896319
0.012365
-0.012759
-0.443054
0.016407
0.002662
-0.002298
-0.016163
-0.045570
-0.878992
-0.011913
-0.033471
-0.999369
4.641896
---
0.893203
0.012416
-0.012733
-0.449302
-0.016476
0.007393
-0.013039
0.006999
-0.007603
-0.872515
-0.011593
-0.033622
-0.999367
4.657862
---
0.889816
0.012631
-0.012520
-0.455973
-0.015648
0.007119
-0.013039
-0.001673
0.042582
-0.804587
-0.010765
-0.033897
-0.999367
4.674989
---
0.887276
0.012939
-0.012017
-0.460900
-0.020138
0.002092
0.006483
0.002698
0.061803
-0.704463
-0.009396
-0.034041
-0.999376
4.692534
---
0.884466
0.013165
-0.011550
-0.466276
-0.034520
-0.004764
-0.021847
-0.004275
0.026185
-0.550320
-0.008153
-0.034060
-0.999387
4.709661
---
0.882426
0.013454
-0.011021
-0.470130
-0.036097
0.001046
-0.007208
0.009409
0.072851
-0.491241
-0.006800
-0.034111
-0.999395
4.726931
---
0.881039
0.013778
-0.010528
-0.472726
-0.034821
0.000926
-0.007211
0.004389
0.057094
-0.422075
-0.005524
-0.034230
-0.999399
4.743044
---
0.878925
0.014017
-0.010254
-0.476644
-0.012473
0.006599
-0.020881
0.006130
0.032071
-0.459951
-0.004661
-0.034416
-0.999397
4.760779
---
0.877373
0.014001
-0.010193
-0.479495
0.001400
-0.006023
-0.016002
-0.020290
-0.034164
-0.406610
-0.004459
-0.034344
-0.999400
4.777901
---
0.876122
0.013823
-0.010271
-0.481781
0.001180
-0.005798
-0.016008
-0.013646
-0.012789
-0.308358
-0.004679
-0.034119
-0.999407
4.794840
---
0.875159
0.014006
-0.009904
-0.483531
-0.018441
-0.000889
-0.000388
-0.003302
0.048694
-0.189277
-0.003792
-0.034092
-0.999412
4.812756
---
0.874185
0.014277
-0.009644
-0.485288
-0.003983
0.010598
-0.004289
0.019036
0.023818
-0.206727
-0.003007
-0.034324
-0.999406
4.829298
---
0.873475
0.014450
-0.009526
-0.486561
-0.003558
0.010406
-0.004284
-0.008111
-0.002592
-0.170159
-0.002581
-0.034516
-0.999401
4.845417
---
0.872848
0.014454
-0.009372
-0.487687
-0.002262
-0.003124
-0.012102
-0.012900
0.007941
-0.134565
-0.002262
-0.034374
-0.999407
4.862473
---
0.872617
0.014481
-0.009146
-0.488105
-0.024288
-0.010764
-0.016991
-0.009915
0.038369
-0.023412
-0.001827
-0.034201
-0.999413
4.879595
---
0.872850
0.014479
-0.008758
-0.487695
-0.023627
-0.010383
-0.017005
-0.023731
0.040259
0.048944
-0.001166
-0.033820
-0.999427
4.897754
---
0.872823
0.014433
-0.008920
-0.487743
0.003388
0.008094
-0.015049
0.003724
-0.012191
0.001232
-0.001494
-0.033898
-0.999424
4.913783
---
0.872787
0.014429
-0.008961
-0.487806
-0.000591
-0.006584
-0.006259
-0.016325
0.003332
0.007214
-0.001568
-0.033927
-0.999423
4.931205
---
0.873186
0.014268
-0.008928
-0.487096
-0.000716
-0.006272
-0.006269
-0.007110
0.005342
0.121488
-0.001693
-0.033615
-0.999433
4.947266
---
0.873781
0.014289
-0.008601
-0.486034
-0.020674
-0.013803
-0.004326
-0.028546
0.050981
0.237628
-0.001143
-0.033334
-0.999444
4.964717
---
0.875356
0.014317
-0.008071
-0.483200
-0.032520
-0.008451
-0.012155
-0.015029
0.062250
0.361949
-0.000293
-0.032865
-0.999460
4.981840
---
0.876827
0.014305
-0.007801
-0.480531
-0.032157
-0.008170
-0.012164
-0.009836
0.026816
0.413033
0.000069
-0.032584
-0.999469
4.999785
---
0.878885
0.014304
-0.007466
-0.476761
-0.023901
-0.010777
-0.015104
-0.012276
0.044156
0.403265
0.000514
-0.032261
-0.999479
5.015906
---
0.880223
0.014337
-0.007326
-0.474286
0.009489
0.003943
-0.000458
0.001277
0.011355
0.363287
0.000700
-0.032190
-0.999482
5.032383
---
0.881724
0.014331
-0.007217
-0.471492
0.009579
0.004054
-0.000462
-0.008509
0.016502
0.387999
0.000790
-0.032079
-0.999485
5.049779
---
0.883471
0.014351
-0.007344
-0.468209
0.003393
0.008782
-0.012176
0.010076
-0.019878
0.382425
0.000463
-0.032234
-0.999480
5.067328
---
0.884880
0.014386
-0.007465
-0.465537
0.007022
0.010556
-0.016076
0.006746
0.022231
0.372492
0.000186
-0.032412
-0.999475
5.083354
---
0.886619
0.014578
-0.007431
-0.462211
0.007138
0.010251
-0.016066
0.010296
-0.008243
0.384003
0.000302
-0.032718
-0.999465
5.100502
---
0.888013
0.014595
-0.007443
-0.459527
0.002150
0.001417
-0.011182
0.006650
0.026351
0.388734
0.000197
-0.032763
-0.999463
5.117017
---
0.889151
0.014702
-0.007385
-0.457317
0.002266
0.004209
-0.003365
0.010247
0.015100
0.370158
0.000313
-0.032901
-0.999459
5.134380
---
0.890449
0.014737
-0.007431
-0.454784
0.002124
0.004104
-0.003361
0.011329
0.005502
0.369357
0.000171
-0.033005
-0.999455
5.151413
---
0.892133
0.014851
-0.007321
-0.451470
0.000349
0.000094
-0.005311
0.009074
0.015466
0.374639
0.000349
-0.033109
-0.999452
5.168534
---
0.893673
0.014887
-0.007355
-0.448412
0.010949
0.006835
-0.010191
0.004090
0.006031
0.350703
0.000207
-0.033204
-0.999449
5.185779
---
0.894935
0.014897
-0.007348
-0.445887
0.005994
0.003893
-0.012144
0.000119
0.008165
0.350874
0.000135
-0.033216
-0.999448
5.202902
---
0.896157
0.014916
-0.007358
-0.443425
0.005899
0.003848
-0.012142
0.006217
0.012841
0.316275
0.000039
-0.033261
-0.999447
5.218957
---
0.897259
0.014949
-0.007405
-0.441190
0.009669
0.009609
-0.007256
0.011766
-0.003193
0.318276
-0.000097
-0.033359
-0.999443
5.236108
---
0.898605
0.014990
-0.007476
-0.438439
0.002639
0.001659
-0.003345
0.001305
-0.005134
0.304506
-0.000290
-0.033497
-0.999439
5.253139
---
0.899519
0.014998
-0.007541
-0.436560
0.002454
0.001590
-0.003343
0.003734
-0.000213
0.302817
-0.000476
-0.033566
-0.999436
5.270749
---
0.900673
0.014965
-0.007587
-0.434174
0.009094
0.001610
-0.009203
-0.001190
0.000757
0.304291
-0.000672
-0.033546
-0.999437
5.287751
---
0.901975
0.015031
-0.007653
-0.431459
0.001116
0.009250
-0.009197
0.013712
0.004997
0.302256
-0.000837
-0.033719
-0.999431
5.304904
---
0.902783
0.015083
-0.007632
-0.429764
0.001136
0.009175
-0.009194
0.003774
0.012219
0.300833
-0.000817
-0.033794
-0.999429
5.321779
---
0.904004
0.015067
-0.007653
-0.427189
0.002943
0.001376
-0.003335
-0.001491
0.003437
0.302039
-0.000964
-0.033780
-0.999429
5.338902
---
0.905022
0.015132
-0.007654
-0.425026
0.003895
0.009073
-0.009190
0.010683
0.010360
0.294599
-0.000988
-0.033895
-0.999425
5.354930
---
0.906062
0.015205
-0.007632
-0.422802
0.003910
0.008962
-0.009187
0.005531
0.016135
0.288230
-0.000973
-0.034007
-0.999421
5.372078
---
0.907194
0.015240
-0.007691
-0.420365
0.001784
0.002014
-0.013089
0.009506
-0.000922
0.269841
-0.001146
-0.034119
-0.999417
5.389105
---
0.908109
0.015238
-0.007744
-0.418384
0.005523
0.001001
-0.009181
0.003932
-0.011411
0.271430
-0.001313
-0.034155
-0.999416
5.406261
---
0.908819
0.015233
-0.007782
-0.416840
0.005390
0.000980
-0.009180
0.000250
-0.006532
0.252152
-0.001446
-0.034176
-0.999415
5.423295
---
0.909939
0.015216
-0.007802
-0.414389
0.007199
0.001975
-0.011134
0.006896
-0.008295
0.248239
-0.001590
-0.034158
-0.999415
5.440446
---
0.910854
0.015195
-0.007835
-0.412373
0.002163
0.001992
-0.013087
-0.002679
-0.003163
0.243423
-0.001744
-0.034141
-0.999416
5.458238
---
0.911474
0.015225
-0.007824
-0.411002
0.002158
0.001947
-0.013086
0.003471
0.012972
0.253725
-0.001748
-0.034185
-0.999414
5.474352
---
0.912285
0.015253
-0.007841
-0.409197
0.005011
0.001885
-0.005271
0.004126
-0.002879
0.242573
-0.001825
-0.034248
-0.999412
5.491782
---
0.913481
0.015242
-0.007915
-0.406518
0.009652
-0.000101
-0.009176
-0.006758
0.010952
0.243438
-0.002066
-0.034281
-0.999410
5.508904
---
0.914087
0.015223
-0.007912
-0.405156
0.009589
-0.000062
-0.009177
-0.005466
-0.000043
0.239875
-0.002130
-0.034242
-0.999411
5.525781
---
0.915059
0.015195
-0.007954
-0.402956
-0.000357
-0.000038
-0.009177
-0.004229
0.005276
0.234482
-0.002310
-0.034218
-0.999412
5.542903
---
0.915623
0.015209
-0.007937
-0.401672
0.003541
0.001903
-0.009177
0.003106
0.007661
0.229188
-0.002318
-0.034230
-0.999411
5.558929
---
0.916554
0.015205
-0.007981
-0.399541
0.003376
0.001882
-0.009176
-0.003056
0.001319
0.233201
-0.002484
-0.034251
-0.999410
5.576076
---
0.917445
0.015243
-0.008023
-0.397490
0.005208
0.002762
-0.009172
0.000491
-0.002285
0.218089
-0.002604
-0.034348
-0.999407
5.593690
---
0.918177
0.015275
-0.008033
-0.395793
0.002224
0.004654
-0.008193
0.007950
0.003326
0.213003
-0.002659
-0.034408
-0.999404
5.610811
---
0.918583
0.015327
-0.008049
-0.394849
0.006109
0.004545
-0.011119
0.011139
0.007335
0.204662
-0.002680
-0.034517
-0.999400
5.628208
---
0.919447
0.015351
-0.008103
-0.392831
0.005950
0.004467
-0.011116
0.004843
-0.000210
0.196569
-0.002839
-0.034596
-0.999397
5.644321
---
0.920172
0.015394
-0.008104
-0.391128
0.003965
0.005368
-0.010137
0.008795
0.005769
0.209614
-0.002871
-0.034672
-0.999395
5.661780
---
0.920826
0.015386
-0.008159
-0.389585
0.005754
0.000464
-0.007206
-0.003630
-0.002448
0.212793
-0.003035
-0.034692
-0.999393
5.678905
---
0.921530
0.015374
-0.008189
-0.387916
0.005626
0.000468
-0.007206
0.005080
-0.003250
0.210158
-0.003163
-0.034688
-0.999393
5.695415
---
0.922217
0.015340
-0.008223
-0.386280
-0.002339
-0.005352
-0.008183
0.001714
-0.000227
0.213635
-0.003315
-0.034648
-0.999394
5.712537
---
0.923027
0.015334
-0.008211
-0.384342
0.005416
0.001512
-0.008184
0.001312
-0.000577
0.219046
-0.003373
-0.034621
-0.999395
5.729687
---
0.923672
0.015342
-0.008196
-0.382789
0.005395
0.001517
-0.008184
-0.001054
0.002357
0.230345
-0.003394
-0.034616
-0.999395
5.746723
---
0.924230
0.015374
-0.008227
-0.381438
0.001403
0.005346
-0.011111
0.007387
0.001124
0.227471
-0.003479
-0.034693
-0.999392
5.764024
---
0.925038
0.015416
-0.008220
-0.379472
0.000398
0.002350
-0.008179
0.007207
0.004849
0.221600
-0.003509
-0.034759
-0.999390
5.780780
---
0.925694
0.015443
-0.008202
-0.377869
0.000394
0.002318
-0.008178
0.000975
0.002231
0.217362
-0.003512
-0.034792
-0.999388
5.798757
---
0.926493
0.015462
-0.008195
-0.375904
0.005230
0.006201
-0.008177
-0.000067
-0.005317
0.199955
-0.003559
-0.034815
-0.999388
5.815636
---
0.927068
0.015476
-0.008241
-0.374482
0.006076
0.001265
-0.006221
0.003088
-0.005640
0.197055
-0.003690
-0.034868
-0.999385
5.832268
---
0.927654
0.015459
-0.008254
-0.373029
0.005983
0.001291
-0.006222
0.004989
0.005741
0.198805
-0.003782
-0.034842
-0.999386
5.848748
---
0.928156
0.015449
-0.008247
-0.371779
-0.004801
-0.000630
-0.008176
0.003804
0.003053
0.193154
-0.003824
-0.034810
-0.999387
5.865870
---
0.928944
0.015496
-0.008220
-0.369806
0.001072
0.000285
-0.009150
0.002951
0.005521
0.179140
-0.003811
-0.034871
-0.999385
5.882780
---
0.929483
0.015530
-0.008214
-0.368446
0.001055
0.000231
-0.009148
0.004997
0.000064
0.183744
-0.003828
-0.034925
-0.999383
5.899901
---
0.929906
0.015500
-0.008180
-0.367379
0.001059
0.000317
-0.011104
-0.004691
0.003724
0.192941
-0.003824
-0.034839
-0.999386
5.916660
---
0.930715
0.015460
-0.008152
-0.365327
0.000025
-0.001532
-0.007202
-0.006311
0.001359
0.176548
-0.003881
-0.034735
-0.999389
5.933963
---
0.931123
0.015450
-0.008164
-0.364286
-0.000041
-0.001517
-0.007202
-0.002576
0.000172
0.177179
-0.003947
-0.034720
-0.999389
5.949988
---
0.931785
0.015503
-0.008224
-0.362585
0.008610
0.004207
-0.013056
0.010342
-0.002637
0.179436
-0.004085
-0.034856
-0.999384
5.967626
---
0.932391
0.015514
-0.008239
-0.361024
-0.005141
0.000274
-0.006219
0.002512
0.006300
0.172082
-0.004164
-0.034882
-0.999383
5.984748
---
0.932914
0.015544
-0.008265
-0.359670
-0.001312
-0.000769
-0.011099
0.001126
0.004132
0.173019
-0.004241
-0.034949
-0.999380
6.001783
---
0.933417
0.015519
-0.008430
-0.358359
-0.001685
-0.000833
-0.011095
-0.001335
-0.013778
0.172708
-0.004615
-0.035013
-0.999376
6.019055
---
0.933871
0.015493
-0.008560
-0.357171
0.000938
0.003033
-0.007186
-0.002793
-0.020670
0.174344
-0.004921
-0.035053
-0.999373
6.035325
---
0.934475
0.015332
-0.008911
-0.355586
-0.009659
-0.001790
-0.015973
-0.002891
-0.032517
0.177194
-0.005753
-0.034994
-0.999371
6.052811
---
0.934988
0.015300
-0.009082
-0.354232
-0.010052
-0.001841
-0.015968
0.007147
0.024766
0.173231
-0.006145
-0.035044
-0.999367
6.069931
---
0.935341
0.015425
-0.008731
-0.353304
0.007261
0.000132
0.013324
-0.003421
0.073807
0.148651
-0.005434
-0.035024
-0.999372
6.085959
---
0.935592
0.015623
-0.008125
-0.352643
0.043665
0.015817
0.000620
-0.004624
0.007798
0.049911
-0.004187
-0.034964
-0.999380
6.103112
---
0.935360
0.015522
-0.008384
-0.353256
0.043135
0.015821
0.000622
-0.003413
-0.039693
-0.131483
-0.004717
-0.034960
-0.999378
6.120751
---
0.934521
0.015542
-0.008770
-0.355461
0.055204
0.023308
0.014309
0.012639
-0.054145
-0.280908
-0.005343
-0.035286
-0.999363
6.137873
---
0.933937
0.015597
-0.008901
-0.356987
0.019896
0.007477
-0.005214
0.003110
0.021705
-0.228423
-0.005495
-0.035491
-0.999355
6.153927
---
0.933388
0.015735
-0.008624
-0.358420
0.020570
0.007413
-0.005215
0.009079
0.009003
-0.106689
-0.004821
-0.035555
-0.999356
6.171081
---
0.933405
0.015624
-0.008403
-0.358387
-0.027926
-0.009799
-0.032574
-0.020590
0.021559
0.036123
-0.004489
-0.035189
-0.999371
6.188969
---
0.933464
0.015678
-0.007981
-0.358239
-0.006598
-0.003742
0.007455
-0.012338
0.059886
0.020252
-0.003668
-0.034992
-0.999381
6.205083
---
0.933449
0.015755
-0.007586
-0.358285
-0.005805
-0.003599
0.007447
-0.009933
0.062653
-0.026549
-0.002875
-0.034849
-0.999388
6.222114
---
0.932878
0.015887
-0.007448
-0.359765
0.035617
0.011873
0.001592
0.004974
-0.025032
-0.180567
-0.002469
-0.035002
-0.999384
6.239266
---
0.931984
0.015875
-0.007973
-0.362063
0.047412
0.027136
-0.027689
0.023958
-0.061481
-0.314935
-0.003370
-0.035364
-0.999369
6.256753
---
0.931063
0.015953
-0.008456
-0.364410
0.046661
0.026627
-0.027668
0.015814
-0.023123
-0.292944
-0.004120
-0.035873
-0.999348
6.273874
---
0.930428
0.015919
-0.008709
-0.366024
0.026697
0.010877
-0.013013
0.010697
-0.042345
-0.236743
-0.004553
-0.035998
-0.999341
6.290782
---
0.929779
0.015887
-0.008724
-0.367671
-0.010399
-0.006660
-0.006179
-0.013455
-0.014275
-0.165086
-0.004540
-0.035957
-0.999343
6.307905
---
0.929265
0.015799
-0.008472
-0.368980
-0.009952
-0.006319
-0.006193
-0.018376
0.030628
-0.159205
-0.004092
-0.035616
-0.999357
6.324762
---
0.928757
0.015793
-0.008239
-0.370260
-0.003610
-0.005163
-0.002295
-0.015748
0.024521
-0.198012
-0.003610
-0.035436
-0.999365
6.341877
---
0.927994
0.015851
-0.008070
-0.372171
0.027095
0.008520
-0.007180
-0.002469
0.029957
-0.222485
-0.003179
-0.035426
-0.999367
6.358631
---
0.927479
0.015966
-0.007871
-0.373451
0.027595
0.008450
-0.007179
0.007027
0.030704
-0.238722
-0.002678
-0.035496
-0.999366
6.375752
---
0.926415
0.015893
-0.007772
-0.376088
0.016107
-0.000139
-0.001327
-0.007403
0.003709
-0.241797
-0.002448
-0.035295
-0.999374
6.392815
---
0.925721
0.015827
-0.007655
-0.377799
0.003643
-0.003839
-0.004265
-0.011608
-0.013657
-0.229286
-0.002216
-0.035089
-0.999382
6.409935
---
0.925207
0.015701
-0.007778
-0.379058
0.005324
-0.002725
-0.015988
-0.006622
-0.022493
-0.226835
-0.002488
-0.034952
-0.999386
6.426845
---
0.924387
0.015703
-0.007508
-0.381059
0.005901
-0.002525
-0.015996
-0.011143
0.023685
-0.212149
-0.001912
-0.034752
-0.999394
6.443970
---
0.923406
0.015532
-0.007757
-0.383431
0.022000
0.002476
-0.023811
-0.004108
-0.039723
-0.275227
-0.002414
-0.034633
-0.999397
6.460753
---
0.922420
0.015546
-0.007836
-0.385797
0.027813
0.011172
-0.003300
0.013920
0.006172
-0.333277
-0.002461
-0.034727
-0.999394
6.477877
---
0.921398
0.015752
-0.007609
-0.388227
0.028482
0.010962
-0.003294
0.017511
0.039983
-0.340251
-0.001791
-0.034936
-0.999388
6.493990
---
0.920290
0.015981
-0.007252
-0.390843
0.020630
0.009839
-0.005243
0.007821
0.038229
-0.350605
-0.000855
-0.035083
-0.999384
6.511112
---
0.919434
0.016009
-0.007283
-0.392850
0.014804
0.006829
-0.026725
0.005250
-0.026422
-0.370324
-0.000821
-0.035163
-0.999381
6.528356
---
0.917538
0.016131
-0.007127
-0.397257
0.015362
0.006727
-0.026722
-0.019844
0.002405
-0.385096
-0.000263
-0.035265
-0.999378
6.545479
---
0.916340
0.016150
-0.006687
-0.400018
0.019217
-0.006627
-0.003295
-0.022132
0.051919
-0.362920
0.000663
-0.034947
-0.999389
6.562600
---
0.915149
0.016027
-0.006648
-0.402741
0.003672
-0.002464
-0.034554
-0.008852
-0.004952
-0.372451
0.000742
-0.034690
-0.999398
6.579724
---
0.913250
0.016123
-0.006289
-0.407031
0.004569
-0.002344
-0.034557
0.011285
-0.034923
-0.585953
0.001639
-0.034570
-0.999401
6.597025
---
0.911619
0.016066
-0.006585
-0.410668
0.070526
0.016080
-0.009163
0.010242
-0.057722
-0.694289
0.001190
-0.034701
-0.999397
6.613784
---
0.908175
0.016092
-0.007060
-0.418223
0.077786
0.020531
-0.015007
0.021708
-0.012763
-0.873780
0.000638
-0.035133
-0.999382
6.631425
---
0.904910
0.016085
-0.007464
-0.425233
0.077318
0.020206
-0.014996
0.019974
-0.137194
-0.961619
0.000170
-0.035458
-0.999371
6.647480
---
0.901312
0.016097
-0.007610
-0.432805
0.033417
0.012248
-0.033546
0.006511
-0.042932
-1.000870
0.000214
-0.035604
-0.999366
6.664935
---
0.897131
0.016055
-0.007606
-0.441408
0.021032
-0.000367
-0.031595
-0.011356
0.023872
-1.099201
0.000524
-0.035523
-0.999369
6.681204
---
0.893909
0.016055
-0.007432
-0.447900
0.021599
-0.000206
-0.031601
-0.012048
-0.009179
-1.227569
0.001092
-0.035362
-0.999374
6.698783
---
0.887876
0.015742
-0.008008
-0.459744
0.073497
0.012532
-0.010118
0.002961
-0.080828
-1.437702
0.000255
-0.035319
-0.999376
6.716637
---
0.882350
0.015557
-0.008368
-0.470263
0.060411
0.011551
-0.002306
0.000666
-0.057193
-1.429845
-0.000135
-0.035324
-0.999376
6.733211
---
0.876391
0.015414
-0.008660
-0.481276
0.060204
0.011520
-0.002304
0.001091
-0.084516
-1.121192
-0.000343
-0.035355
-0.999375
6.749752
---
0.872504
0.014732
-0.006951
-0.488336
-0.093446
-0.099881
-0.035602
-0.145676
0.147438
-0.721005
0.002257
-0.032498
-0.999469
6.767544
---
0.870746
0.014550
-0.005481
-0.491487
-0.178834
-0.088344
-0.004399
-0.131126
0.100330
-0.444606
0.004760
-0.030727
-0.999516
6.784027
---
0.869710
0.014322
-0.004272
-0.493337
-0.176895
-0.086746
-0.004436
-0.121122
0.197903
-0.258704
0.006699
-0.029129
-0.999553
6.800813
---
0.868385
0.014680
-0.002511
-0.495667
-0.117740
-0.032870
0.011186
-0.048495
0.112181
-0.269860
0.010190
-0.027988
-0.999556
6.818668
---
0.866442
0.014983
-0.002528
-0.499047
0.014478
0.036940
-0.011257
0.034451
0.013059
-0.582181
0.010571
-0.028490
-0.999538
6.834784
---
0.864262
0.015214
-0.002484
-0.502806
0.098897
0.062023
0.003405
0.033422
0.017504
-0.842636
0.011006
-0.028797
-0.999525
6.852668
---
0.857825
0.015661
-0.002889
-0.513696
0.099021
0.060981
0.003437
0.051035
0.019185
-1.057764
0.011131
-0.029840
-0.999493
6.869580
---
0.854686
0.015587
-0.002818
-0.518903
0.055300
0.009490
0.005385
-0.011996
-0.062304
-0.982026
0.011354
-0.029573
-0.999498
6.885753
---
0.850634
0.015281
-0.002821
-0.525529
-0.065886
-0.067051
0.010249
-0.088614
0.102402
-0.693659
0.011262
-0.028965
-0.999517
6.902878
---
0.848218
0.014902
-0.001903
-0.529434
-0.064604
-0.065387
0.010217
-0.096744
0.048089
-0.454015
0.012545
-0.027302
-0.999549
6.918900
---
0.846427
0.015017
-0.000953
-0.532293
-0.070595
-0.033276
-0.015172
-0.047488
0.111231
-0.450710
0.014366
-0.026440
-0.999547
6.936236
---
0.843265
0.015147
-0.000559
-0.537284
0.046572
0.070524
0.004366
0.066395
-0.024123
-0.721956
0.015322
-0.026156
-0.999541
6.953783
---
0.839694
0.015509
-0.000889
-0.542838
0.046584
0.069662
0.004389
0.064065
-0.018915
-0.843675
0.015334
-0.027018
-0.999517
6.970906
---
0.836997
0.015456
-0.001177
-0.546987
0.063752
0.039234
-0.004402
0.024313
-0.064859
-0.802465
0.014923
-0.027172
-0.999519
6.986931
---
0.832845
0.015145
-0.001582
-0.553297
0.031714
-0.020137
-0.010278
-0.046026
-0.028260
-0.684645
0.014136
-0.026973
-0.999536
7.004082
---
0.829983
0.014553
-0.001782
-0.557596
0.030845
-0.019309
-0.010312
-0.040688
-0.107296
-0.604028
0.013267
-0.026145
-0.999570
7.021784
---
0.826748
0.013989
-0.001429
-0.562396
-0.020806
-0.040361
-0.022066
-0.062802
-0.024312
-0.594075
0.013374
-0.024736
-0.999605
7.038907
---
0.823796
0.013741
-0.001315
-0.566718
-0.001253
0.019804
-0.007431
0.010848
-0.020836
-0.663554
0.013395
-0.024142
-0.999619
7.054962
---
0.820781
0.013809
-0.001298
-0.571074
-0.001008
0.019792
-0.007428
0.013178
0.001558
-0.687427
0.013640
-0.024154
-0.999615
7.072114
---
0.816674
0.013705
-0.001444
-0.576934
0.014427
0.014032
-0.010362
0.007890
-0.026153
-0.747887
0.013450
-0.024054
-0.999620
7.089785
---
0.812620
0.013479
-0.001642
-0.582636
0.021816
0.014257
-0.004514
-0.004257
-0.047868
-0.786493
0.013027
-0.023829
-0.999631
7.106906
---
0.810263
0.013349
-0.001752
-0.585912
0.021573
0.014387
-0.004520
-0.002695
-0.046912
-0.798699
0.012784
-0.023699
-0.999637
7.122934
---
0.805597
0.013123
-0.001782
-0.592316
0.010726
-0.006650
-0.012345
-0.014409
-0.016321
-0.809624
0.012679
-0.023252
-0.999649
7.140081
---
0.801650
0.012981
-0.001744
-0.597650
0.023454
0.010300
-0.012352
-0.002424
-0.012318
-0.813620
0.012712
-0.022903
-0.999657
7.157785
---
0.796902
0.012737
-0.001839
-0.603971
0.023189
0.010676
-0.012364
-0.021016
-0.006796
-0.787391
0.012447
-0.022527
-0.999669
7.174908
---
0.793119
0.012488
-0.001835
-0.608936
0.002535
-0.005443
-0.008470
-0.019079
-0.043535
-0.762641
0.012300
-0.022044
-0.999681
7.191206
---
0.789434
0.012301
-0.001802
-0.613710
-0.008254
-0.004053
-0.007503
-0.015096
-0.012296
-0.737107
0.012254
-0.021631
-0.999691
7.208235
---
0.785548
0.012262
-0.001582
-0.618677
-0.007812
-0.003635
-0.007507
-0.015853
0.026358
-0.810605
0.012696
-0.021213
-0.999694
7.225756
---
0.779967
0.012253
-0.001709
-0.625698
0.033180
0.030509
0.004212
0.007392
-0.052382
-0.969104
0.012673
-0.021248
-0.999694
7.242878
---
0.776157
0.011856
-0.002228
-0.630424
0.061297
0.027617
-0.024123
0.007897
-0.128646
-1.038050
0.011493
-0.021211
-0.999709
7.258902
---
0.768732
0.011532
-0.002575
-0.639462
0.060595
0.027805
-0.024135
-0.016315
-0.034489
-1.048680
0.010791
-0.021023
-0.999721
7.276053
---
0.762967
0.011143
-0.002776
-0.646335
0.046300
0.002847
-0.004619
-0.009080
-0.044878
-0.954517
0.010167
-0.020590
-0.999736
7.293176
---
0.757712
0.011007
-0.002303
-0.652492
-0.010613
-0.021639
-0.008536
-0.049385
-0.072524
-0.966678
0.010871
-0.019686
-0.999747
7.310299
---
0.754090
0.010559
-0.002578
-0.656681
0.045136
0.033421
0.019768
0.011697
-0.116634
-1.037296
0.009980
-0.019313
-0.999764
7.327359
---
0.746496
0.010410
-0.002881
-0.665302
0.044706
0.033357
0.019765
0.008271
-0.047868
-1.100877
0.009550
-0.019378
-0.999767
7.344512
---
0.739351
0.009768
-0.003796
-0.673239
0.052458
0.036105
-0.007593
0.021335
-0.072142
-1.148433
0.007536
-0.019559
-0.999780
7.361513
---
0.732872
0.009754
-0.003916
-0.680285
0.036830
0.018463
-0.002709
0.003670
-0.012170
-1.201614
0.007533
-0.019623
-0.999779
7.378636
---
0.726577
0.009713
-0.003874
-0.687006
0.037009
0.018644
-0.002711
-0.003406
-0.027823
-1.218079
0.007712
-0.019442
-0.999781
7.395694
---
0.718934
0.008694
-0.004445
-0.695010
0.017411
-0.012818
-0.031059
-0.028441
-0.091002
-1.231696
0.005692
-0.018677
-0.999809
7.412851
---
0.712747
0.008803
-0.004039
-0.701354
0.028076
0.014985
0.006047
-0.004151
-0.007525
-1.271714
0.006591
-0.018218
-0.999812
7.429784
---
0.703825
0.008218
-0.004515
-0.710312
0.026802
0.015223
0.006035
-0.010713
0.085614
-1.224283
0.005317
-0.017981
-0.999824
7.446851
---
0.696999
0.008592
-0.003910
-0.717010
-0.005825
0.002923
0.039241
-0.026683
-0.082631
-1.158866
0.006870
-0.017584
-0.999822
7.462868
---
0.691047
0.008298
-0.003753
-0.722752
-0.075228
-0.034479
0.028486
-0.049378
0.162690
-0.953556
0.006804
-0.016901
-0.999834
7.480787
---
0.684437
0.009644
-0.001718
-0.729006
-0.070317
-0.033281
0.028512
-0.058981
0.128679
-0.799169
0.011715
-0.015703
-0.999808
7.498797
---
0.681465
0.009257
-0.001647
-0.731790
-0.034603
-0.034570
-0.026190
-0.048534
-0.051493
-0.724019
0.011296
-0.015038
-0.999823
7.515708
---
0.676783
0.009543
-0.000837
-0.736120
-0.035931
-0.021010
0.013855
-0.034850
0.093891
-0.665816
0.012897
-0.014174
-0.999816
7.532122
---
0.672909
0.009417
-0.000488
-0.739665
-0.035560
-0.020239
0.013850
-0.037950
-0.026161
-0.633572
0.013268
-0.013403
-0.999822
7.548757
---
0.667955
0.009525
-0.000273
-0.744141
-0.014543
0.012220
-0.030092
-0.000766
0.057072
-0.608389
0.013778
-0.013171
-0.999818
7.566459
---
0.664798
0.010234
0.000273
-0.746953
0.004922
0.022948
0.007046
0.007028
0.107192
-0.529533
0.015665
-0.013185
-0.999790
7.582542
---
0.661767
0.010079
0.000173
-0.749642
0.004639
0.023093
0.007039
-0.016729
-0.088538
-0.442574
0.015381
-0.013040
-0.999797
7.599815
---
0.658809
0.009938
0.000244
-0.752245
-0.016942
0.008768
-0.054490
-0.014391
-0.064087
-0.432675
0.015285
-0.012717
-0.999802
7.616971
---
0.656864
0.009600
-0.000122
-0.753948
0.011500
0.014673
-0.038878
0.000779
-0.018812
-0.409607
0.014429
-0.012671
-0.999816
7.633145
---
0.654231
0.009390
-0.000211
-0.756236
0.010969
0.014706
-0.038886
0.005816
-0.043978
-0.434989
0.013899
-0.012638
-0.999824
7.650179
---
0.650648
0.009239
-0.000457
-0.759323
0.025157
0.017561
-0.008618
0.008976
-0.016121
-0.437879
0.013438
-0.012713
-0.999829
7.667481
---
0.648351
0.009264
-0.000273
-0.761285
-0.001911
0.001198
-0.004711
-0.011785
0.018019
-0.437454
0.013714
-0.012474
-0.999828
7.684788
---
0.645211
0.009081
-0.000473
-0.763950
0.060140
0.042250
-0.013507
0.032635
-0.115898
-0.538709
0.013265
-0.012438
-0.999835
7.701908
---
0.641930
0.008730
-0.001057
-0.766713
0.058897
0.041851
-0.013517
0.033808
-0.063581
-0.585660
0.012022
-0.012836
-0.999845
7.718909
---
0.637412
0.007715
-0.002224
-0.770482
0.049088
0.032635
-0.012566
0.030677
-0.118434
-0.496118
0.009048
-0.013264
-0.999871
7.735027
---
0.634619
0.008066
-0.001915
-0.772781
-0.065164
-0.022968
0.009903
-0.040329
0.174741
-0.367507
0.010031
-0.013203
-0.999863
7.752758
---
0.632546
0.008249
-0.001309
-0.774478
-0.064071
-0.022228
0.009905
-0.043543
0.008470
-0.306558
0.011124
-0.012463
-0.999860
7.769880
---
0.631052
0.008165
-0.001215
-0.775697
-0.042575
0.001486
-0.054551
-0.018305
0.031481
-0.323143
0.011135
-0.012186
-0.999864
7.785904
---
0.628248
0.008012
-0.001286
-0.777971
0.036228
0.039669
-0.004751
0.035641
-0.024376
-0.377158
0.010838
-0.012088
-0.999868
7.803055
---
0.626480
0.008093
-0.001450
-0.779394
0.036178
0.039340
-0.004748
0.032870
-0.034006
-0.366802
0.010787
-0.012418
-0.999865
7.820116
---
0.623171
0.007794
-0.001879
-0.782045
0.008869
0.016641
-0.028192
0.014990
0.030751
-0.401244
0.009846
-0.012656
-0.999871
7.837241
---
0.619315
0.007665
-0.002228
-0.785102
0.110843
0.045609
0.002081
0.038466
-0.139292
-0.712131
0.009280
-0.012985
-0.999873
7.854667
---
0.614668
0.006577
-0.003381
-0.788751
0.107778
0.045173
0.002062
0.031355
-0.203125
-0.804605
0.006216
-0.013420
-0.999891
7.871789
---
0.609671
0.005783
-0.004488
-0.792621
0.113072
0.056148
-0.002823
0.048535
-0.152021
-0.748168
0.003697
-0.014164
-0.999893
7.888789
---
0.604260
0.005716
-0.004566
-0.796753
-0.069649
-0.003439
-0.016495
-0.030959
0.084448
-0.641548
0.003593
-0.014181
-0.999893
7.905911
---
0.601316
0.005940
-0.004186
-0.798978
-0.068785
-0.003090
-0.016496
-0.021197
0.053543
-0.590018
0.004458
-0.013832
-0.999894
7.921966
---
0.597441
0.006803
-0.003282
-0.801877
-0.068208
0.010040
-0.008675
-0.012320
0.147742
-0.370749
0.006988
-0.013397
-0.999886
7.939117
---
0.596085
0.007741
-0.002177
-0.802881
-0.107357
-0.022494
-0.022332
-0.041980
0.126190
-0.076213
0.009830
-0.012729
-0.999871
7.956789
---
0.595764
0.008289
-0.001354
-0.803116
-0.105490
-0.021819
-0.022320
-0.027852
0.049997
-0.063694
0.011698
-0.012053
-0.999859
7.973910
---
0.595025
0.008542
-0.001014
-0.803661
-0.046071
-0.006921
-0.001805
-0.011799
0.070910
-0.194273
0.012523
-0.011803
-0.999852
7.990878
---
0.592464
0.008454
-0.001292
-0.805551
0.074587
0.050401
-0.003760
0.043095
-0.108771
-0.341791
0.012087
-0.012099
-0.999854
8.006903
---
0.589331
0.007918
-0.002010
-0.807851
0.072918
0.049913
-0.003773
0.004202
-0.044107
-0.442727
0.010418
-0.012587
-0.999867
8.024852
---
0.586224
0.007507
-0.002313
-0.810111
0.038741
0.013808
0.003053
0.003146
-0.076645
-0.465078
0.009444
-0.012559
-0.999877
8.040902
---
0.583956
0.007349
-0.002370
-0.811748
-0.004509
0.009053
-0.002810
-0.007710
-0.003631
-0.247218
0.009163
-0.012431
-0.999881
8.058055
---
0.582932
0.007588
-0.001976
-0.812483
-0.003648
0.009417
-0.002807
-0.051465
0.129784
-0.082399
0.010024
-0.012067
-0.999877
8.075176
---
0.582366
0.007974
-0.001221
-0.812887
-0.090026
-0.026902
-0.017448
-0.053354
0.122951
-0.119482
0.011536
-0.011277
-0.999870
8.092301
---
0.581254
0.008425
-0.000800
-0.813679
-0.016528
0.025999
-0.007669
0.006783
0.032617
-0.114490
0.012769
-0.011110
-0.999857
8.109423
---
0.580857
0.008470
-0.000752
-0.813961
-0.011499
-0.009113
-0.016457
-0.020430
-0.014125
-0.070302
0.012915
-0.011066
-0.999855
8.127216
---
0.580121
0.008433
-0.000488
-0.814487
-0.011252
-0.008636
-0.016459
-0.024925
0.013683
-0.097897
0.013162
-0.010590
-0.999857
8.143330
---
0.579534
0.008384
-0.000518
-0.814905
0.003305
0.015812
-0.003765
0.010403
-0.025159
-0.044313
0.013071
-0.010555
-0.999859
8.160758
---
0.579509
0.008338
-0.000440
-0.814923
-0.010400
-0.014351
-0.012556
-0.019935
0.015064
0.006244
0.013037
-0.010444
-0.999861
8.177879
---
0.579617
0.008304
-0.000211
-0.814847
-0.010184
-0.013936
-0.012557
-0.031908
0.013463
0.019276
0.013254
-0.010030
-0.999862
8.193995
---
0.579829
0.008312
-0.000244
-0.814696
0.006378
0.013336
-0.006698
0.002471
-0.002600
0.047716
0.013214
-0.010101
-0.999862
8.211058
---
0.580189
0.008277
-0.000386
-0.814440
0.014022
0.015166
-0.014511
0.010480
-0.013050
0.069934
0.013046
-0.010225
-0.999863
8.228208
---
0.580990
0.008227
-0.000518
-0.813869
0.013783
0.015007
-0.014513
0.000535
-0.002817
0.086510
0.012806
-0.010383
-0.999864
8.245331
---
0.581285
0.008240
-0.000559
-0.813658
0.013718
0.018783
-0.013535
0.011135
-0.000854
0.050808
0.012742
-0.010514
-0.999864
8.262390
---
0.581953
0.008285
-0.000712
-0.813180
0.012641
0.023374
-0.009627
0.019847
-0.012267
0.098997
0.012641
-0.010806
-0.999862
8.279456
---
0.582925
0.008346
-0.000889
-0.812483
0.012525
0.023001
-0.009625
0.019577
-0.007244
0.160492
0.012525
-0.011179
-0.999859
8.296756
---
0.584250
0.008290
-0.001036
-0.811531
0.007348
0.005215
-0.011579
0.005109
-0.015441
0.157472
0.012231
-0.011386
-0.999860
8.313788
---
0.584876
0.008382
-0.001112
-0.811078
0.010348
0.035268
-0.008646
0.024259
0.017281
0.107880
0.012301
-0.011607
-0.999857
8.330850
---
0.585961
0.008392
-0.001348
-0.810295
0.010066
0.034852
-0.008645
0.016523
-0.014197
0.140604
0.012019
-0.012023
-0.999856
8.346875
---
0.587422
0.008348
-0.001601
-0.809236
0.012600
0.014933
-0.011574
0.021214
-0.017564
0.189301
0.011623
-0.012411
-0.999855
8.364392
---
0.588726
0.008314
-0.001705
-0.808288
0.005575
0.013821
-0.008645
0.003547
-0.008958
0.207863
0.011434
-0.012546
-0.999856
8.381515
---
0.590344
0.008358
-0.001777
-0.807106
0.005523
0.013616
-0.008643
0.008383
0.004081
0.245663
0.011382
-0.012751
-0.999854
8.398788
---
0.592222
0.008329
-0.001922
-0.805730
0.010169
0.010471
-0.009619
0.006923
-0.013969
0.271438
0.011146
-0.012966
-0.999854
8.416677
---
0.593520
0.008339
-0.002024
-0.804773
0.012000
0.016141
-0.010595
0.013263
-0.004601
0.262544
0.011024
-0.013156
-0.999853
8.433063
---
0.595325
0.008248
-0.002160
-0.803439
0.011654
0.016000
-0.010597
0.008222
-0.018812
0.263591
0.010677
-0.013296
-0.999855
8.449789
---
0.597693
0.008214
-0.002293
-0.801680
-0.000323
0.010910
-0.015480
0.008468
-0.011783
0.300927
0.010419
-0.013504
-0.999855
8.467398
---
0.599112
0.008203
-0.002339
-0.800619
-0.019943
0.009856
-0.008644
0.005544
-0.001178
0.332318
0.010330
-0.013581
-0.999854
8.484033
---
0.602439
0.008252
-0.002435
-0.798118
-0.022964
0.031092
-0.009618
0.008301
0.005484
0.362685
0.010239
-0.013830
-0.999852
8.500146
---
0.604861
0.008330
-0.002563
-0.796284
-0.023032
0.030764
-0.009614
0.015458
0.004324
0.369639
0.010171
-0.014158
-0.999848
8.517637
---
0.607614
0.008358
-0.002686
-0.794184
0.003179
0.018784
-0.013518
0.009696
0.006567
0.404483
0.010015
-0.014419
-0.999846
8.535066
---
0.609834
0.008463
-0.002762
-0.792479
0.003207
0.018500
-0.013513
0.021890
0.003122
0.379908
0.010043
-0.014703
-0.999842
8.551545
---
0.612285
0.008514
-0.002891
-0.790586
0.016756
0.019181
-0.007651
0.014235
0.004666
0.390765
0.009920
-0.014999
-0.999838
8.568667
---
0.615481
0.008523
-0.003037
-0.788100
-0.003003
0.003269
-0.012532
0.014186
-0.010178
0.434147
0.009692
-0.015286
-0.999836
8.585758
---
0.618139
0.008669
-0.003015
-0.786015
0.003058
0.029458
-0.003738
0.012305
0.053251
0.415730
0.009894
-0.015464
-0.999831
8.602882
---
0.620703
0.008978
-0.002973
-0.783988
0.003551
0.029118
-0.003727
0.019379
-0.000438
0.374420
0.010386
-0.015803
-0.999821
8.618937
---
0.623176
0.008919
-0.003197
-0.782024
0.063673
0.013172
-0.001774
0.007274
-0.042515
0.282768
0.009962
-0.016125
-0.999820
8.637093
---
0.624879
0.008759
-0.003468
-0.780664
0.047427
0.015858
-0.003729
0.010248
-0.024962
0.279411
0.009341
-0.016368
-0.999822
8.653516
---
0.627182
0.008562
-0.003860
-0.778816
0.046580
0.015470
-0.003730
0.019738
-0.061881
0.394902
0.008494
-0.016756
-0.999824
8.670637
---
0.629863
0.008370
-0.004152
-0.776650
0.004836
0.006441
-0.007638
0.017975
-0.033449
0.468514
0.007766
-0.016997
-0.999825
8.687669