---
0.695902
0.016510
0.011408
0.717857
-0.000013
0.000680
-0.014820
-0.025857
-0.020810
0.060334
-0.007825
-0.039359
-0.999195
0.000000
---
0.692142
0.016512
0.011001
0.721489
0.003120
0.001308
-0.010931
0.003903
-0.011792
0.303431
-0.008598
-0.038731
-0.999213
0.068501
---
0.690558
0.016295
0.011299
0.723005
0.003761
0.001194
-0.010932
0.008234
0.048582
0.253542
-0.007957
-0.038845
-0.999214
0.084601
---
0.689307
0.016084
0.011611
0.724198
-0.005336
0.002024
-0.014838
0.013075
0.063061
0.190914
-0.007289
-0.038992
-0.999213
0.101726
---
0.687928
0.015884
0.011965
0.725507
-0.004633
0.001800
-0.014834
0.014358
0.044083
0.238756
-0.006586
-0.039216
-0.999209
0.118844
---
0.686701
0.015851
0.012315
0.726663
-0.000264
0.002322
-0.012866
0.024021
0.025717
0.121605
-0.006124
-0.039670
-0.999194
0.136521
---
0.686113
0.016035
0.012344
0.727213
0.005336
0.002031
-0.013829
0.019140
-0.025884
0.091359
-0.006383
-0.039961
-0.999181
0.152635
---
0.686269
0.016308
0.012265
0.727062
0.004839
0.001773
-0.013816
0.013606
-0.033800
-0.027243
-0.006880
-0.040219
-0.999167
0.169756
---
0.686268
0.016217
0.012380
0.727062
-0.003661
-0.001198
-0.009910
-0.000444
0.011194
-0.005195
-0.006591
-0.040261
-0.999167
0.186881
---
0.686434
0.016436
0.012240
0.726904
0.009511
0.001633
-0.010879
0.007150
-0.071463
-0.036137
-0.007090
-0.040359
-0.999160
0.204792
---
0.686525
0.016808
0.011972
0.726813
0.008606
0.001510
-0.010867
-0.004213
-0.001779
0.012175
-0.007995
-0.040482
-0.999148
0.220908
---
0.686224
0.016756
0.011922
0.727099
-0.003121
-0.003225
-0.013803
-0.007647
-0.002090
0.060419
-0.008004
-0.040334
-0.999154
0.238031
---
0.685881
0.016693
0.011976
0.727424
-0.001022
-0.000284
-0.014781
0.001711
0.013188
0.050541
-0.007858
-0.040323
-0.999156
0.255152
---
0.685137
0.016660
0.012019
0.728124
-0.000957
-0.000295
-0.014781
0.006014
0.007413
0.129505
-0.007792
-0.040334
-0.999156
0.272274
---
0.683362
0.016098
0.011937
0.729805
-0.002298
-0.003295
-0.010915
-0.024364
0.024669
0.016918
-0.007181
-0.039427
-0.999197
0.306518
---
0.683559
0.015627
0.011838
0.729632
0.002170
0.003352
-0.015833
0.003766
-0.017131
-0.084030
-0.006619
-0.038640
-0.999231
0.356877
---
0.684064
0.015739
0.011771
0.729157
0.003892
0.002317
-0.015829
0.008801
-0.025734
-0.087976
-0.006850
-0.038699
-0.999227
0.373999
---
0.684344
0.015884
0.011729
0.728892
0.003638
0.002178
-0.015822
0.007980
-0.015938
-0.045576
-0.007104
-0.038838
-0.999220
0.391121
---
0.684454
0.016132
0.011683
0.728784
0.002244
0.003856
-0.012878
0.020343
-0.018812
0.050876
-0.007521
-0.039113
-0.999206
0.408243
---
0.684129
0.016255
0.011710
0.729086
0.002084
0.003653
-0.012869
0.002680
0.011571
0.057271
-0.007681
-0.039315
-0.999197
0.425369
---
0.683997
0.016228
0.011778
0.729209
-0.002673
-0.002268
-0.014821
0.000494
0.005182
0.008362
-0.007556
-0.039377
-0.999196
0.442488
---
0.684013
0.016356
0.011658
0.729194
0.005767
-0.000315
-0.010912
0.000848
-0.037847
-0.016700
-0.007905
-0.039378
-0.999193
0.459092
---
0.684139
0.016541
0.011566
0.729072
-0.000481
-0.000435
-0.009927
0.003763
-0.004931
-0.020448
-0.008293
-0.039498
-0.999185
0.476217
---
0.684506
0.016600
0.011508
0.728727
-0.000626
-0.000438
-0.009926
-0.001538
-0.013712
-0.063271
-0.008438
-0.039501
-0.999184
0.493336
---
0.684767
0.016484
0.011559
0.728484
-0.004279
-0.002308
-0.013838
-0.006197
0.017563
-0.041342
-0.008186
-0.039417
-0.999189
0.510458
---
0.685295
0.016394
0.011537
0.727989
0.001709
-0.002160
-0.014821
-0.011444
0.001687
-0.085850
-0.008057
-0.039269
-0.999196
0.526574
---
0.685699
0.016346
0.011493
0.727611
0.001738
-0.002031
-0.014826
-0.006611
-0.002679
-0.061631
-0.008027
-0.039140
-0.999201
0.543694
---
0.686095
0.016598
0.011140
0.727237
0.006770
-0.001872
-0.013849
-0.007818
-0.038561
-0.048380
-0.008855
-0.038981
-0.999201
0.560819
---
0.686546
0.016750
0.010844
0.726813
0.006167
-0.002632
-0.010922
-0.014811
-0.044758
-0.074943
-0.009458
-0.038765
-0.999204
0.577941
---
0.687314
0.016944
0.010543
0.726087
0.005511
-0.002469
-0.010922
-0.009229
-0.043640
-0.145655
-0.010114
-0.038602
-0.999203
0.595064
---
0.688335
0.016928
0.010472
0.725119
-0.003297
-0.001382
-0.011903
-0.015244
-0.009665
-0.138502
-0.010133
-0.038492
-0.999208
0.612185
---
0.689251
0.016847
0.010552
0.724250
-0.004976
0.001529
-0.010928
0.003934
0.018903
-0.162888
-0.009858
-0.038510
-0.999210
0.629311
---
0.690153
0.016789
0.010603
0.723391
-0.004771
0.001523
-0.010930
-0.001465
-0.019305
-0.143584
-0.009654
-0.038516
-0.999211
0.646432
---
0.690908
0.016873
0.010536
0.722669
0.003845
-0.000458
-0.011904
-0.001302
-0.012466
-0.102878
-0.009826
-0.038544
-0.999209
0.662546
---
0.691508
0.016934
0.010466
0.722094
-0.000215
0.000525
-0.016786
-0.004610
-0.002961
-0.108177
-0.009980
-0.038537
-0.999207
0.679666
---
0.691847
0.016963
0.010467
0.721769
-0.000237
0.000479
-0.016783
0.001866
-0.005571
-0.056501
-0.010002
-0.038583
-0.999205
0.696787
---
0.692097
0.016757
0.010639
0.721532
-0.006525
-0.002414
-0.013861
-0.001731
0.021749
-0.029055
-0.009455
-0.038546
-0.999212
0.713908
---
0.692229
0.016492
0.010860
0.721408
-0.007782
-0.001393
-0.011915
-0.002124
0.043882
-0.019128
-0.008758
-0.038502
-0.999220
0.731032
---
0.692363
0.016289
0.010954
0.721282
-0.007353
-0.001248
-0.011925
-0.011828
0.000216
-0.001953
-0.008330
-0.038357
-0.999229
0.748154
---
0.692404
0.016228
0.010838
0.721247
0.004294
-0.004905
-0.010957
-0.009107
-0.004141
-0.001375
-0.008401
-0.038108
-0.999238
0.765279
---
0.692477
0.016182
0.010787
0.721178
0.000389
0.000114
-0.014869
-0.006735
-0.000342
-0.013035
-0.008400
-0.037972
-0.999244
0.782398
---
0.692551
0.016129
0.010764
0.721108
-0.001518
-0.001733
-0.013896
-0.004844
0.002938
-0.015507
-0.008354
-0.037866
-0.999248
0.799523
---
0.692370
0.016042
0.010755
0.721284
-0.001413
-0.001598
-0.013902
-0.006197
0.001328
0.041159
-0.008249
-0.037731
-0.999254
0.815635
---
0.692082
0.015955
0.010753
0.721563
-0.000328
-0.003422
-0.013908
-0.008681
0.003487
0.052628
-0.008140
-0.037602
-0.999260
0.832755
---
0.691409
0.015830
0.010702
0.722211
-0.000253
-0.003168
-0.013918
-0.015935
0.005661
0.092744
-0.008066
-0.037348
-0.999270
0.849879
---
0.690725
0.015696
0.010647
0.722869
-0.001148
-0.004851
-0.012952
-0.015587
0.010933
0.122345
-0.007984
-0.037078
-0.999280
0.867002
---
0.690107
0.015690
0.010778
0.723457
-0.002943
0.007669
-0.016853
0.015609
0.016035
0.085365
-0.007826
-0.037252
-0.999275
0.884122
---
0.689609
0.015654
0.010928
0.723930
-0.001733
0.000674
-0.013920
0.008966
0.022280
0.088965
-0.007592
-0.037412
-0.999271
0.901243
---
0.689211
0.015615
0.011057
0.724308
-0.001520
0.000543
-0.013916
0.009201
0.014135
0.056029
-0.007379
-0.037543
-0.999268
0.918369
---
0.688924
0.015780
0.011017
0.724578
0.005986
0.002330
-0.010001
0.012872
-0.020082
0.042200
-0.007686
-0.037709
-0.999259
0.935490
---
0.688668
0.015908
0.010978
0.724820
-0.000129
-0.006576
-0.010972
-0.009444
-0.009907
0.053724
-0.007941
-0.037826
-0.999253
0.951605
---
0.687997
0.015784
0.010874
0.725461
-0.003057
-0.002339
-0.014890
-0.012753
0.007905
0.030129
-0.007939
-0.037496
-0.999265
0.985882
---
0.687833
0.015663
0.010896
0.725618
-0.004812
-0.003182
-0.015873
-0.010286
0.018833
0.040194
-0.007742
-0.037362
-0.999272
1.003001
---
0.687774
0.015486
0.011000
0.725676
-0.004415
-0.003087
-0.015880
0.006844
-0.003718
-0.013065
-0.007345
-0.037266
-0.999278
1.020125
---
0.687905
0.015521
0.010994
0.725552
0.003345
0.002730
-0.015878
0.003947
-0.003177
-0.025878
-0.007397
-0.037309
-0.999276
1.037245
---
0.688120
0.015459
0.011135
0.725347
-0.007101
0.003585
-0.012946
0.006956
0.023807
-0.045321
-0.007101
-0.037430
-0.999274
1.054367
---
0.688454
0.015418
0.011306
0.725028
-0.006789
0.003393
-0.012941
0.012043
0.021703
-0.063677
-0.006789
-0.037622
-0.999269
1.071487
---
0.688714
0.015413
0.011341
0.724780
0.002068
-0.001535
-0.011963
0.008491
0.000090
-0.020649
-0.006721
-0.037668
-0.999268
1.087606
---
0.688747
0.015366
0.011358
0.724750
-0.001746
-0.001499
-0.012942
-0.000846
0.000994
-0.003668
-0.006629
-0.037631
-0.999270
1.104728
---
0.688901
0.015352
0.011428
0.724602
-0.001619
-0.001582
-0.012939
0.016578
0.011873
-0.037674
-0.006502
-0.037715
-0.999267
1.121848
---
0.689098
0.015376
0.011523
0.724413
-0.001513
0.006057
-0.013910
0.013236
-0.000217
-0.032209
-0.006396
-0.037888
-0.999262
1.138972
---
0.689145
0.015496
0.011555
0.724366
0.003243
-0.000016
-0.010971
0.009325
-0.010637
-0.005471
-0.006523
-0.038102
-0.999253
1.156096
---
0.689144
0.015544
0.011556
0.724365
0.003175
-0.000082
-0.010968
-0.005904
0.012465
0.013367
-0.006590
-0.038167
-0.999250
1.173217
---
0.689206
0.015424
0.011516
0.724309
-0.003540
-0.008649
-0.006095
-0.013788
0.012934
-0.022987
-0.006470
-0.037946
-0.999259
1.190343
---
0.689314
0.015397
0.011453
0.724208
0.002277
0.001247
-0.008053
-0.007005
0.003678
0.005945
-0.006513
-0.037815
-0.999264
1.207461
---
0.689248
0.015421
0.011372
0.724272
0.002128
0.001332
-0.008055
-0.001683
-0.025220
0.007471
-0.006661
-0.037730
-0.999266
1.223580
---
0.689153
0.015570
0.011305
0.724361
0.004745
0.001222
-0.012931
0.002949
-0.011173
0.015259
-0.006974
-0.037841
-0.999260
1.240696
---
0.689063
0.015794
0.011212
0.724442
0.008193
0.002027
-0.011945
0.013951
-0.032018
0.027251
-0.007432
-0.038012
-0.999250
1.257821
---
0.688937
0.016009
0.011080
0.724560
0.004763
0.001924
-0.011937
0.003365
-0.027967
0.022198
-0.007932
-0.038115
-0.999242
1.274943
---
0.688842
0.016243
0.010935
0.724647
0.004219
0.001813
-0.011928
0.007817
-0.032047
0.016955
-0.008476
-0.038226
-0.999233
1.292064
---
0.688838
0.016345
0.010926
0.724648
-0.000824
0.002660
-0.003133
-0.000297
-0.008911
-0.012499
-0.008636
-0.038355
-0.999227
1.309185
---
0.688917
0.016387
0.010919
0.724573
-0.002844
-0.003247
-0.009967
-0.003763
0.009389
-0.010264
-0.008703
-0.038403
-0.999224
1.326310
---
0.689076
0.016373
0.010911
0.724422
-0.002826
-0.003218
-0.009968
-0.001410
0.003163
-0.037419
-0.008685
-0.038375
-0.999226
1.343429
---
0.689268
0.016281
0.010914
0.724241
-0.001702
-0.004072
-0.009974
-0.012580
0.008260
-0.042648
-0.008538
-0.038251
-0.999232
1.359549
---
0.689529
0.016204
0.010952
0.723993
-0.001523
-0.002072
-0.009001
-0.005763
0.002771
-0.029983
-0.008359
-0.038205
-0.999235
1.376666
---
0.689559
0.016112
0.010957
0.723967
-0.001381
-0.001953
-0.009006
-0.006264
0.012976
-0.007315
-0.008217
-0.038086
-0.999241
1.393790
---
0.689641
0.016054
0.011009
0.723890
-0.003175
0.001957
-0.012914
-0.000784
0.009935
-0.017442
-0.008058
-0.038082
-0.999242
1.410910
---
0.689728
0.015976
0.011079
0.723807
-0.001986
-0.000968
-0.012916
-0.006017
0.013273
0.002921
-0.007845
-0.038078
-0.999244
1.428035
---
0.689763
0.015977
0.011137
0.723774
-0.001905
-0.001050
-0.012913
0.014700
-0.014442
-0.020752
-0.007765
-0.038160
-0.999241
1.445156
---
0.689824
0.016186
0.011131
0.723711
0.007552
0.009412
-0.012900
0.017403
-0.020175
0.002625
-0.008073
-0.038439
-0.999228
1.462278
---
0.689788
0.016314
0.011165
0.723742
0.001554
-0.000581
-0.011914
0.009354
-0.011216
0.011170
-0.008211
-0.038667
-0.999218
1.479399
---
0.689754
0.016452
0.011141
0.723771
0.001318
-0.000738
-0.011906
0.005589
-0.021324
0.008014
-0.008448
-0.038824
-0.999210
1.496522
---
0.689721
0.016565
0.011069
0.723801
0.004961
-0.000788
-0.012878
0.002939
-0.025945
0.010307
-0.008711
-0.038874
-0.999206
1.512636
---
0.689571
0.016703
0.010944
0.723943
0.000675
-0.002747
-0.009945
-0.002567
-0.014126
0.033997
-0.009091
-0.038880
-0.999202
1.529760
---
0.689408
0.016752
0.010870
0.724097
0.000492
-0.002708
-0.009945
-0.008016
-0.008036
0.034546
-0.009274
-0.038841
-0.999202
1.547005
---
0.689220
0.016827
0.010754
0.724277
0.003144
-0.003616
-0.012874
-0.002826
-0.017870
0.029678
-0.009552
-0.038773
-0.999202
1.563699
---
0.689067
0.016932
0.010593
0.724422
0.002763
-0.000596
-0.007991
-0.004933
-0.013682
0.001565
-0.009932
-0.038682
-0.999202
1.580818
---
0.689007
0.016969
0.010548
0.724479
0.002645
-0.000581
-0.007991
-0.000291
-0.006657
0.018928
-0.010051
-0.038667
-0.999202
1.597850
---
0.688969
0.017013
0.010455
0.724516
0.002450
-0.001482
-0.007992
-0.005024
-0.012045
0.008686
-0.010245
-0.038591
-0.999203
1.614972
---
0.688933
0.017051
0.010391
0.724550
-0.000624
-0.000466
-0.006039
-0.003259
-0.000775
0.011844
-0.010390
-0.038552
-0.999203
1.632097
---
0.688922
0.017105
0.010371
0.724560
-0.000731
-0.000511
-0.006036
0.002758
-0.009760
0.005019
-0.010497
-0.038597
-0.999200
1.649214
---
0.688961
0.017188
0.010283
0.724521
0.002934
0.000479
-0.009940
-0.004811
-0.017874
-0.005481
-0.010738
-0.038584
-0.999198
1.666340
---
0.689072
0.017237
0.010273
0.724415
0.000903
0.001400
-0.009937
0.005381
-0.009391
-0.015475
-0.010816
-0.038639
-0.999195
1.683461
---
0.689172
0.017307
0.010223
0.724319
0.006596
0.000398
-0.006028
0.000873
-0.019355
-0.023037
-0.010982
-0.038665
-0.999192
1.699577
---
0.689356
0.017473
0.010100
0.724141
0.006199
0.000343
-0.006021
0.000625
-0.016147
-0.023276
-0.011380
-0.038719
-0.999185
1.716699
---
0.689538
0.017517
0.010109
0.723967
-0.001656
0.002221
-0.011877
0.009854
-0.008757
-0.055489
-0.011421
-0.038795
-0.999182
1.733822
---
0.689833
0.017558
0.010151
0.723685
-0.003594
0.004052
-0.006013
0.006669
0.010429
-0.047731
-0.011407
-0.038917
-0.999177
1.750944
---
0.690208
0.017591
0.010250
0.723324
-0.003486
0.003857
-0.006007
0.007074
0.005612
-0.063250
-0.011299
-0.039112
-0.999171
1.768066
---
0.690498
0.017595
0.010228
0.723048
-0.000578
-0.001981
-0.013820
-0.003284
-0.000885
-0.052764
-0.011320
-0.039091
-0.999172
1.785187
---
0.690818
0.017614
0.010278
0.722741
-0.001494
0.000847
-0.016746
0.005377
0.000269
-0.054975
-0.011260
-0.039192
-0.999168
1.802310
---
0.691072
0.017616
0.010331
0.722497
-0.001412
0.000764
-0.016744
0.006473
0.002847
-0.040160
-0.011178
-0.039275
-0.999166
1.819433
---
0.691310
0.017610
0.010420
0.722269
-0.000289
0.004544
-0.011858
0.006644
0.014712
-0.030086
-0.011031
-0.039402
-0.999163
1.835548
---
0.691514
0.017623
0.010492
0.722072
-0.001173
0.000513
-0.008924
0.008120
0.001130
-0.025215
-0.010939
-0.039526
-0.999159
1.852666
---
0.691344
0.017664
0.010551
0.722233
-0.001159
0.000372
-0.008919
0.010693
-0.000763
0.027933
-0.010925
-0.039667
-0.999153
1.869790
---
0.691114
0.017569
0.010614
0.722454
-0.003880
-0.004465
-0.003064
-0.000808
0.014416
0.049785
-0.010715
-0.039621
-0.999157
1.887919
---
0.690846
0.017465
0.010696
0.722712
-0.003631
0.001422
-0.006974
0.003864
0.018331
0.041519
-0.010467
-0.039594
-0.999161
1.904036
---
0.690480
0.017413
0.010773
0.723062
-0.003469
0.001392
-0.006974
0.008577
0.009028
0.050280
-0.010305
-0.039624
-0.999161
1.921154
---
0.690237
0.017337
0.010852
0.723294
-0.001309
0.000405
-0.010882
-0.001556
0.018396
0.026250
-0.010098
-0.039634
-0.999163
1.938277
---
0.690069
0.017229
0.011003
0.723454
-0.005837
0.001316
-0.013813
0.002991
0.014461
0.025212
-0.009744
-0.039700
-0.999164
1.955402
---
0.690046
0.017108
0.011138
0.723477
-0.005477
0.001288
-0.013815
-0.000993
0.007507
0.000491
-0.009383
-0.039727
-0.999166
1.972525
---
0.690006
0.017065
0.011240
0.723515
-0.001370
0.000223
-0.003071
0.008581
0.013894
0.010048
-0.009183
-0.039816
-0.999165
1.988913
---
0.690030
0.017002
0.011301
0.723493
-0.001192
0.000224
-0.003073
-0.003318
0.006368
0.000085
-0.009005
-0.039815
-0.999166
2.006037
---
0.690149
0.016915
0.011324
0.723381
-0.002004
-0.002624
-0.011867
-0.001329
0.006882
-0.044973
-0.008840
-0.039734
-0.999171
2.023159
---
0.690454
0.016859
0.011356
0.723091
-0.000887
0.000333
-0.010892
0.000039
0.013923
-0.041867
-0.008700
-0.039706
-0.999174
2.040278
---
0.690666
0.016858
0.011396
0.722888
0.001134
-0.001679
-0.009914
0.004072
0.002983
-0.033506
-0.008631
-0.039765
-0.999172
2.057952
---
0.690902
0.016860
0.011409
0.722661
0.001163
-0.001702
-0.009913
0.005718
-0.009122
-0.039074
-0.008603
-0.039788
-0.999171
2.074067
---
0.691116
0.016919
0.011362
0.722456
0.003952
0.001211
-0.006005
0.001977
-0.016979
-0.035616
-0.008743
-0.039805
-0.999169
2.091188
---
0.691358
0.016944
0.011306
0.722225
-0.000052
-0.002650
-0.011865
-0.002732
-0.010925
-0.036404
-0.008841
-0.039759
-0.999170
2.108951
---
0.691543
0.016945
0.011284
0.722048
-0.002028
-0.000669
-0.008937
-0.000533
-0.001784
-0.032655
-0.008864
-0.039731
-0.999171
2.125646
---
0.691900
0.016922
0.011270
0.721707
-0.001995
-0.000621
-0.008939
-0.003151
0.000506
-0.058043
-0.008831
-0.039684
-0.999173
2.141761
---
0.692267
0.016871
0.011236
0.721356
0.000005
-0.003439
-0.012850
-0.006512
0.007304
-0.079020
-0.008784
-0.039572
-0.999178
2.158886
---
0.692756
0.016827
0.011191
0.720889
0.000035
-0.003317
-0.012855
-0.004024
-0.002356
-0.070118
-0.008754
-0.039450
-0.999183
2.175943
---
0.693248
0.016824
0.011179
0.720416
-0.000928
-0.000369
-0.007973
0.000918
-0.008962
-0.080220
-0.008740
-0.039432
-0.999184
2.193067
---
0.693695
0.016750
0.011228
0.719987
-0.006588
-0.001321
-0.013835
-0.000074
0.013683
-0.087859
-0.008541
-0.039407
-0.999187
2.210100
---
0.694191
0.016733
0.011208
0.719509
0.005153
-0.002253
-0.007978
-0.001822
-0.000061
-0.088761
-0.008519
-0.039362
-0.999189
2.227646
---
0.694417
0.016736
0.011186
0.719291
0.005132
-0.002225
-0.007979
-0.005099
-0.007170
-0.039925
-0.008540
-0.039334
-0.999190
2.243762
---
0.694605
0.016651
0.011176
0.719112
-0.001587
-0.004048
-0.008961
-0.007914
0.007605
-0.011049
-0.008423
-0.039205
-0.999196
2.260883
---
0.694711
0.016597
0.011231
0.719010
-0.004356
0.004734
-0.012869
0.013740
0.021725
-0.021895
-0.008262
-0.039212
-0.999197
2.277916
---
0.694690
0.016574
0.011322
0.719029
-0.004197
0.004634
-0.012866
0.007515
0.006129
0.006666
-0.008103
-0.039311
-0.999194
2.295068
---
0.694579
0.016665
0.011277
0.719135
0.006346
0.000669
-0.008956
0.003397
-0.010322
0.028650
-0.008302
-0.039370
-0.999190
2.312800
---
0.694320
0.016722
0.011236
0.719385
0.001309
-0.000325
-0.006024
-0.001966
0.004145
0.048679
-0.008456
-0.039387
-0.999188
2.328917
---
0.694138
0.016746
0.011221
0.719560
0.001243
-0.000334
-0.006023
-0.005315
-0.002659
0.031239
-0.008522
-0.039397
-0.999187
2.346038
---
0.693930
0.016725
0.011168
0.719762
0.001188
-0.004133
-0.009933
-0.005108
0.002111
0.030196
-0.008577
-0.039289
-0.999191
2.363160
---
0.693771
0.016772
0.011164
0.719913
0.004038
0.005573
-0.007977
-0.000463
0.001512
0.020793
-0.008658
-0.039348
-0.999188
2.380282
---
0.693885
0.016843
0.011162
0.719802
0.003938
0.005480
-0.007973
0.006495
0.001173
-0.020998
-0.008757
-0.039442
-0.999183
2.397404
---
0.694037
0.016842
0.011196
0.719656
-0.004794
-0.001406
-0.010901
0.006126
-0.001316
-0.033399
-0.008701
-0.039492
-0.999182
2.414985
---
0.694269
0.016844
0.011155
0.719432
0.004926
-0.002331
-0.008949
-0.005783
-0.012103
-0.033232
-0.008746
-0.039441
-0.999184
2.431098
---
0.694552
0.016936
0.011095
0.719157
0.004725
-0.002373
-0.008946
0.006034
-0.026120
-0.044807
-0.008947
-0.039483
-0.999180
2.448952
---
0.694807
0.017049
0.011020
0.718910
0.005449
0.003432
-0.009918
0.004654
-0.012603
-0.040595
-0.009200
-0.039537
-0.999176
2.465067
---
0.695015
0.017070
0.010961
0.718709
0.000465
-0.003350
-0.013825
-0.012964
-0.012230
-0.026644
-0.009300
-0.039483
-0.999177
2.482435
---
0.695179
0.017094
0.010901
0.718550
0.000357
-0.003299
-0.013826
-0.008230
-0.007872
-0.021164
-0.009408
-0.039432
-0.999178
2.498548
---
0.695256
0.017085
0.010844
0.718477
-0.000683
-0.007112
-0.010900
-0.006600
-0.000979
-0.009518
-0.009472
-0.039339
-0.999181
2.515979
---
0.695353
0.017011
0.010850
0.718386
-0.005445
-0.000186
-0.011881
-0.003985
0.006627
-0.018771
-0.009351
-0.039249
-0.999186
2.533101
---
0.695445
0.016930
0.010867
0.718298
-0.005300
-0.000096
-0.011886
-0.004881
0.009467
-0.018109
-0.009206
-0.039159
-0.999191
2.550617
---
0.695568
0.016870
0.010878
0.718179
-0.003238
-0.004915
-0.013843
-0.008497
0.002385
-0.026488
-0.009098
-0.039094
-0.999194
2.566729
---
0.695750
0.016776
0.010990
0.718004
-0.006843
0.000912
-0.007985
-0.001997
0.018637
-0.016970
-0.008796
-0.039127
-0.999196
2.583947
---
0.695902
0.016737
0.011067
0.717857
-0.006673
0.000856
-0.007984
-0.000843
-0.002864
-0.031457
-0.008627
-0.039183
-0.999195
2.601068
---
0.696089
0.016738
0.011107
0.717675
0.001204
0.001769
-0.010912
0.006379
0.005434
-0.028133
-0.008561
-0.039246
-0.999193
2.618101
---
0.696199
0.016676
0.011158
0.717568
-0.006443
-0.000170
-0.011890
0.003739
0.009908
-0.011467
-0.008396
-0.039233
-0.999195
2.635251
---
0.696280
0.016591
0.011237
0.717491
-0.000347
-0.002122
-0.008963
0.000979
0.007632
-0.010418
-0.008159
-0.039231
-0.999197
2.652983
---
0.696229
0.016547
0.011283
0.717541
-0.000223
-0.002125
-0.008963
-0.003835
0.002702
0.004092
-0.008035
-0.039235
-0.999198
2.669098
---
0.696243
0.016590
0.011311
0.717525
0.003662
0.002658
-0.008959
0.007761
0.002453
0.003406
-0.008056
-0.039334
-0.999194
2.686130
---
0.696172
0.016679
0.011252
0.717593
0.007353
0.001644
-0.007003
0.003621
-0.010360
0.008064
-0.008272
-0.039372
-0.999190
2.703954
---
0.696102
0.016802
0.011177
0.717659
0.007070
0.001577
-0.006998
0.001238
-0.000605
0.019015
-0.008555
-0.039439
-0.999185
2.720953
---
0.695994
0.016757
0.011199
0.717765
-0.007491
-0.005223
-0.010906
-0.004783
0.014144
0.019460
-0.008467
-0.039403
-0.999188
2.737068
---
0.695853
0.016721
0.011205
0.717902
0.001351
-0.001275
-0.007979
-0.002744
-0.001798
0.024150
-0.008414
-0.039361
-0.999190
2.754130
---
0.695724
0.016683
0.011213
0.718028
0.001409
-0.001231
-0.007981
-0.000983
0.015126
0.018951
-0.008357
-0.039317
-0.999192
2.771923
---
0.695560
0.016657
0.011255
0.718186
-0.005339
-0.000277
-0.007981
0.001475
0.001405
0.031254
-0.008269
-0.039340
-0.999192
2.787947
---
0.695387
0.016620
0.011240
0.718355
0.001522
-0.005084
-0.011890
-0.005611
0.003523
0.031751
-0.008244
-0.039264
-0.999195
2.805953
---
0.693421
0.016546
0.011310
0.720254
0.003569
0.002752
-0.007009
0.006342
-0.000082
0.003628
-0.008150
-0.039240
-0.999197
2.958160
---
0.693343
0.016584
0.011320
0.720327
0.003526
0.002686
-0.007006
0.006671
0.003760
0.021545
-0.008193
-0.039306
-0.999194
2.975284
---
0.693265
0.016577
0.011341
0.720403
-0.003277
-0.001238
-0.009935
0.002832
-0.000478
0.003839
-0.008160
-0.039324
-0.999193
2.992404
---
0.693243
0.016570
0.011336
0.720424
-0.002298
-0.003177
-0.006030
-0.005419
-0.007418
-0.001424
-0.008157
-0.039310
-0.999194
3.009467
---
0.693250
0.016531
0.011356
0.720418
-0.002212
-0.003151
-0.006031
-0.004740
-0.001997
0.000523
-0.008072
-0.039284
-0.999196
3.025550
---
0.693330
0.016489
0.011341
0.720342
-0.000218
-0.002094
-0.006035
-0.005902
0.007264
-0.013997
-0.008031
-0.039203
-0.999199
3.042977
---
0.693457
0.016446
0.011377
0.720220
-0.002051
0.002796
-0.009942
-0.002060
0.022223
-0.025876
-0.007911
-0.039196
-0.999200
3.060099
---
0.693672
0.016450
0.011404
0.720013
-0.001030
0.000796
-0.009941
0.001984
0.001814
-0.027941
-0.007866
-0.039243
-0.999199
3.077557
---
0.693943
0.016453
0.011464
0.719751
-0.000938
0.000703
-0.009938
0.007871
-0.000155
-0.050526
-0.007774
-0.039336
-0.999196
3.093671
---
0.694177
0.016551
0.011416
0.719523
0.006681
0.003560
-0.015793
0.006143
-0.008278
-0.043702
-0.007967
-0.039408
-0.999191
3.110705
---
0.694534
0.016581
0.011385
0.719178
-0.005105
-0.006204
-0.007980
-0.005041
0.009083
-0.043115
-0.008035
-0.039407
-0.999191
3.128589
---
0.694703
0.016542
0.011409
0.719016
-0.005006
-0.006187
-0.007981
0.001218
0.000313
-0.034267
-0.007935
-0.039390
-0.999192
3.145620
---
0.694845
0.016522
0.011367
0.718879
0.002785
-0.001217
-0.010914
-0.002556
-0.000268
-0.019321
-0.007957
-0.039303
-0.999196
3.161765
---
0.694935
0.016533
0.011335
0.718794
-0.001177
0.001741
-0.007009
-0.000352
-0.000649
-0.023957
-0.008013
-0.039274
-0.999196
3.178827
---
0.694957
0.016496
0.011370
0.718772
-0.001076
0.001745
-0.007010
-0.005114
-0.002627
0.007942
-0.007912
-0.039271
-0.999197
3.195979
---
0.694910
0.016510
0.011394
0.718817
-0.001063
0.001688
-0.008961
0.002764
-0.005572
0.013764
-0.007899
-0.039328
-0.999195
3.213956
---
0.694799
0.016572
0.011403
0.718923
0.001783
0.001591
0.000809
0.004204
-0.007972
0.023969
-0.007983
-0.039424
-0.999191
3.230069
---
0.694652
0.016603
0.011407
0.719063
0.001735
0.001545
0.000812
0.000755
-0.003188
0.024669
-0.008031
-0.039471
-0.999188
3.247925
---
0.694567
0.016611
0.011398
0.719146
0.000732
-0.002363
-0.009930
0.004376
0.001491
0.009378
-0.008057
-0.039473
-0.999188
3.264039
---
0.694500
0.016632
0.011367
0.719211
0.003583
-0.000393
-0.007001
-0.000362
-0.004363
0.012619
-0.008136
-0.039456
-0.999188
3.281405
---
0.694450
0.016680
0.011328
0.719258
0.003458
-0.000403
-0.006999
0.005551
-0.003684
-0.001394
-0.008260
-0.039465
-0.999187
3.298527
---
0.694577
0.016759
0.011315
0.719134
0.001379
0.006341
-0.010901
0.007610
-0.007897
-0.024354
-0.008386
-0.039558
-0.999182
3.314978
---
0.694712
0.016832
0.011345
0.719002
0.000348
0.003267
-0.009918
0.012848
-0.005872
-0.023315
-0.008441
-0.039702
-0.999176
3.332101
---
0.694909
0.016921
0.011339
0.718809
0.000222
0.003150
-0.009912
0.004607
-0.009792
-0.028886
-0.008567
-0.039819
-0.999170
3.349132
---
0.695060
0.016932
0.011316
0.718663
0.001160
-0.003672
-0.006983
-0.002762
-0.008489
-0.030908
-0.008606
-0.039805
-0.999170
3.366282
---
0.695259
0.016989
0.011316
0.718470
0.000112
0.002108
-0.007956
0.003317
-0.004711
-0.027031
-0.008677
-0.039884
-0.999167
3.383955
---
0.695411
0.017017
0.011287
0.718322
0.000040
0.002110
-0.007955
-0.002680
-0.015459
-0.027064
-0.008749
-0.039883
-0.999166
3.400071
---
0.695493
0.017112
0.011211
0.718242
0.006637
-0.002797
-0.010882
0.004759
-0.015561
-0.013047
-0.008988
-0.039907
-0.999163
3.417193
---
0.695529
0.017156
0.011122
0.718207
0.001570
-0.003710
-0.006000
-0.007644
-0.005580
-0.002237
-0.009172
-0.039843
-0.999164
3.434315
---
0.695519
0.017184
0.011102
0.718216
0.001501
-0.003719
-0.005999
-0.001339
0.001538
0.007546
-0.009241
-0.039852
-0.999163
3.451316
---
0.695444
0.017171
0.011023
0.718291
-0.001523
-0.003587
-0.013816
-0.012270
-0.005783
0.017382
-0.009335
-0.039719
-0.999167
3.468436
---
0.695324
0.017159
0.010962
0.718408
0.002309
-0.005432
-0.007960
-0.006980
-0.002518
0.032804
-0.009410
-0.039612
-0.999171
3.484979
---
0.695132
0.017160
0.010911
0.718594
-0.003634
-0.001454
-0.010892
-0.002942
0.002505
0.032912
-0.009493
-0.039540
-0.999173
3.502102
---
0.694917
0.017139
0.010893
0.718803
-0.003641
-0.001396
-0.010894
-0.003074
0.000518
0.028344
-0.009500
-0.039482
-0.999175
3.519926
---
0.694678
0.017096
0.010870
0.719035
0.000284
-0.005205
-0.004062
-0.007649
0.009546
0.040217
-0.009482
-0.039385
-0.999179
3.535950
---
0.694419
0.017058
0.010824
0.719287
0.001236
-0.001177
-0.007973
-0.003715
-0.007789
0.048774
-0.009506
-0.039263
-0.999184
3.553956
---
0.694137
0.017048
0.010778
0.719561
0.001171
-0.001093
-0.007975
-0.006017
-0.004143
0.048564
-0.009571
-0.039179
-0.999186
3.570014
---
0.693844
0.017030
0.010730
0.719844
0.002091
-0.004903
-0.007979
-0.004639
0.000758
0.037687
-0.009627
-0.039083
-0.999190
3.587956
---
0.693632
0.017062
0.010703
0.720048
-0.001910
0.003884
-0.009931
0.003790
-0.004511
0.029088
-0.009722
-0.039085
-0.999189
3.604072
---
0.693465
0.017082
0.010677
0.720208
-0.001985
0.003896
-0.009931
-0.005658
-0.001964
0.025162
-0.009797
-0.039072
-0.999188
3.621988
---
0.693288
0.017122
0.010619
0.720379
0.003728
-0.001931
-0.007977
-0.001987
-0.014191
0.020671
-0.009944
-0.039041
-0.999188
3.638932
---
0.693135
0.017101
0.010637
0.720526
-0.001107
0.002957
-0.010908
0.001739
0.003132
0.021423
-0.009896
-0.039035
-0.999189
3.655927
---
0.693010
0.017156
0.010680
0.720645
-0.001133
0.002820
-0.010902
0.007287
-0.003699
0.020013
-0.009922
-0.039172
-0.999183
3.672744
---
0.692858
0.017166
0.010736
0.720789
-0.000102
0.001750
-0.009922
0.003517
0.002848
0.036535
-0.009868
-0.039266
-0.999180
3.688947
---
0.692666
0.017211
0.010762
0.720973
0.001810
-0.001274
-0.015778
0.012324
-0.002159
0.028355
-0.009909
-0.039360
-0.999176
3.705982
---
0.692441
0.017237
0.010770
0.721188
0.001771
-0.001321
-0.015775
0.009243
-0.003768
0.038795
-0.009947
-0.039407
-0.999174
3.723469
---
0.692189
0.017258
0.010795
0.721429
-0.001169
0.000571
-0.010890
-0.000771
-0.000254
0.037310
-0.009958
-0.039468
-0.999171
3.739582
---
0.691922
0.017251
0.010782
0.721685
-0.001190
-0.004279
-0.011868
-0.002482
-0.002927
0.029202
-0.009979
-0.039435
-0.999172
3.756951
---
0.691757
0.017243
0.010771
0.721844
-0.001204
-0.004252
-0.011869
-0.000745
-0.003847
0.033035
-0.009993
-0.039408
-0.999173
3.773981
---
0.691670
0.017206
0.010764
0.721928
0.001764
-0.001258
-0.008942
-0.000841
0.005086
0.009596
-0.009954
-0.039344
-0.999176
3.791991
---
0.691672
0.017262
0.010765
0.721925
0.000710
-0.000361
-0.006985
-0.000048
-0.007833
-0.008049
-0.010032
-0.039424
-0.999172
3.808957
---
0.691763
0.017344
0.010747
0.721837
0.003503
0.007364
-0.012839
0.008721
-0.010738
-0.019535
-0.010169
-0.039511
-0.999167
3.825076
---
0.691843
0.017413
0.010739
0.721758
0.003394
0.007280
-0.012835
0.003646
-0.005431
-0.008606
-0.010278
-0.039595
-0.999163
3.842106
---
0.691945
0.017500
0.010696
0.721659
0.005169
0.005265
-0.009901
0.004165
-0.013694
-0.023582
-0.010456
-0.039657
-0.999159
3.859256
---
0.692095
0.017653
0.010638
0.721512
0.004878
0.005135
-0.009893
0.006194
-0.015899
-0.019384
-0.010747
-0.039787
-0.999150
3.876928
---
0.692271
0.017734
0.010693
0.721341
-0.000039
0.004940
-0.009884
0.008148
-0.000310
-0.029534
-0.010781
-0.039982
-0.999142
3.893042
---
0.692460
0.017759
0.010710
0.721158
-0.000040
-0.000003
-0.009882
-0.000767
-0.008182
-0.038567
-0.010782
-0.040042
-0.999140
3.910075
---
0.692685
0.017792
0.010716
0.720941
-0.003973
-0.002991
-0.011833
0.002202
0.002231
-0.035978
-0.010809
-0.040100
-0.999137
3.927227
---
0.693015
0.017766
0.010764
0.720624
-0.003851
-0.003030
-0.011832
0.001560
0.006827
-0.049036
-0.010687
-0.040139
-0.999137
3.944721
---
0.693318
0.017803
0.010822
0.720330
-0.002830
0.001714
-0.009874
0.001188
0.001278
-0.058768
-0.010642
-0.040278
-0.999132
3.960827
---
0.693634
0.017782
0.010915
0.720025
-0.006557
0.003559
-0.011825
0.005081
0.015508
-0.057377
-0.010463
-0.040387
-0.999129
3.977862
---
0.693924
0.017725
0.010980
0.719746
-0.006370
0.003540
-0.011826
0.002708
0.006847
-0.045959
-0.010276
-0.040405
-0.999131
3.995011
---
0.694261
0.017667
0.011036
0.719422
-0.002283
-0.004277
-0.007921
-0.000370
0.005758
-0.044551
-0.010095
-0.040410
-0.999132
4.012958
---
0.694444
0.017665
0.011026
0.719246
0.003574
-0.003287
-0.015734
-0.003312
-0.005622
-0.042961
-0.010098
-0.040396
-0.999133
4.029073
---
0.694728
0.017631
0.010980
0.718973
0.003575
-0.003177
-0.015739
-0.015054
0.003342
-0.030338
-0.010097
-0.040287
-0.999137
4.046105
---
0.694857
0.017528
0.010973
0.718850
-0.006045
-0.005955
-0.010863
0.000161
0.010915
-0.006411
-0.009951
-0.040135
-0.999145
4.063255
---
0.694973
0.017497
0.010986
0.718739
-0.000117
-0.000072
-0.008912
-0.004006
0.001029
-0.016844
-0.009883
-0.040111
-0.999146
4.080957
---
0.695028
0.017464
0.010990
0.718687
-0.000059
-0.000036
-0.008914
-0.003910
0.003457
-0.012417
-0.009824
-0.040075
-0.999148
4.097072
---
0.695017
0.017367
0.011028
0.718699
-0.003775
-0.008741
-0.009896
-0.005766
0.012972
0.007233
-0.009634
-0.039991
-0.999154
4.114959
---
0.694987
0.017343
0.010991
0.718729
0.000112
-0.003772
-0.005993
-0.005706
0.001267
0.008385
-0.009654
-0.039905
-0.999157
4.131072
---
0.694951
0.017282
0.011003
0.718765
0.000215
-0.003705
-0.005997
-0.002821
0.006765
-0.004701
-0.009550
-0.039838
-0.999161
4.148774
---
0.694937
0.017221
0.011071
0.718779
-0.004488
0.003119
-0.008927
-0.001613
0.008771
0.004113
-0.009370
-0.039850
-0.999162
4.164889
---
0.694939
0.017234
0.011063
0.718777
0.005249
-0.001771
-0.012833
0.001144
-0.010302
0.002655
-0.009400
-0.039857
-0.999161
4.181922
---
0.694912
0.017260
0.011032
0.718803
0.005170
-0.001763
-0.012833
-0.001373
-0.002879
0.007569
-0.009479
-0.039849
-0.999161
4.199071
---
0.694901
0.017281
0.010996
0.718813
0.002156
0.000214
-0.010880
-0.006241
0.003561
-0.005835
-0.009563
-0.039825
-0.999161
4.216959
---
0.694932
0.017314
0.010987
0.718783
0.001124
0.003109
-0.005995
0.001455
-0.006795
-0.009194
-0.009618
-0.039860
-0.999159
4.233076
---
0.694980
0.017368
0.011001
0.718735
0.000090
0.003991
-0.012827
0.011142
0.002147
-0.010434
-0.009675
-0.039955
-0.999155
4.250684
---
0.695000
0.017426
0.011037
0.718713
0.000058
0.003858
-0.012821
0.008473
-0.007457
-0.001670
-0.009707
-0.040087
-0.999149
4.266798
---
0.695001
0.017443
0.011033
0.718712
0.000029
0.000910
-0.012820
-0.007417
-0.005157
0.001274
-0.009736
-0.040106
-0.999148
4.283923
---
0.694955
0.017442
0.011076
0.718757
0.002039
-0.001104
-0.012818
-0.001139
-0.001196
0.008507
-0.009680
-0.040166
-0.999146
4.301047
---
0.694961
0.017452
0.011084
0.718750
0.002038
-0.001129
-0.012817
-0.003703
-0.006366
0.000198
-0.009681
-0.040192
-0.999145
4.318379
---
0.694902
0.017424
0.011120
0.718807
-0.006665
-0.005047
-0.011841
-0.002942
0.001272
0.013907
-0.009595
-0.040204
-0.999145
4.335928
---
0.694861
0.017368
0.011141
0.718848
-0.000699
0.000862
-0.007938
-0.002861
0.006023
0.002552
-0.009488
-0.040154
-0.999149
4.352410
---
0.694747
0.017361
0.011145
0.718958
-0.000689
0.000866
-0.007938
0.001386
-0.004479
0.022230
-0.009478
-0.040149
-0.999149
4.369532
---
0.694635
0.017370
0.011139
0.719066
0.000259
-0.000110
-0.007938
-0.002256
0.004452
0.026240
-0.009506
-0.040149
-0.999148
4.385646
---
0.694522
0.017405
0.011137
0.719174
0.004107
0.000820
-0.014771
0.008687
-0.005293
0.017223
-0.009565
-0.040195
-0.999146
4.402768
---
0.694266
0.017450
0.011106
0.719421
0.003987
0.000804
-0.014769
0.005132
0.001176
0.041403
-0.009685
-0.040212
-0.999144
4.419952
---
0.694068
0.017487
0.011114
0.719611
0.004908
0.001721
-0.013790
0.002540
-0.013535
0.030577
-0.009740
-0.040271
-0.999141
4.436986
---
0.693842
0.017474
0.011112
0.719830
-0.008759
-0.004114
-0.008908
-0.005043
0.008569
0.044452
-0.009736
-0.040247
-0.999142
4.454015
---
0.693723
0.017439
0.011165
0.719944
-0.008643
-0.004141
-0.008908
0.000867
0.011225
0.016166
-0.009620
-0.040274
-0.999142
4.471166
---
0.693632
0.017452
0.011212
0.720031
-0.000788
0.002613
-0.012811
-0.004424
0.001426
0.019377
-0.009577
-0.040356
-0.999139
4.488959
---
0.693541
0.017424
0.011192
0.720119
0.001171
-0.005132
-0.008908
-0.006435
-0.001984
0.009425
-0.009571
-0.040288
-0.999142
4.505074
---
0.693480
0.017447
0.011170
0.720178
0.001105
-0.005129
-0.008907
0.009575
-0.008725
0.001187
-0.009637
-0.040285
-0.999142
4.522105
---
0.693447
0.017507
0.011159
0.720208
0.001977
0.002615
-0.007927
0.005737
-0.006150
0.003438
-0.009741
-0.040354
-0.999138
4.539838
---
0.693370
0.017485
0.011185
0.720283
-0.000888
-0.006181
-0.010857
0.002140
0.005635
0.010412
-0.009677
-0.040361
-0.999138
4.556959
---
0.693366
0.017431
0.011172
0.720288
-0.000829
-0.006086
-0.010861
-0.005920
-0.005781
-0.004979
-0.009619
-0.040265
-0.999143
4.572953
---
0.693374
0.017457
0.011155
0.720281
0.000087
0.000736
-0.009884
-0.002331
0.000198
0.003726
-0.009679
-0.040279
-0.999142
4.590960
---
0.693420
0.017443
0.011223
0.720235
-0.003702
0.000659
-0.009882
0.006400
0.000778
-0.008803
-0.009562
-0.040357
-0.999140
4.607931
---
0.693459
0.017469
0.011260
0.720197
0.003151
0.003498
-0.014761
0.004381
-0.000263
-0.005558
-0.009545
-0.040447
-0.999136
4.624409
---
0.693499
0.017504
0.011281
0.720157
0.003132
0.003418
-0.014758
0.009179
-0.003871
-0.009459
-0.009563
-0.040528
-0.999133
4.641534
---
0.693543
0.017476
0.011275
0.720115
-0.001717
-0.003369
-0.006947
-0.005711
-0.002234
-0.011200
-0.009529
-0.040479
-0.999135
4.657645
---
0.693597
0.017454
0.011289
0.720063
-0.001664
-0.003359
-0.006948
0.000707
0.000261
-0.010123
-0.009476
-0.040469
-0.999136
4.674768
---
0.693659
0.017443
0.011316
0.720003
-0.002583
-0.000457
-0.004995
0.000673
0.007551
-0.009291
-0.009418
-0.040496
-0.999135
4.691982
---
0.693719
0.017469
0.011341
0.719944
-0.000630
0.003377
-0.011828
0.003750
-0.006201
-0.014147
-0.009419
-0.040568
-0.999132
4.709015
---
0.693839
0.017416
0.011372
0.719829
-0.007339
-0.005384
-0.009877
-0.007307
0.015950
-0.029619
-0.009292
-0.040540
-0.999135
4.726409
---
0.693960
0.017323
0.011419
0.719715
-0.007133
-0.005325
-0.009881
-0.006098
0.021008
-0.023422
-0.009086
-0.040481
-0.999139
4.743532
---
0.694108
0.017297
0.011478
0.719571
-0.000170
0.002437
-0.008904
-0.004133
0.007872
-0.015629
-0.008959
-0.040531
-0.999138
4.759645
---
0.694303
0.017309
0.011510
0.719382
0.003775
0.006280
-0.014761
0.005355
-0.007702
-0.029561
-0.008921
-0.040595
-0.999136
4.776954
---
0.694475
0.017365
0.011525
0.719215
0.003724
0.006178
-0.014756
0.007667
-0.000077
-0.022074
-0.008972
-0.040697
-0.999131
4.794075
---
0.694596
0.017403
0.011568
0.719096
-0.001146
-0.000777
-0.012798
0.007228
0.000078
-0.020421
-0.008959
-0.040816
-0.999127
4.811137
---
0.694707
0.017425
0.011590
0.718988
-0.002118
0.002091
-0.012796
0.003033
-0.003845
-0.012439
-0.008954
-0.040878
-0.999124
4.828410
---
0.694743
0.017430
0.011647
0.718952
-0.002043
0.002000
-0.012793
0.011145
0.001912
0.004249
-0.008879
-0.040969
-0.999121
4.846051
---
0.694711
0.017420
0.011642
0.718983
0.000893
-0.003837
-0.006935
-0.002264
0.000959
0.005274
-0.008873
-0.040946
-0.999122
4.862165
---
0.694683
0.017420
0.011648
0.719010
0.000898
0.002015
-0.013770
0.002634
-0.003942
0.008780
-0.008867
-0.040954
-0.999122
4.879931
---
0.694667
0.017434
0.011666
0.719026
0.000903
0.001971
-0.013768
0.000111
-0.005166
-0.003507
-0.008862
-0.040998
-0.999120
4.896044
---
0.694680
0.017421
0.011661
0.719014
-0.002014
0.001993
-0.008887
0.003659
0.002295
-0.006349
-0.008850
-0.040976
-0.999121
4.913962
---
0.694637
0.017418
0.011601
0.719056
-0.001118
-0.007678
-0.007913
-0.007699
-0.004460
0.008045
-0.008930
-0.040881
-0.999124
4.930076
---
0.694616
0.017341
0.011620
0.719078
-0.000984
-0.007599
-0.007918
0.004365
0.013742
-0.000564
-0.008796
-0.040802
-0.999129
4.947931
---
0.694549
0.017274
0.011644
0.719144
-0.001834
-0.003634
-0.010851
0.000817
0.008737
0.014546
-0.008670
-0.040744
-0.999132
4.964046
---
0.694472
0.017253
0.011655
0.719219
-0.005700
0.002239
-0.008899
-0.002489
0.007364
0.012248
-0.008629
-0.040730
-0.999133
4.981112
---
0.694445
0.017226
0.011707
0.719244
-0.005590
0.002202
-0.008898
-0.000361
0.000212
0.002517
-0.008520
-0.040767
-0.999132
4.998261
---
0.694365
0.017139
0.011783
0.719323
-0.000481
-0.002665
-0.012807
-0.007571
0.009003
0.020791
-0.008293
-0.040751
-0.999135
5.015964
---
0.694303
0.017091
0.011858
0.719382
-0.005193
0.002174
-0.010853
0.002514
0.011273
0.010202
-0.008123
-0.040795
-0.999135
5.032077
---
0.694173
0.017056
0.011924
0.719507
-0.005060
0.002131
-0.010853
-0.002272
0.001889
0.018668
-0.007989
-0.040838
-0.999134
5.049109
---
0.694062
0.017059
0.011919
0.719614
0.002736
-0.002750
-0.008899
-0.002291
-0.000624
0.020248
-0.008006
-0.040836
-0.999134
5.066262
---
0.693957
0.017049
0.011952
0.719716
-0.002094
0.002101
-0.018664
0.006554
0.007597
0.019372
-0.007953
-0.040868
-0.999133
5.083964
---
0.693860
0.017053
0.011958
0.719808
0.009623
0.001111
-0.011828
-0.005465
0.004424
0.012510
-0.007955
-0.040882
-0.999132
5.100078
---
0.693790
0.017099
0.011929
0.719875
0.009512
0.001092
-0.011826
-0.001847
-0.006560
0.014778
-0.008066
-0.040900
-0.999131
5.117201
---
0.693711
0.017153
0.011842
0.719952
0.004427
-0.002765
-0.008897
-0.000701
-0.018762
0.017185
-0.008268
-0.040851
-0.999131
5.134322
---
0.693595
0.017203
0.011780
0.720063
0.002308
-0.003721
-0.006943
-0.005130
-0.004238
0.017865
-0.008434
-0.040830
-0.999131
5.152026
---
0.693517
0.017234
0.011734
0.720139
0.002197
-0.003694
-0.006943
-0.002165
-0.003761
0.013507
-0.008545
-0.040804
-0.999131
5.168140
---
0.693379
0.017247
0.011740
0.720271
-0.000751
-0.003720
-0.014754
0.000316
-0.002238
0.028981
-0.008564
-0.040830
-0.999129
5.185172
---
0.693257
0.017237
0.011770
0.720388
-0.002657
0.001135
-0.017683
0.000960
0.009090
0.013224
-0.008517
-0.040857
-0.999129
5.202322
---
0.693155
0.017195
0.011735
0.720488
-0.002650
0.001245
-0.017688
-0.009917
-0.003714
0.019441
-0.008510
-0.040747
-0.999133
5.219933
---
0.693024
0.017182
0.011676
0.720615
0.003139
-0.007443
-0.007926
0.000086
-0.003436
0.028452
-0.008580
-0.040646
-0.999137
5.236050
---
0.692835
0.017220
0.011626
0.720797
0.004957
-0.001559
-0.005973
-0.002022
-0.008528
0.035018
-0.008714
-0.040621
-0.999137
5.253689
---
0.692713
0.017198
0.011606
0.720915
0.004955
-0.001500
-0.005975
-0.005616
0.000092
0.028914
-0.008717
-0.040563
-0.999139
5.269802
---
0.692593
0.017233
0.011563
0.721030
-0.000045
0.004374
-0.015740
0.005570
-0.006894
0.010569
-0.008834
-0.040548
-0.999139
5.286868
---
0.692540
0.017255
0.011556
0.721081
0.000887
-0.003456
-0.011833
-0.001046
-0.006249
0.006043
-0.008878
-0.040565
-0.999137
5.304020
---
0.692512
0.017323
0.011552
0.721106
0.000782
-0.003543
-0.011828
0.006112
-0.012538
-0.002920
-0.008984
-0.040653
-0.999133
5.321081
---
0.692505
0.017407
0.011484
0.721111
0.005450
0.002299
-0.010849
0.003581
-0.011133
-0.003284
-0.009199
-0.040670
-0.999130
5.338230
---
0.692508
0.017432
0.011488
0.721108
-0.002393
-0.000674
-0.011824
-0.002023
-0.000348
-0.003871
-0.009229
-0.040713
-0.999128
5.355961
---
0.692511
0.017449
0.011470
0.721105
-0.002443
-0.000671
-0.011823
0.000437
-0.003934
0.002099
-0.009279
-0.040710
-0.999128
5.372079
---
0.692459
0.017457
0.011480
0.721154
0.000485
-0.005578
-0.009869
0.000482
-0.001187
0.015850
-0.009280
-0.040734
-0.999127
5.389962
---
0.692452
0.017488
0.011460
0.721161
0.003344
0.000265
-0.007915
0.002464
-0.002939
0.003860
-0.009352
-0.040751
-0.999126
5.406019
---
0.692341
0.017493
0.011385
0.721268
0.003227
0.000370
-0.007918
-0.005437
-0.002580
0.016144
-0.009468
-0.040646
-0.999129
5.423291
---
0.692182
0.017513
0.011386
0.721421
-0.001693
-0.002588
-0.012799
-0.001666
-0.000785
0.036291
-0.009506
-0.040674
-0.999127
5.440415
---
0.691983
0.017509
0.011375
0.721612
0.001214
-0.004515
-0.011823
0.000235
-0.001100
0.023190
-0.009528
-0.040647
-0.999128
5.457965
---
0.691836
0.017494
0.011362
0.721753
0.001212
-0.004476
-0.011825
-0.006197
0.001275
0.023331
-0.009531
-0.040609
-0.999130
5.474474
---
0.691742
0.017458
0.011356
0.721844
-0.001681
-0.007344
-0.010851
-0.007423
0.005731
0.009625
-0.009493
-0.040547
-0.999133
5.490955
---
0.691634
0.017461
0.011310
0.721949
0.000199
-0.000444
-0.012806
0.000718
-0.004869
0.005056
-0.009567
-0.040483
-0.999134
5.507957
---
0.691592
0.017465
0.011303
0.721989
-0.002750
-0.004347
-0.011830
-0.007858
-0.001137
0.004949
-0.009586
-0.040480
-0.999134
5.525321
---
0.691561
0.017450
0.011274
0.722019
-0.002768
-0.004283
-0.011832
-0.001495
-0.001391
-0.002529
-0.009604
-0.040416
-0.999137
5.542444
---
0.691556
0.017444
0.011254
0.722024
0.002095
-0.002295
-0.009880
0.004245
-0.003427
0.004209
-0.009624
-0.040381
-0.999138
5.558956
---
0.691516
0.017450
0.011227
0.722063
-0.000883
0.001643
-0.017694
-0.002408
-0.003534
0.002061
-0.009672
-0.040349
-0.999139
5.576811
---
0.691463
0.017466
0.011238
0.722113
-0.000892
0.001607
-0.017692
0.007445
0.002948
0.013119
-0.009681
-0.040385
-0.999137
5.592926
---
0.691372
0.017464
0.011262
0.722200
-0.004770
-0.001353
-0.013785
-0.005313
0.007195
0.013558
-0.009653
-0.040416
-0.999136
5.609958
---
0.691285
0.017385
0.011318
0.722285
-0.001655
-0.005230
-0.012811
-0.000714
0.004913
0.006431
-0.009468
-0.040386
-0.999139
5.628329
---
0.691204
0.017355
0.011313
0.722363
-0.001622
-0.005180
-0.012814
-0.003723
-0.001810
0.011087
-0.009434
-0.040336
-0.999142
5.644537
---
0.691141
0.017356
0.011309
0.722423
0.002275
-0.000294
-0.016720
-0.006228
0.001671
0.010027
-0.009444
-0.040334
-0.999142
5.660651
---
0.691072
0.017398
0.011293
0.722488
0.005118
-0.002280
-0.005975
-0.004487
-0.003085
0.012947
-0.009530
-0.040366
-0.999140
5.677681
---
0.691004
0.017411
0.011228
0.722554
0.005006
-0.002204
-0.005978
-0.004394
-0.001667
0.014554
-0.009643
-0.040290
-0.999142
5.694806
---
0.690947
0.017438
0.011193
0.722608
-0.002899
-0.001212
-0.016719
-0.001223
-0.002464
0.003385
-0.009735
-0.040274
-0.999141
5.711957
---
0.690902
0.017411
0.011207
0.722652
-0.006749
0.001736
-0.014768
-0.002659
0.006285
0.005917
-0.009678
-0.040256
-0.999143
5.730088
---
0.690872
0.017387
0.011260
0.722680
-0.006642
0.001691
-0.014767
-0.003090
0.009764
0.012866
-0.009572
-0.040301
-0.999142
5.746111
---
0.690859
0.017377
0.011306
0.722692
0.004177
0.001639
-0.011836
0.009074
0.002056
-0.003614
-0.009495
-0.040354
-0.999140
5.763261
---
0.690890
0.017422
0.011326
0.722661
0.000237
0.001548
-0.013785
0.000901
0.002276
0.003228
-0.009528
-0.040444
-0.999136
5.780415
---
0.690919
0.017448
0.011309
0.722633
0.000175
0.001537
-0.013784
-0.000422
-0.005349
-0.004762
-0.009590
-0.040455
-0.999135
5.797535
---
0.690984
0.017478
0.011293
0.722570
0.001091
-0.004340
-0.010853
0.000880
-0.003766
-0.008062
-0.009652
-0.040473
-0.999134
5.813956
---
0.691040
0.017456
0.011270
0.722517
-0.001834
-0.004279
-0.009879
-0.013080
-0.002532
0.003635
-0.009647
-0.040412
-0.999137
5.831079
---
0.691137
0.017457
0.011251
0.722425
-0.001858
-0.004255
-0.009880
0.002069
0.006825
-0.017285
-0.009670
-0.040388
-0.999137
5.848934
---
0.691256
0.017486
0.011241
0.722311
0.001998
0.003531
-0.014761
0.004539
-0.007677
-0.021500
-0.009720
-0.040414
-0.999136
5.865047
---
0.691353
0.017508
0.011198
0.722218
-0.001994
-0.003273
-0.009878
-0.003854
0.000010
-0.017706
-0.009807
-0.040383
-0.999136
5.882964
---
0.691428
0.017512
0.011199
0.722146
-0.001994
-0.003283
-0.009878
0.003195
-0.003564
-0.020711
-0.009806
-0.040392
-0.999136
5.899080
---
0.691442
0.017493
0.011255
0.722133
-0.002863
-0.002361
-0.013783
-0.001708
0.000256
-0.009435
-0.009699
-0.040446
-0.999135
5.916995
---
0.691451
0.017505
0.011283
0.722123
0.000088
0.002465
-0.008898
-0.000272
-0.002398
-0.001101
-0.009678
-0.040503
-0.999133
5.933112
---
0.691389
0.017499
0.011277
0.722183
-0.002845
-0.000447
-0.010852
0.001806
-0.001695
0.005305
-0.009681
-0.040486
-0.999133
5.950752
---
0.691316
0.017472
0.011314
0.722252
-0.002760
-0.000462
-0.010852
-0.000634
0.015523
0.006685
-0.009596
-0.040501
-0.999133
5.966866
---
0.691209
0.017455
0.011339
0.722355
-0.001730
-0.003402
-0.009876
-0.005185
0.004211
0.021744
-0.009542
-0.040511
-0.999134
5.983959
---
0.691141
0.017388
0.011328
0.722422
-0.003606
-0.002318
-0.012811
-0.010293
0.004685
0.010927
-0.009465
-0.040404
-0.999139
6.001083
---
0.691043
0.017330
0.011385
0.722516
-0.003446
-0.002320
-0.012812
-0.005370
0.017915
0.024679
-0.009305
-0.040406
-0.999140
6.018995
---
0.690988
0.017313
0.011351
0.722569
-0.002497
-0.002247
-0.013791
-0.003039
-0.004464
0.002528
-0.009333
-0.040333
-0.999143
6.035110
---
0.690940
0.017286
0.011354
0.722616
-0.006364
-0.004162
-0.014770
-0.000484
0.006533
0.003721
-0.009294
-0.040295
-0.999145
6.052844
---
0.690982
0.017223
0.011396
0.722577
-0.006211
-0.004138
-0.014772
-0.001862
0.008909
-0.001193
-0.009141
-0.040271
-0.999147
6.068957
---
0.690975
0.017171
0.011382
0.722585
-0.002250
-0.005022
-0.011847
-0.004252
0.002430
-0.003595
-0.009086
-0.040178
-0.999151
6.086021
---
0.690991
0.017117
0.011393
0.722571
-0.006061
-0.003989
-0.006967
-0.003063
0.007483
-0.003437
-0.008991
-0.040122
-0.999154
6.103176
---
0.691062
0.017010
0.011442
0.722505
-0.005836
-0.003912
-0.006972
0.003956
0.009237
-0.017157
-0.008766
-0.040045
-0.999159
6.120508
---
0.691170
0.016989
0.011488
0.722401
-0.001831
0.007768
-0.008924
-0.000992
0.007926
-0.017613
-0.008667
-0.040083
-0.999159
6.136621
---
0.691310
0.016977
0.011554
0.722267
-0.003665
0.003782
-0.010875
0.005022
0.005817
-0.023569
-0.008548
-0.040163
-0.999157
6.154263
---
0.691404
0.016969
0.011610
0.722175
-0.003574
0.003714
-0.010873
-0.000624
-0.002121
-0.019218
-0.008457
-0.040232
-0.999155
6.171937
---
0.691499
0.017005
0.011598
0.722084
0.001248
0.001724
-0.009895
0.004212
0.000341
-0.015464
-0.008517
-0.040269
-0.999153
6.187958
---
0.691613
0.017019
0.011631
0.721974
-0.002626
-0.002250
-0.011846
0.004039
-0.005450
-0.020123
-0.008485
-0.040336
-0.999150
6.205080
---
0.691741
0.017010
0.011633
0.721852
-0.002604
-0.002242
-0.011846
0.000929
0.003868
-0.020473
-0.008463
-0.040328
-0.999151
6.222141
---
0.691835
0.016998
0.011651
0.721761
-0.002557
-0.001279
-0.012822
0.002148
0.001382
-0.015174
-0.008416
-0.040342
-0.999151
6.239292
---
0.691898
0.016941
0.011712
0.721701
-0.002387
-0.006169
-0.009894
0.000140
0.010421
0.001396
-0.008247
-0.040349
-0.999152
6.256967
---
0.691935
0.016934
0.011693
0.721667
-0.002399
-0.006133
-0.009895
0.002534
-0.003193
-0.004737
-0.008258
-0.040312
-0.999153
6.272991
---
0.691929
0.016926
0.011687
0.721673
0.000533
0.002677
-0.012826
-0.005945
0.008294
-0.001693
-0.008257
-0.040292
-0.999154
6.290965
---
0.691880
0.016908
0.011696
0.721719
-0.001385
-0.000241
-0.007944
0.002668
0.000386
0.010767
-0.008221
-0.040280
-0.999155
6.307967
---
0.691822
0.016895
0.011665
0.721777
-0.001413
-0.000176
-0.007946
-0.006758
-0.008074
0.012827
-0.008249
-0.040215
-0.999157
6.324232
---
0.691731
0.016875
0.011658
0.721864
0.001532
-0.005999
-0.012830
-0.001794
-0.011752
0.016828
-0.008234
-0.040178
-0.999159
6.341599
---
0.691679
0.016886
0.011658
0.721914
-0.001417
-0.002105
-0.017713
-0.004720
0.005726
0.005286
-0.008253
-0.040191
-0.999158
6.357959
---
0.691596
0.016851
0.011659
0.721993
0.004491
-0.000106
-0.013809
0.004044
0.004791
0.014675
-0.008204
-0.040145
-0.999160
6.375937
---
0.691535
0.016840
0.011658
0.722052
0.004500
-0.000087
-0.013809
0.000400
0.004854
0.006691
-0.008195
-0.040126
-0.999161
6.391991
---
0.691441
0.016883
0.011659
0.722141
0.003458
-0.004054
-0.010877
0.006020
0.001052
0.013724
-0.008261
-0.040187
-0.999158
6.409054
---
0.691360
0.016899
0.011622
0.722220
0.000450
-0.000115
-0.009901
-0.005983
-0.003030
0.021916
-0.008339
-0.040154
-0.999159
6.428034
---
0.691290
0.016909
0.011611
0.722286
0.000416
-0.000111
-0.009901
-0.001580
0.008471
0.008311
-0.008373
-0.040150
-0.999159
6.443937
---
0.691275
0.016904
0.011635
0.722301
-0.000522
0.001813
-0.014783
0.006940
0.014418
0.001111
-0.008335
-0.040179
-0.999158
6.460050
---
0.691264
0.016882
0.011645
0.722311
0.004407
0.001832
-0.010878
0.000436
-0.003774
-0.002226
-0.008289
-0.040160
-0.999159
6.477113
---
0.691261
0.016923
0.011612
0.722314
0.004302
0.001822
-0.010876
-0.003273
-0.004894
0.004191
-0.008393
-0.040170
-0.999158
6.494265
---
0.691275
0.016907
0.011622
0.722301
-0.001520
-0.003054
-0.013807
0.001885
0.002318
0.002014
-0.008356
-0.040163
-0.999158
6.511937
---
0.691235
0.016899
0.011604
0.722339
0.002370
-0.004970
-0.013808
-0.005264
0.001892
0.011594
-0.008373
-0.040126
-0.999160
6.528049
---
0.691201
0.016902
0.011550
0.722373
0.002289
-0.004897
-0.013810
-0.004697
-0.002333
0.007022
-0.008454
-0.040053
-0.999162
6.545386
---
0.691162
0.016898
0.011541
0.722410
-0.000650
-0.001948
-0.008928
-0.002220
0.005096
0.007456
-0.008462
-0.040034
-0.999163
6.562511
---
0.691121
0.016912
0.011544
0.722449
0.003239
-0.000995
-0.014786
0.001073
-0.001166
0.007646
-0.008479
-0.040057
-0.999161
6.578564
---
0.691086
0.016900
0.011510
0.722484
0.003207
-0.000931
-0.014789
-0.000061
-0.001022
0.014554
-0.008512
-0.039994
-0.999164
6.595715
---
0.691028
0.016941
0.011497
0.722538
0.000196
0.002941
-0.012834
0.001288
-0.003398
0.005111
-0.008593
-0.040027
-0.999162
6.612778
---
0.690983
0.016950
0.011501
0.722581
-0.002741
-0.004888
-0.013809
-0.000562
0.003351
0.000857
-0.008601
-0.040045
-0.999161
6.629930
---
0.690948
0.016889
0.011530
0.722615
-0.002617
-0.004849
-0.013812
-0.004059
0.016230
0.001828
-0.008476
-0.040005
-0.999164
6.647937
---
0.690930
0.016875
0.011538
0.722633
-0.004538
-0.001910
-0.012836
-0.002808
0.000222
0.011349
-0.008445
-0.039996
-0.999164
6.664052
---
0.690919
0.016908
0.011473
0.722644
0.006064
-0.003813
-0.008931
-0.001545
-0.015695
0.002720
-0.008584
-0.039946
-0.999165
6.681085
---
0.690872
0.016910
0.011439
0.722689
0.006014
-0.003767
-0.008932
0.000739
-0.002170
0.011295
-0.008635
-0.039899
-0.999166
6.698234
---
0.690862
0.016941
0.011427
0.722698
0.000092
0.001089
-0.011860
-0.001722
-0.006889
0.000086
-0.008697
-0.039926
-0.999165
6.715968
---
0.690838
0.016935
0.011426
0.722721
-0.000879
-0.001828
-0.011861
-0.000885
0.003568
0.008573
-0.008691
-0.039914
-0.999165
6.732083
---
0.690732
0.016926
0.011440
0.722822
-0.000853
-0.001836
-0.011861
-0.002863
-0.004418
0.023736
-0.008665
-0.039922
-0.999165
6.749143
---
0.690628
0.016955
0.011402
0.722922
0.004905
-0.004749
-0.010884
-0.000385
-0.004260
0.012159
-0.008766
-0.039905
-0.999165
6.766294
---
0.690554
0.016949
0.011364
0.722993
-0.002953
-0.007615
-0.009909
-0.008989
0.001368
0.008724
-0.008813
-0.039841
-0.999167
6.783968
---
0.690485
0.016938
0.011362
0.723060
-0.003921
-0.002711
-0.012840
-0.000093
0.001923
0.010792
-0.008804
-0.039821
-0.999168
6.800081
---
0.690446
0.016925
0.011362
0.723097
-0.003904
-0.002694
-0.012841
0.001103
0.000432
-0.003015
-0.008787
-0.039803
-0.999169
6.817113
---
0.690387
0.016863
0.011311
0.723155
0.001971
-0.003513
-0.013824
-0.004757
0.002850
-0.002487
-0.008771
-0.039646
-0.999175
6.834238
---
0.690378
0.016852
0.011298
0.723164
-0.001938
-0.006409
-0.011872
-0.006218
-0.004131
0.000303
-0.008774
-0.039612
-0.999177
6.851420
---
0.690388
0.016847
0.011276
0.723155
-0.001960
-0.006371
-0.011873
-0.001253
-0.000343
-0.001268
-0.008796
-0.039574
-0.999178
6.867533
---
0.690417
0.016905
0.011243
0.723127
0.003771
0.001412
-0.013824
0.007156
-0.002798
0.004472
-0.008924
-0.039604
-0.999176
6.884930
---
0.690415
0.016937
0.011231
0.723128
0.004685
0.004314
-0.010893
0.004223
-0.003106
0.001043
-0.008987
-0.039631
-0.999174
6.902056
---
0.690389
0.017011
0.011203
0.723152
0.004537
0.004255
-0.010889
-0.000983
-0.004086
0.000076
-0.009134
-0.039690
-0.999170
6.919937
---
0.690324
0.017041
0.011181
0.723213
0.001531
-0.001614
-0.010888
0.001534
-0.007288
0.013147
-0.009211
-0.039700
-0.999169
6.936054
---
0.690236
0.017071
0.011205
0.723297
0.001515
0.001242
-0.010885
0.010872
0.000594
0.013408
-0.009227
-0.039774
-0.999166
6.953815
---
0.690144
0.017080
0.011195
0.723384
0.001483
0.001246
-0.010885
0.004831
0.000030
0.012844
-0.009259
-0.039769
-0.999166
6.969931
---
0.690115
0.017118
0.011252
0.723410
-0.003378
0.005015
-0.009903
0.005842
0.000919
0.003492
-0.009237
-0.039907
-0.999161
6.987936
---
0.690072
0.017152
0.011270
0.723450
0.000501
0.002013
-0.010876
0.001715
-0.000273
0.007487
-0.009265
-0.039979
-0.999158
7.004053
---
0.690112
0.017179
0.011271
0.723411
0.000469
0.001974
-0.010875
0.003291
-0.004887
-0.009989
-0.009297
-0.040018
-0.999156
7.021110
---
0.690130
0.017240
0.011273
0.723392
-0.000593
0.002864
-0.011847
0.003147
0.002430
-0.003268
-0.009382
-0.040105
-0.999151
7.038813
---
0.690115
0.017239
0.011296
0.723406
-0.000562
-0.007912
-0.007939
0.002435
0.013693
0.008566
-0.009351
-0.040138
-0.999150
7.054837
---
0.690076
0.017221
0.011266
0.723445
-0.000578
-0.007842
-0.007942
-0.008284
-0.004892
0.000587
-0.009367
-0.040068
-0.999153
7.071932
---
0.690049
0.017204
0.011238
0.723471
-0.003523
-0.004848
-0.019663
0.001632
-0.003503
0.013114
-0.009383
-0.040004
-0.999155
7.089082
---
0.690013
0.017215
0.011270
0.723504
0.001384
0.001928
-0.011849
0.004484
-0.001390
0.006242
-0.009358
-0.040064
-0.999153
7.106120
---
0.689967
0.017224
0.011249
0.723548
0.001341
0.001945
-0.011849
0.002642
-0.004161
0.002668
-0.009401
-0.040047
-0.999154
7.124150
---
0.689937
0.017208
0.011207
0.723578
0.003257
-0.001878
-0.010875
-0.002220
-0.006741
-0.000728
-0.009438
-0.039964
-0.999157
7.140848
---
0.689946
0.017201
0.011209
0.723570
0.002295
-0.002847
-0.013805
-0.006656
0.001192
-0.003107
-0.009424
-0.039956
-0.999157
7.156933
---
0.689951
0.017212
0.011163
0.723566
0.002215
-0.002796
-0.013807
-0.003064
-0.006377
-0.004249
-0.009504
-0.039905
-0.999158
7.173963
---
0.689941
0.017248
0.011135
0.723575
0.002123
0.000124
-0.009899
0.001838
-0.007427
-0.006250
-0.009595
-0.039915
-0.999157
7.191113
---
0.689939
0.017276
0.011135
0.723575
0.001106
0.002036
-0.010874
-0.000272
-0.005422
0.000021
-0.009636
-0.039956
-0.999155
7.208938
---
0.689891
0.017328
0.011136
0.723620
0.000052
-0.003891
-0.010870
0.001096
-0.004194
0.010906
-0.009713
-0.040024
-0.999152
7.225055
---
0.689862
0.017340
0.011130
0.723648
0.000026
-0.003903
-0.010870
-0.005072
0.006837
0.001113
-0.009739
-0.040036
-0.999151
7.243030
---
0.689874
0.017325
0.011123
0.723637
0.000038
-0.000942
-0.012824
-0.000968
0.005893
0.000235
-0.009728
-0.040004
-0.999152
7.259268
---
0.689914
0.017310
0.011082
0.723600
-0.000971
-0.000860
-0.013804
-0.003081
-0.004092
-0.004851
-0.009760
-0.039923
-0.999155
7.276940
---
0.689899
0.017327
0.011059
0.723614
-0.001027
-0.000849
-0.013803
0.007407
0.006683
-0.001381
-0.009816
-0.039911
-0.999155
7.293054
---
0.689959
0.017308
0.011124
0.723556
0.000069
0.004940
-0.013802
0.003624
0.006347
-0.012593
-0.009697
-0.039981
-0.999153
7.310119
---
0.690023
0.017307
0.011111
0.723495
0.001033
-0.000902
-0.009896
-0.006496
-0.007982
-0.006013
-0.009709
-0.039964
-0.999154
7.327147
---
0.690042
0.017313
0.011151
0.723476
0.001080
-0.000967
-0.009894
0.002913
0.007276
-0.001088
-0.009662
-0.040029
-0.999152
7.344877
---
0.690040
0.017315
0.011112
0.723479
-0.002883
-0.002865
-0.012825
-0.008037
0.003793
0.002055
-0.009719
-0.039974
-0.999153
7.360993
---
0.690016
0.017284
0.011135
0.723502
-0.002809
-0.004810
-0.009897
-0.005004
0.007473
0.012538
-0.009645
-0.039966
-0.999155
7.378025
---
0.689966
0.017268
0.011147
0.723550
-0.002771
-0.004803
-0.009897
-0.002526
0.006225
0.017546
-0.009607
-0.039959
-0.999155
7.395177
---
0.689867
0.017222
0.011159
0.723645
0.005119
-0.001826
-0.014783
-0.003086
0.002142
0.018018
-0.009529
-0.039912
-0.999158
7.412939
---
0.689822
0.017262
0.011135
0.723687
0.004050
0.005967
-0.011851
-0.002590
-0.011955
0.013610
-0.009622
-0.039932
-0.999156
7.429055
---
0.689798
0.017291
0.011125
0.723710
0.003992
0.005939
-0.011850
0.004169
0.005837
0.002563
-0.009679
-0.039959
-0.999155
7.446117
---
0.689736
0.017272
0.011126
0.723769
-0.002819
-0.001849
-0.012828
-0.006839
0.000945
0.018482
-0.009655
-0.039935
-0.999156
7.463268
---
0.689669
0.017291
0.011141
0.723832
-0.005758
-0.003847
-0.008919
0.001065
-0.001834
0.012466
-0.009664
-0.039980
-0.999154
7.480970
---
0.689596
0.017292
0.011170
0.723902
-0.005724
-0.003891
-0.008918
0.002237
0.006202
0.014809
-0.009630
-0.040024
-0.999152
7.497085
---
0.689538
0.017270
0.011181
0.723957
-0.003726
0.002961
-0.007942
0.000951
0.004598
0.010843
-0.009585
-0.040008
-0.999153
7.514973
---
0.689526
0.017288
0.011191
0.723968
0.003097
-0.000006
-0.012824
0.004341
-0.005265
-0.005161
-0.009599
-0.040045
-0.999152
7.531085
---
0.689524
0.017301
0.011239
0.723969
0.003144
-0.000094
-0.012821
0.010989
0.004736
0.000330
-0.009551
-0.040133
-0.999149
7.548943
---
0.689513
0.017313
0.011250
0.723979
0.001188
0.003779
-0.011843
-0.001313
-0.002634
0.001596
-0.009555
-0.040166
-0.999147
7.565053
---
0.689530
0.017327
0.011291
0.723962
-0.000729
-0.004112
-0.010863
0.000542
0.004502
-0.005076
-0.009518
-0.040245
-0.999145
7.582088
---
0.689542
0.017370
0.011238
0.723950
-0.000862
-0.004094
-0.010863
-0.005636
-0.010025
0.000468
-0.009651
-0.040227
-0.999144
7.599236
---
0.689484
0.017370
0.011188
0.724006
0.001017
-0.001091
-0.012818
-0.001830
-0.001093
-0.000852
-0.009725
-0.040153
-0.999146
7.616513
---
0.689470
0.017354
0.011186
0.724020
-0.000914
-0.004972
-0.014772
-0.004885
0.001178
0.000131
-0.009703
-0.040128
-0.999147
7.632627
---
0.689401
0.017385
0.011171
0.724085
0.006828
0.001843
-0.011841
0.003514
0.000776
0.008556
-0.009773
-0.040149
-0.999146
7.650543
---
0.689392
0.017444
0.011135
0.724093
0.006691
0.001816
-0.011839
-0.003923
-0.007832
0.002451
-0.009911
-0.040176
-0.999143
7.666659
---
0.689382
0.017381
0.011172
0.724104
-0.005861
-0.004013
-0.012818
-0.005484
0.015915
0.004066
-0.009767
-0.040145
-0.999146
7.683933
---
0.689398
0.017375
0.011164
0.724088
-0.005862
-0.003990
-0.012819
-0.000399
0.003936
-0.002134
-0.009769
-0.040123
-0.999147
7.701055
---
0.689417
0.017323
0.011159
0.724071
0.000065
-0.006840
-0.012823
-0.004041
0.002425
-0.010616
-0.009700
-0.040043
-0.999151
7.718088
---
0.689480
0.017315
0.011179
0.724011
-0.002819
0.003881
-0.013799
0.002494
0.008587
-0.010028
-0.009655
-0.040064
-0.999150
7.735238
---
0.689620
0.017266
0.011242
0.723878
-0.006561
-0.002004
-0.012823
0.001718
0.008475
-0.022559
-0.009490
-0.040090
-0.999151
7.752757
---
0.689702
0.017219
0.011266
0.723801
-0.006458
-0.001974
-0.012825
-0.003173
0.003330
-0.014033
-0.009387
-0.040060
-0.999153
7.768872
---
0.689783
0.017218
0.011264
0.723724
0.000382
-0.002949
-0.009896
0.003190
-0.006035
-0.017802
-0.009383
-0.040059
-0.999153
7.785904
---
0.689863
0.017215
0.011236
0.723648
0.002307
-0.003879
-0.010874
-0.005088
-0.002861
-0.015404
-0.009412
-0.040012
-0.999155
7.802937
---
0.689972
0.017175
0.011230
0.723546
0.002363
-0.003818
-0.010877
-0.005635
-0.004171
-0.017991
-0.009356
-0.039951
-0.999158
7.820940
---
0.689990
0.017195
0.011196
0.723528
0.002287
-0.006727
-0.010877
0.003064
-0.006168
0.010075
-0.009432
-0.039930
-0.999158
7.837055
---
0.689983
0.017198
0.011169
0.723535
0.001269
0.001117
-0.012831
-0.005070
-0.002511
-0.001471
-0.009473
-0.039899
-0.999159
7.854088
---
0.689983
0.017224
0.011129
0.723535
0.001177
0.001142
-0.012831
0.002222
-0.006675
-0.004686
-0.009565
-0.039874
-0.999159
7.871941
---
0.689963
0.017229
0.011085
0.723555
0.002082
0.003152
-0.010879
-0.005032
-0.001461
0.016413
-0.009637
-0.039817
-0.999161
7.888939
---
0.689929
0.017250
0.011049
0.723587
0.000049
-0.003659
-0.011856
-0.003414
-0.004001
0.001453
-0.009717
-0.039792
-0.999161
7.905512
---
0.689870
0.017253
0.011040
0.723644
0.000028
-0.003650
-0.011856
-0.002746
-0.000201
0.015303
-0.009738
-0.039782
-0.999161
7.921565
---
0.689817
0.017259
0.011036
0.723693
-0.000965
-0.002676
-0.009903
-0.001540
0.008342
0.009494
-0.009754
-0.039785
-0.999161
7.938841
---
0.689759
0.017240
0.011039
0.723749
-0.001914
-0.000699
-0.012834
0.001633
0.001021
0.001345
-0.009726
-0.039762
-0.999162
7.955931
---
0.689682
0.017225
0.011066
0.723823
-0.001858
-0.000719
-0.012834
0.004160
0.006498
0.009682
-0.009671
-0.039781
-0.999162
7.972966
---
0.689619
0.017274
0.011086
0.723881
0.000048
0.001141
-0.013806
0.002796
0.005137
0.003651
-0.009718
-0.039874
-0.999157
7.990971
---
0.689550
0.017250
0.011100
0.723948
0.002050
-0.003728
-0.010877
-0.002675
0.009255
0.001895
-0.009669
-0.039861
-0.999158
8.007942
---
0.689503
0.017280
0.011112
0.723991
-0.005791
0.001094
-0.009898
0.004911
0.001763
0.006502
-0.009697
-0.039921
-0.999156
8.024852
---
0.689482
0.017275
0.011139
0.724011
-0.005748
0.001063
-0.009897
0.006091
-0.004508
0.001589
-0.009654
-0.039953
-0.999155
8.040965
---
0.689468
0.017288
0.011132
0.724024
0.000082
-0.004805
-0.008920
-0.000937
-0.001450
-0.000879
-0.009683
-0.039962
-0.999154
8.057967
---
0.689499
0.017293
0.011095
0.723995
-0.000951
-0.000849
-0.012828
-0.000013
0.000837
-0.001703
-0.009740
-0.039912
-0.999156
8.075942
---
0.689463
0.017307
0.011065
0.724030
-0.001015
-0.000826
-0.012828
-0.004867
-0.002670
0.010262
-0.009804
-0.039889
-0.999156
8.092058
---
0.689486
0.017239
0.011105
0.724009
-0.003789
-0.000789
-0.014784
-0.003158
0.008696
-0.005263
-0.009648
-0.039852
-0.999159
8.109819
---
0.689532
0.017203
0.011135
0.723965
0.001190
-0.001762
-0.011855
0.001435
-0.002542
-0.006112
-0.009552
-0.039847
-0.999160
8.125932
---
0.689553
0.017184
0.011149
0.723945
0.001238
-0.001755
-0.011856
-0.001043
0.000937
-0.004832
-0.009504
-0.039841
-0.999161
8.143027
---
0.689569
0.017136
0.011143
0.723932
-0.003585
-0.007537
-0.010883
0.001090
0.004375
-0.005622
-0.009444
-0.039763
-0.999164
8.161003
---
0.689582
0.017139
0.011126
0.723919
0.000297
-0.005568
-0.013813
-0.000626
-0.004633
-0.003864
-0.009469
-0.039748
-0.999165
8.177911
---
0.689628
0.017136
0.011126
0.723875
0.000303
-0.005564
-0.013814
-0.001863
0.002656
-0.009594
-0.009463
-0.039744
-0.999165
8.194028
---
0.689688
0.017113
0.011149
0.723819
-0.002559
-0.000685
-0.006002
0.002556
-0.010719
-0.007073
-0.009395
-0.039748
-0.999166
8.211943
---
0.689681
0.017122
0.011152
0.723825
0.001338
0.001252
-0.015767
0.011869
-0.005532
-0.001756
-0.009404
-0.039764
-0.999165
8.228056
---
0.689685
0.017094
0.011156
0.723821
0.001384
0.001286
-0.015768
-0.004234
-0.000397
-0.010851
-0.009358
-0.039730
-0.999167
8.245089
---
0.689713
0.017116
0.011164
0.723794
-0.000587
0.001244
-0.015766
0.004304
0.000853
-0.009793
-0.009376
-0.039772
-0.999165
8.262238
---
0.689741
0.017109
0.011180
0.723768
-0.003484
-0.001700
-0.014790
-0.002668
-0.000642
-0.000327
-0.009343
-0.039786
-0.999165
8.279973
---
0.689714
0.017098
0.011209
0.723793
-0.003430
-0.001724
-0.014789
0.005996
0.013234
0.004447
-0.009289
-0.039810
-0.999164
8.296086
---
0.689647
0.017101
0.011223
0.723856
0.001464
0.001179
-0.011858
0.000731
0.003832
0.016890
-0.009278
-0.039836
-0.999163
8.313972
---
0.689554
0.017115
0.011221
0.723945
-0.003446
-0.004692
-0.011858
0.005859
-0.002472
0.009300
-0.009305
-0.039848
-0.999162
8.330088
---
0.689440
0.017077
0.011215
0.724055
-0.003406
-0.004634
-0.011860
-0.005341
0.001463
0.020882
-0.009265
-0.039790
-0.999165
8.347972
---
0.689369
0.017072
0.011180
0.724123
-0.002474
-0.002618
-0.013816
-0.002833
0.000241
0.004581
-0.009310
-0.039727
-0.999167
8.364088
---
0.689310
0.017051
0.011199
0.724179
-0.001444
-0.002617
-0.009910
-0.001856
-0.001781
0.005546
-0.009257
-0.039726
-0.999168
8.381270
---
0.689295
0.017033
0.011176
0.724194
-0.001450
-0.002560
-0.009912
-0.005367
0.001646
-0.006874
-0.009263
-0.039669
-0.999170
8.398392
---
0.689282
0.017027
0.011214
0.724206
-0.001391
0.000324
-0.014794
0.006829
0.002743
0.003014
-0.009203
-0.039715
-0.999169
8.415973
---
0.689288
0.016963
0.011246
0.724201
-0.003207
-0.001586
-0.014797
-0.000689
0.007448
-0.003888
-0.009066
-0.039672
-0.999172
8.432087
---
0.689266
0.016959
0.011274
0.724222
-0.003163
-0.001621
-0.014796
-0.003888
0.009327
0.000403
-0.009022
-0.039707
-0.999171
8.449118
---
0.689246
0.016970
0.011259
0.724241
0.005588
-0.002593
-0.010889
-0.000203
-0.009060
0.005411
-0.009060
-0.039702
-0.999170
8.466270
---
0.689227
0.016965
0.011268
0.724259
-0.006112
-0.001623
-0.013819
-0.006038
-0.004857
0.002848
-0.009042
-0.039709
-0.999170
8.483943
---
0.689198
0.016955
0.011309
0.724286
-0.006043
-0.001669
-0.013818
-0.000475
0.006767
0.003421
-0.008972
-0.039755
-0.999169
8.500058
---
0.689187
0.016932
0.011329
0.724297
-0.003051
-0.005573
-0.007959
0.001917
0.000291
0.003680
-0.008911
-0.039752
-0.999170
8.517728
---
0.689199
0.016958
0.011318
0.724285
0.001779
0.000268
-0.013817
0.003768
-0.003646
0.002039
-0.008964
-0.039771
-0.999169
8.533757
---
0.689180
0.016934
0.011345
0.724303
0.000873
-0.002667
-0.010888
-0.001602
0.000342
0.008578
-0.008893
-0.039776
-0.999169
8.550784
---
0.689126
0.016926
0.011313
0.724356
0.000837
-0.002609
-0.010890
-0.005105
0.002551
0.009267
-0.008929
-0.039718
-0.999171
8.567935
---
0.689079
0.016888
0.011286
0.724402
-0.001100
-0.007400
-0.012847
-0.003799
0.000091
0.009598
-0.008913
-0.039626
-0.999175
8.584968
---
0.689021
0.016878
0.011247
0.724458
0.002764
-0.001470
-0.014802
0.001368
-0.004511
0.003064
-0.008955
-0.039556
-0.999177
8.601999
---
0.689004
0.016859
0.011232
0.724474
0.002769
-0.001421
-0.014804
0.003884
0.001194
0.003833
-0.008950
-0.039507
-0.999179
8.619943
---
0.688975
0.016833
0.011262
0.724502
-0.002036
0.002477
-0.014805
-0.002271
0.001011
0.007942
-0.008872
-0.039515
-0.999180
8.636943
---
0.688937
0.016859
0.011242
0.724538
-0.001126
-0.006317
-0.013827
-0.000044
-0.004552
0.006991
-0.008939
-0.039520
-0.999179
8.653000
---
0.688918
0.016836
0.011234
0.724557
-0.001107
-0.006274
-0.013829
-0.003315
-0.001791
0.001183
-0.008920
-0.039477
-0.999181
8.670149
---
0.688900
0.016843
0.011228
0.724574
-0.001123
-0.002369
-0.010899
-0.000900
-0.001893
0.003245
-0.008936
-0.039478
-0.999180
8.687941
---
0.688925
0.016836
0.011226
0.724550
-0.004046
-0.001382
-0.011876
-0.001465
0.006311
-0.008384
-0.008929
-0.039468
-0.999181
8.704059
---
0.688930
0.016799
0.011240
0.724546
-0.003974
-0.001349
-0.011878
-0.003084
0.008451
-0.004433
-0.008857
-0.039435
-0.999183
8.721178