---
0.979697
0.019149
-0.003427
-0.199536
-0.001024
0.001151
-0.017798
-0.029003
0.023090
-0.000947
0.000929
-0.038888
-0.999243
0.000000
---
0.979936
0.018225
-0.002655
-0.198459
-0.005785
-0.003572
-0.016900
-0.035078
0.025687
0.064396
0.002027
-0.036775
-0.999322
0.051365
---
0.980025
0.018040
-0.002383
-0.198039
-0.004368
-0.006033
-0.016916
-0.027582
0.030512
0.053628
0.002468
-0.036306
-0.999338
0.067478
---
0.980106
0.017654
-0.002024
-0.197676
-0.003824
-0.005132
-0.016947
-0.042491
0.019075
0.035491
0.003012
-0.035405
-0.999368
0.084602
---
0.980149
0.017537
-0.001922
-0.197476
0.005113
0.003927
-0.015003
0.003010
-0.011530
0.018520
0.003160
-0.035136
-0.999378
0.101722
---
0.980095
0.017596
-0.002017
-0.197736
0.004967
0.003774
-0.014998
0.012635
-0.000359
-0.028572
0.003014
-0.035288
-0.999373
0.119304
---
0.979995
0.017492
-0.002364
-0.198239
0.007171
0.000910
-0.013049
-0.005412
-0.036895
-0.059396
0.002289
-0.035223
-0.999377
0.136430
---
0.979888
0.017658
-0.002635
-0.198749
-0.000097
0.007315
-0.023777
0.057432
-0.010863
-0.064122
0.001857
-0.035654
-0.999362
0.152543
---
0.979781
0.018066
-0.002740
-0.199237
-0.000130
0.006474
-0.023746
0.045868
-0.008849
-0.058902
0.001823
-0.036495
-0.999332
0.169664
---
0.979717
0.018243
-0.002800
-0.199536
0.000816
0.000244
-0.013967
0.016848
-0.001494
-0.032622
0.001792
-0.036866
-0.999319
0.186784
---
0.979656
0.018259
-0.002863
-0.199831
0.003648
-0.001763
-0.014942
-0.010124
-0.015318
-0.032353
0.001695
-0.036919
-0.999317
0.203907
---
0.979627
0.018219
-0.003003
-0.199975
0.003357
-0.001741
-0.014943
0.035358
0.016701
-0.020485
0.001404
-0.036897
-0.999318
0.221030
---
0.979621
0.018509
-0.002968
-0.199978
-0.001341
0.004541
-0.013946
0.030430
0.006373
0.004679
0.001589
-0.037451
-0.999297
0.238151
---
0.979619
0.018678
-0.003741
-0.199958
0.002090
0.001946
-0.014899
0.007608
-0.023759
0.005164
0.000137
-0.038094
-0.999274
0.305632
---
0.979626
0.018716
-0.003942
-0.199916
0.001706
0.001791
-0.014893
0.018310
-0.021732
0.004927
-0.000247
-0.038248
-0.999268
0.322756
---
0.979623
0.018808
-0.004076
-0.199920
0.003441
0.002535
-0.010001
0.019109
-0.015256
-0.006045
-0.000466
-0.038481
-0.999259
0.339878
---
0.979607
0.018775
-0.004122
-0.200003
-0.003502
-0.004255
-0.014886
-0.012845
0.000862
-0.016538
-0.000573
-0.038435
-0.999261
0.357001
---
0.979592
0.018711
-0.004074
-0.200083
-0.003426
-0.004109
-0.014892
-0.010108
0.015566
-0.009602
-0.000496
-0.038289
-0.999267
0.374122
---
0.979585
0.018641
-0.003969
-0.200124
-0.002271
-0.001977
-0.015875
-0.010791
0.013099
-0.006866
-0.000318
-0.038109
-0.999274
0.391246
---
0.979567
0.018639
-0.003851
-0.200215
-0.001060
0.000028
-0.017830
-0.004979
0.003646
-0.022021
-0.000083
-0.038057
-0.999276
0.408366
---
0.979532
0.018608
-0.003839
-0.200390
-0.001040
0.000095
-0.017833
-0.009045
-0.001089
-0.023152
-0.000064
-0.037991
-0.999278
0.425214
---
0.979499
0.018503
-0.003751
-0.200562
0.000074
-0.001620
-0.018818
-0.010197
0.013258
-0.027487
0.000074
-0.037753
-0.999287
0.442335
---
0.979387
0.018340
-0.003961
-0.201117
0.008411
-0.000409
-0.013944
-0.004852
-0.022379
-0.020314
-0.000378
-0.037518
-0.999296
0.509816
---
0.979364
0.018274
-0.004091
-0.201235
0.003245
0.001620
-0.016877
-0.000240
-0.008439
-0.011739
-0.000661
-0.037443
-0.999299
0.526938
---
0.979345
0.018239
-0.004190
-0.201328
0.003037
0.001648
-0.016878
0.002790
-0.017870
-0.010331
-0.000869
-0.037415
-0.999300
0.544062
---
0.979318
0.018510
-0.004314
-0.201432
-0.000998
0.000092
-0.013926
0.003218
0.001130
-0.000168
-0.000998
-0.037994
-0.999278
0.578311
---
0.979297
0.018582
-0.004324
-0.201529
-0.000984
-0.000054
-0.013920
0.010537
0.005408
-0.019396
-0.000984
-0.038140
-0.999272
0.595428
---
0.979287
0.018589
-0.004295
-0.201575
-0.000920
-0.000053
-0.011967
0.001143
0.012479
0.000633
-0.000920
-0.038139
-0.999272
0.611544
---
0.979279
0.018685
-0.004278
-0.201606
-0.001815
0.001718
-0.014890
0.015766
0.004260
-0.007477
-0.000839
-0.038321
-0.999265
0.628665
---
0.979303
0.018709
-0.004103
-0.201491
-0.002449
-0.001190
-0.015868
-0.005673
0.012516
0.009770
-0.000496
-0.038299
-0.999266
0.662906
---
0.979323
0.018818
-0.003963
-0.201388
-0.005069
0.003538
-0.012932
0.013348
0.031201
0.013755
-0.000186
-0.038454
-0.999260
0.680029
---
0.979361
0.018975
-0.003782
-0.201192
-0.004652
0.003303
-0.012923
0.004705
0.016796
0.016052
0.000230
-0.038689
-0.999251
0.697152
---
0.979380
0.019005
-0.003666
-0.201096
-0.002464
-0.002570
-0.017805
-0.005886
0.013335
0.013265
0.000466
-0.038703
-0.999251
0.714273
---
0.979399
0.018941
-0.003546
-0.201014
-0.000312
-0.002394
-0.016836
0.012058
-0.001091
0.003341
0.000664
-0.038526
-0.999257
0.747511
---
0.979397
0.019013
-0.003542
-0.201014
0.000707
0.002348
-0.013900
0.008061
0.000885
-0.005905
0.000707
-0.038668
-0.999252
0.764632
---
0.979399
0.018991
-0.003546
-0.201010
0.001671
-0.001516
-0.015855
-0.009851
-0.001125
0.008217
0.000694
-0.038625
-0.999254
0.781757
---
0.979395
0.018933
-0.003576
-0.201034
0.001587
-0.001414
-0.015859
-0.004841
-0.007248
-0.013129
0.000611
-0.038523
-0.999258
0.798877
---
0.979391
0.018825
-0.003607
-0.201064
0.003434
-0.001215
-0.014890
-0.016919
-0.008874
-0.005434
0.000504
-0.038324
-0.999265
0.816001
---
0.979389
0.018639
-0.003668
-0.201087
0.000313
-0.001852
-0.017833
-0.013471
-0.004124
-0.008063
0.000313
-0.037985
-0.999278
0.833122
---
0.979372
0.018630
-0.003682
-0.201172
0.000280
-0.001842
-0.017833
0.014908
0.000676
-0.018830
0.000280
-0.037975
-0.999279
0.850246
---
0.979339
0.018748
-0.003678
-0.201319
0.000345
0.004766
-0.013918
0.007850
0.009816
-0.017380
0.000345
-0.038202
-0.999270
0.867363
---
0.979314
0.018848
-0.003751
-0.201432
0.002195
0.001613
-0.012933
0.013947
-0.014183
-0.011295
0.000242
-0.038426
-0.999261
0.883482
---
0.979283
0.018840
-0.003741
-0.201585
-0.004616
-0.004229
-0.016840
-0.005604
0.016514
-0.015567
0.000267
-0.038409
-0.999262
0.900605
---
0.979318
0.018722
-0.003442
-0.201429
-0.003103
0.001007
-0.019783
-0.003946
0.003808
0.016801
0.000804
-0.038055
-0.999275
0.969091
---
0.979338
0.018618
-0.003519
-0.201338
0.004510
-0.001751
-0.006118
-0.012136
-0.007799
0.006427
0.000603
-0.037884
-0.999282
0.986457
---
0.979349
0.018561
-0.003561
-0.201291
0.004405
-0.001657
-0.006122
-0.001927
-0.010356
0.010888
0.000499
-0.037789
-0.999286
1.003580
---
0.979362
0.018554
-0.003631
-0.201229
0.002307
0.001257
-0.014910
-0.004361
-0.000914
0.013941
0.000354
-0.037806
-0.999285
1.019697
---
0.979375
0.018545
-0.003670
-0.201167
0.000272
0.000285
-0.014910
-0.007134
0.000427
0.007644
0.000272
-0.037801
-0.999285
1.036817
---
0.979382
0.018519
-0.003636
-0.201135
-0.000648
-0.000629
-0.013936
-0.009374
0.002615
0.010908
0.000329
-0.037738
-0.999288
1.053943
---
0.979405
0.018512
-0.003654
-0.201020
-0.000691
-0.000621
-0.013936
0.005748
-0.002012
0.010347
0.000286
-0.037731
-0.999288
1.071060
---
0.979412
0.018531
-0.003584
-0.200986
-0.000555
-0.000631
-0.013936
0.003632
0.005808
0.000859
0.000421
-0.037740
-0.999288
1.088182
---
0.979434
0.018520
-0.003493
-0.200881
-0.001365
-0.003502
-0.019798
-0.003923
0.016675
0.012757
0.000588
-0.037682
-0.999290
1.105306
---
0.979462
0.018510
-0.003367
-0.200751
-0.001119
-0.003435
-0.019800
0.004097
0.025104
0.019080
0.000834
-0.037614
-0.999292
1.122431
---
0.979483
0.018586
-0.003303
-0.200639
-0.004874
0.003280
-0.016865
0.009132
0.010301
0.018362
0.000985
-0.037735
-0.999287
1.138543
---
0.979513
0.018615
-0.003250
-0.200492
-0.000858
-0.000664
-0.018817
0.003366
0.008559
0.010671
0.001095
-0.037773
-0.999286
1.155666
---
0.979552
0.018678
-0.003153
-0.200296
-0.000653
-0.000747
-0.018814
0.015832
0.001867
0.020664
0.001300
-0.037856
-0.999282
1.172790
---
0.979574
0.018781
-0.003186
-0.200181
0.003237
0.003922
-0.012946
0.010570
-0.000825
0.012716
0.001284
-0.038070
-0.999274
1.189911
---
0.979596
0.018777
-0.003213
-0.200073
0.003168
-0.002916
-0.013923
0.002675
-0.003315
0.015758
0.001215
-0.038073
-0.999274
1.207031
---
0.979601
0.018686
-0.003260
-0.200055
0.003040
-0.002757
-0.013929
-0.024824
-0.009302
-0.000795
0.001087
-0.037914
-0.999280
1.224154
---
0.979627
0.018412
-0.003243
-0.199953
-0.001926
-0.008073
-0.011996
-0.024801
0.002738
0.009008
0.001004
-0.037370
-0.999301
1.241276
---
0.979634
0.018223
-0.003271
-0.199936
0.003804
-0.001857
-0.014939
-0.019657
-0.014615
-0.005588
0.000874
-0.037013
-0.999314
1.258396
---
0.979641
0.018050
-0.003300
-0.199915
0.000746
-0.001528
-0.012999
-0.019515
-0.002643
-0.003083
0.000746
-0.036684
-0.999327
1.274515
---
0.979639
0.017942
-0.003305
-0.199936
0.000693
-0.001320
-0.013006
-0.010613
-0.004743
-0.006095
0.000693
-0.036476
-0.999334
1.291635
---
0.979619
0.017948
-0.003381
-0.200033
0.002511
0.004499
-0.013981
0.007940
0.010358
-0.017419
0.000557
-0.036516
-0.999333
1.308758
---
0.979607
0.018031
-0.003440
-0.200084
-0.002454
0.003336
-0.014951
0.015295
0.008153
-0.003651
0.000476
-0.036703
-0.999326
1.325880
---
0.979602
0.018149
-0.003420
-0.200097
-0.002364
0.003112
-0.014943
0.007539
0.018442
0.005426
0.000565
-0.036927
-0.999318
1.343002
---
0.979595
0.018079
-0.003418
-0.200136
-0.000435
-0.003586
-0.016901
-0.006051
-0.000965
-0.004322
0.000541
-0.036789
-0.999323
1.360124
---
0.979573
0.018118
-0.003321
-0.200243
-0.007064
0.001257
-0.016899
0.008825
0.013749
-0.003831
0.000748
-0.036829
-0.999321
1.377248
---
0.979565
0.018181
-0.003181
-0.200280
-0.006767
0.001193
-0.016897
0.004410
0.015942
-0.003185
0.001046
-0.036893
-0.999319
1.394368
---
0.979543
0.018246
-0.003100
-0.200381
-0.000718
0.001097
-0.012987
0.002665
0.007726
-0.010223
0.001236
-0.036989
-0.999315
1.410483
---
0.979542
0.018253
-0.003054
-0.200386
0.001333
0.001103
-0.016893
-0.000852
-0.004055
-0.002985
0.001333
-0.036983
-0.999315
1.427604
---
0.979495
0.018573
-0.002985
-0.200586
-0.002301
0.007339
-0.014917
0.025111
0.014217
-0.016772
0.001605
-0.037583
-0.999292
1.461849
---
0.979462
0.018707
-0.002965
-0.200735
0.002679
0.002202
-0.015884
0.016960
0.005465
-0.016012
0.001703
-0.037837
-0.999282
1.478971
---
0.979442
0.018820
-0.003005
-0.200822
0.002641
0.001963
-0.015875
0.018022
-0.000657
-0.015425
0.001665
-0.038076
-0.999274
1.496095
---
0.979420
0.018783
-0.003083
-0.200934
0.003462
-0.000922
-0.013924
-0.004240
-0.004603
-0.011979
0.001509
-0.038031
-0.999275
1.513216
---
0.979399
0.018861
-0.003146
-0.201028
0.001427
0.006713
-0.016847
0.014180
-0.005871
-0.007677
0.001427
-0.038209
-0.999269
1.530337
---
0.979376
0.018951
-0.003216
-0.201130
0.001320
0.006507
-0.016839
0.002349
0.001004
-0.011106
0.001320
-0.038414
-0.999261
1.546454
---
0.979365
0.018962
-0.003204
-0.201181
-0.001581
-0.002302
-0.015862
0.000901
-0.006468
-0.003299
0.001349
-0.038434
-0.999260
1.563573
---
0.979362
0.018913
-0.003190
-0.201200
-0.000593
-0.001220
-0.016842
-0.004604
0.000321
-0.001254
0.001360
-0.038329
-0.999264
1.580696
---
0.979350
0.018901
-0.003146
-0.201261
-0.000509
-0.001178
-0.016844
-0.011071
0.007859
-0.001313
0.001444
-0.038288
-0.999266
1.597819
---
0.979350
0.018823
-0.003124
-0.201272
-0.001481
-0.001995
-0.009037
-0.010249
-0.000670
0.000454
0.001448
-0.038128
-0.999272
1.614941
---
0.979344
0.018836
-0.003174
-0.201295
0.005270
0.002842
-0.018802
0.003112
-0.003210
0.008541
0.001364
-0.038173
-0.999270
1.632063
---
0.979364
0.018793
-0.003220
-0.201201
0.005156
0.002909
-0.018804
-0.008393
-0.005259
0.011148
0.001250
-0.038107
-0.999273
1.649185
---
0.979372
0.018763
-0.003262
-0.201166
0.003113
-0.000956
-0.013923
0.005594
-0.008341
0.003239
0.001160
-0.038065
-0.999275
1.666310
---
0.979386
0.018771
-0.003289
-0.201098
-0.000851
-0.000984
-0.013922
0.000387
0.000193
0.012371
0.001102
-0.038093
-0.999274
1.683431
---
0.979403
0.018659
-0.003300
-0.201026
-0.000919
-0.000767
-0.013930
-0.018249
-0.009164
0.007817
0.001034
-0.037876
-0.999282
1.699546
---
0.979423
0.018525
-0.003370
-0.200940
0.003766
-0.003462
-0.016869
-0.015462
-0.023006
0.012106
0.000836
-0.037642
-0.999291
1.716667
---
0.979443
0.018391
-0.003429
-0.200850
0.002617
-0.003224
-0.011995
-0.007580
-0.009154
-0.000080
0.000664
-0.037404
-0.999300
1.733789
---
0.979450
0.018317
-0.003459
-0.200826
-0.000403
0.002769
-0.012000
-0.002464
-0.010995
-0.001470
0.000574
-0.037271
-0.999305
1.750911
---
0.979442
0.018296
-0.003487
-0.200864
-0.000459
0.002797
-0.012001
0.002694
0.001362
-0.008806
0.000518
-0.037242
-0.999306
1.768032
---
0.979437
0.018249
-0.003481
-0.200896
-0.000463
-0.001992
-0.014935
-0.003261
0.007773
-0.004362
0.000514
-0.037149
-0.999310
1.785155
---
0.979417
0.018193
-0.003496
-0.200994
0.003390
0.001041
-0.012985
0.003998
-0.008316
-0.013978
0.000461
-0.037045
-0.999314
1.802278
---
0.979399
0.018154
-0.003548
-0.201084
0.003280
0.001099
-0.012988
-0.009326
-0.006876
-0.016242
0.000350
-0.036987
-0.999316
1.819401
---
0.979370
0.018128
-0.003615
-0.201229
0.001197
0.001123
-0.012012
-0.004649
-0.009266
-0.010029
0.000220
-0.036963
-0.999317
1.835514
---
0.979331
0.018081
-0.003631
-0.201424
-0.000809
-0.001721
-0.009085
-0.004757
-0.001183
-0.012980
0.000168
-0.036878
-0.999320
1.852639
---
0.979321
0.018041
-0.003658
-0.201475
-0.000877
-0.001655
-0.009088
-0.003108
-0.005912
-0.013853
0.000099
-0.036812
-0.999322
1.869759
---
0.979310
0.017989
-0.003733
-0.201528
0.004818
0.001347
-0.012997
-0.007754
-0.010127
-0.004849
-0.000065
-0.036739
-0.999325
1.886882
---
0.979304
0.017953
-0.003770
-0.201564
0.001806
0.000424
-0.014952
0.001442
-0.012491
-0.008228
-0.000147
-0.036685
-0.999327
1.904004
---
0.979307
0.017888
-0.003786
-0.201552
0.001747
0.000545
-0.014956
-0.002928
0.000562
-0.000797
-0.000206
-0.036564
-0.999331
1.921125
---
0.979312
0.017928
-0.003808
-0.201525
0.001723
0.002415
-0.012024
0.002234
-0.002024
0.006836
-0.000230
-0.036648
-0.999328
1.938246
---
0.979328
0.017956
-0.003790
-0.201446
-0.002144
0.004317
-0.014951
0.003815
0.000585
0.002300
-0.000191
-0.036699
-0.999326
1.955371
---
0.979338
0.018030
-0.003770
-0.201390
-0.002081
0.004182
-0.014946
0.004348
0.008954
0.006244
-0.000128
-0.036834
-0.999321
1.971486
---
0.979343
0.018131
-0.003745
-0.201358
-0.000032
0.002041
-0.011033
0.010560
0.005884
0.004366
-0.000032
-0.037021
-0.999314
1.988609
---
0.979348
0.018157
-0.003678
-0.201331
-0.002824
-0.002869
-0.011032
-0.006507
0.007313
0.009706
0.000106
-0.037048
-0.999314
2.005729
---
0.979341
0.018148
-0.003601
-0.201369
-0.002675
-0.002816
-0.011034
0.001792
0.009960
-0.013801
0.000254
-0.036996
-0.999315
2.022851
---
0.979339
0.018118
-0.003532
-0.201380
-0.000598
0.000197
-0.012014
-0.002906
0.008188
0.002833
0.000379
-0.036912
-0.999318
2.039973
---
0.979347
0.018041
-0.003442
-0.201352
-0.004362
-0.003520
-0.012021
-0.009237
0.010187
-0.000503
0.000521
-0.036723
-0.999325
2.057098
---
0.979347
0.017967
-0.003403
-0.201360
-0.004310
-0.003358
-0.012027
-0.009848
-0.009936
-0.001149
0.000573
-0.036561
-0.999331
2.074215
---
0.979345
0.017858
-0.003455
-0.201376
0.009210
-0.000237
-0.012034
-0.018852
-0.010502
0.002398
0.000421
-0.036370
-0.999338
2.091342
---
0.979346
0.017821
-0.003489
-0.201375
-0.002594
-0.000182
-0.014965
0.000770
0.005471
-0.001837
0.000336
-0.036315
-0.999340
2.107456
---
0.979348
0.017830
-0.003481
-0.201365
0.002313
0.001760
-0.011059
0.003433
0.002917
-0.005262
0.000360
-0.036326
-0.999340
2.124940
---
0.979344
0.017798
-0.003506
-0.201385
0.002250
0.001812
-0.011061
-0.003789
0.000708
-0.011575
0.000297
-0.036274
-0.999342
2.142065
---
0.979340
0.017783
-0.003500
-0.201405
0.000307
0.000866
-0.013015
0.003152
-0.002681
-0.002681
0.000307
-0.036243
-0.999343
2.159187
---
0.979346
0.017790
-0.003485
-0.201376
0.000339
0.000858
-0.009108
0.000586
0.000331
0.007249
0.000339
-0.036251
-0.999343
2.176309
---
0.979339
0.017803
-0.003538
-0.201410
0.000236
0.000813
-0.009107
-0.000831
-0.005789
-0.007558
0.000236
-0.036296
-0.999341
2.193433
---
0.979316
0.017887
-0.003527
-0.201512
-0.000680
0.002604
-0.016913
0.012111
0.003851
-0.016981
0.000297
-0.036458
-0.999335
2.209549
---
0.979307
0.017916
-0.003532
-0.201553
0.001285
0.003525
-0.011052
0.009051
-0.002705
-0.003959
0.000309
-0.036514
-0.999333
2.226610
---
0.979286
0.017993
-0.003525
-0.201653
0.001327
0.003378
-0.011046
0.005869
0.005734
-0.012031
0.000351
-0.036662
-0.999328
2.243761
---
0.979258
0.018039
-0.003571
-0.201779
0.003212
0.002292
-0.012996
0.005932
-0.012871
-0.014805
0.000282
-0.036770
-0.999324
2.260884
---
0.979249
0.018087
-0.003590
-0.201820
-0.003635
0.001211
-0.014945
0.006524
0.004009
0.003031
0.000271
-0.036875
-0.999320
2.278007
---
0.979243
0.018145
-0.003544
-0.201847
-0.003526
0.001116
-0.014941
0.007279
0.006235
-0.009062
0.000381
-0.036970
-0.999316
2.295127
---
0.979234
0.018202
-0.003532
-0.201886
0.001404
0.001989
-0.013961
0.003435
0.003049
-0.002950
0.000427
-0.037074
-0.999312
2.312245
---
0.979228
0.018239
-0.003481
-0.201910
0.000547
-0.001970
-0.015912
0.003412
0.002832
-0.006102
0.000547
-0.037127
-0.999310
2.329372
---
0.979230
0.018229
-0.003463
-0.201904
0.000575
-0.001944
-0.015913
-0.017771
0.000586
0.000528
0.000575
-0.037100
-0.999311
2.345485
---
0.979231
0.018161
-0.003453
-0.201905
-0.000400
-0.003758
-0.010059
-0.007270
0.002030
0.003565
0.000577
-0.036962
-0.999317
2.362548
---
0.979240
0.018131
-0.003374
-0.201862
-0.005152
0.000235
-0.018851
-0.004824
0.015030
0.005725
0.000707
-0.036874
-0.999320
2.379699
---
0.979252
0.018132
-0.003271
-0.201806
-0.004955
0.000275
-0.018852
-0.007671
0.005917
0.007640
0.000904
-0.036835
-0.999321
2.397463
---
0.979265
0.018100
-0.003241
-0.201747
-0.000017
-0.002578
-0.018855
-0.011125
0.003321
0.016432
0.000959
-0.036758
-0.999324
2.413579
---
0.979289
0.018090
-0.003207
-0.201634
-0.003864
0.000385
-0.013973
-0.005429
0.006381
0.014004
0.001019
-0.036724
-0.999325
2.430641
---
0.979297
0.018085
-0.003162
-0.201593
-0.003785
0.000415
-0.013974
0.000135
0.005038
0.004871
0.001098
-0.036695
-0.999326
2.447792
---
0.979299
0.018053
-0.003095
-0.201590
0.000238
-0.000475
-0.014954
-0.004518
0.009435
-0.012552
0.001215
-0.036608
-0.999329
2.465342
---
0.979315
0.018005
-0.003076
-0.201514
0.005133
-0.000373
-0.014958
-0.004557
-0.000496
0.005041
0.001227
-0.036506
-0.999333
2.481460
---
0.979306
0.018023
-0.003083
-0.201556
0.005128
-0.000410
-0.014956
0.001409
0.006668
0.001158
0.001222
-0.036543
-0.999331
2.498487
---
0.979300
0.018023
-0.003076
-0.201584
-0.002670
0.001545
-0.013980
0.003830
0.004074
-0.004145
0.001237
-0.036541
-0.999331
2.515640
---
0.979301
0.017938
-0.003069
-0.201589
0.002202
-0.004146
-0.010080
-0.011794
-0.004266
-0.007617
0.001226
-0.036372
-0.999338
2.533433
---
0.979309
0.017854
-0.003027
-0.201558
0.002245
-0.003964
-0.010086
-0.015418
0.004009
0.004433
0.001269
-0.036190
-0.999344
2.549552
---
0.979311
0.017741
-0.002975
-0.201562
-0.002577
-0.002745
-0.011072
-0.017115
0.001551
0.003798
0.001330
-0.035948
-0.999353
2.567341
---
0.979319
0.017720
-0.002937
-0.201526
-0.001547
0.002194
-0.013027
-0.008938
0.009901
0.014753
0.001383
-0.035892
-0.999355
2.583456
---
0.979328
0.017720
-0.002896
-0.201478
-0.002442
0.003188
-0.016933
0.008472
0.009935
-0.001464
0.001464
-0.035874
-0.999355
2.601431
---
0.979332
0.017757
-0.002831
-0.201458
-0.002299
0.003144
-0.016932
0.003220
-0.001614
0.003606
0.001608
-0.035918
-0.999353
2.617547
---
0.979346
0.017754
-0.002865
-0.201389
0.006418
0.000203
-0.013025
-0.001041
0.007308
0.004946
0.001535
-0.035930
-0.999353
2.651791
---
0.979351
0.017775
-0.002837
-0.201367
-0.002301
0.001149
-0.014000
0.000022
0.007008
-0.000933
0.001606
-0.035960
-0.999352
2.668916
---
0.979344
0.017773
-0.002886
-0.201396
0.002480
-0.000816
-0.013023
0.003512
-0.006366
-0.009101
0.001504
-0.035973
-0.999352
2.686038
---
0.979343
0.017735
-0.002947
-0.201403
0.002341
0.002160
-0.010096
0.005529
-0.019508
0.001414
0.001364
-0.035926
-0.999354
2.703465
---
0.979336
0.017754
-0.002952
-0.201436
0.002342
0.002121
-0.010094
0.004178
0.002670
-0.010515
0.001365
-0.035965
-0.999352
2.719579
---
0.979321
0.017743
-0.003049
-0.201509
0.007036
0.003080
-0.014977
0.001568
-0.017016
-0.008257
0.001177
-0.035982
-0.999352
2.736700
---
0.979318
0.017740
-0.003143
-0.201524
0.000993
0.001097
-0.013023
0.001805
-0.012808
-0.001265
0.000993
-0.036012
-0.999351
2.754615
---
0.979313
0.017739
-0.003220
-0.201549
0.000835
0.001064
-0.013022
0.002998
-0.009759
-0.001202
0.000835
-0.036045
-0.999350
2.770731
---
0.979312
0.017770
-0.003218
-0.201547
-0.002074
0.000031
-0.011067
0.001177
0.004237
0.008652
0.000856
-0.036102
-0.999348
2.788525
---
0.979315
0.017827
-0.003190
-0.201531
-0.003951
0.003835
-0.009110
0.005779
0.010049
-0.005578
0.000931
-0.036204
-0.999344
2.804641
---
0.979317
0.017893
-0.003171
-0.201517
-0.003888
0.003712
-0.009105
0.010191
-0.002487
0.010219
0.000994
-0.036327
-0.999340
2.821672
---
0.979318
0.018009
-0.003155
-0.201500
0.000097
0.003493
-0.015933
0.013439
0.006510
0.002296
0.001073
-0.036546
-0.999331
2.839158
---
0.979321
0.017984
-0.003186
-0.201485
0.001006
-0.003304
-0.009099
-0.002490
-0.003358
-0.007311
0.001006
-0.036507
-0.999333
2.856434
---
0.979326
0.017963
-0.003179
-0.201466
0.001009
-0.003265
-0.009100
0.003822
0.010782
0.006309
0.001009
-0.036468
-0.999334
2.873006
---
0.979329
0.018033
-0.003129
-0.201446
-0.004726
0.002480
-0.015932
0.008361
0.015328
-0.000566
0.001133
-0.036583
-0.999330
2.890434
---
0.979334
0.018068
-0.003095
-0.201418
0.001221
0.001452
-0.010070
0.005380
0.003490
0.008373
0.001221
-0.036634
-0.999328
2.906823
---
0.979339
0.018104
-0.003017
-0.201389
0.001377
0.001410
-0.010068
0.008910
0.001109
-0.002059
0.001377
-0.036676
-0.999326
2.924645
---
0.979331
0.018109
-0.003030
-0.201429
0.002336
0.001395
-0.016904
0.005121
-0.002580
-0.003082
0.001359
-0.036691
-0.999326
2.940763
---
0.979329
0.018186
-0.003054
-0.201434
0.003294
0.005139
-0.012015
0.005588
0.001559
-0.000925
0.001341
-0.036853
-0.999320
2.957795
---
0.979320
0.018211
-0.003066
-0.201473
0.003279
0.005087
-0.012013
0.000327
-0.004358
0.001544
0.001326
-0.036905
-0.999318
2.974947
---
0.979319
0.018235
-0.003093
-0.201476
-0.001640
0.000147
-0.013964
0.001377
0.004360
-0.007528
0.001289
-0.036963
-0.999316
2.992441
---
0.979319
0.018239
-0.003069
-0.201476
0.003289
-0.002782
-0.013964
-0.002694
0.002153
-0.005583
0.001336
-0.036961
-0.999316
3.008552
---
0.979318
0.018193
-0.003076
-0.201485
0.002280
-0.002693
-0.008108
-0.007621
-0.001347
0.004400
0.001303
-0.036873
-0.999319
3.025793
---
0.979319
0.018097
-0.003105
-0.201486
0.002192
-0.002515
-0.008115
-0.011983
-0.005878
0.001504
0.001216
-0.036695
-0.999326
3.042914
---
0.979312
0.018053
-0.003071
-0.201525
-0.002646
-0.002417
-0.011048
-0.007421
0.000642
-0.010976
0.001260
-0.036597
-0.999329
3.060435
---
0.979318
0.018017
-0.003047
-0.201500
0.001289
0.002544
-0.011051
-0.000603
-0.002823
0.002849
0.001289
-0.036519
-0.999332
3.076548
---
0.979330
0.017997
-0.003066
-0.201443
0.001248
0.002576
-0.011052
0.004460
-0.000161
0.003659
0.001248
-0.036486
-0.999333
3.093582
---
0.979333
0.017941
-0.003062
-0.201435
0.000245
-0.003172
-0.014963
-0.006943
0.001918
0.008120
0.001221
-0.036375
-0.999338
3.110735
---
0.979349
0.017840
-0.003086
-0.201364
0.003091
-0.002983
-0.009110
-0.014980
-0.008964
0.008751
0.001138
-0.036186
-0.999344
3.127762
---
0.979359
0.017749
-0.003107
-0.201323
0.003011
-0.002815
-0.009116
-0.011907
-0.002607
-0.007238
0.001058
-0.036018
-0.999351
3.144887
---
0.979368
0.017675
-0.003098
-0.201285
-0.000902
-0.001686
-0.010098
-0.007157
-0.004605
0.002990
0.001051
-0.035866
-0.999356
3.161949
---
0.979380
0.017576
-0.003098
-0.201237
-0.000948
-0.001496
-0.012058
-0.004950
-0.001749
0.005551
0.001005
-0.035676
-0.999363
3.179099
---
0.979391
0.017517
-0.003062
-0.201188
-0.000897
-0.001364
-0.012063
-0.014892
0.002711
0.005991
0.001056
-0.035544
-0.999368
3.196435
---
0.979393
0.017480
-0.003017
-0.201185
-0.001816
-0.000300
-0.013043
0.001413
0.008732
-0.008248
0.001114
-0.035456
-0.999371
3.212549
---
0.979401
0.017411
-0.003022
-0.201151
0.003035
0.000812
-0.009141
-0.009302
-0.009108
0.004157
0.001082
-0.035321
-0.999375
3.229582
---
0.979413
0.017426
-0.003010
-0.201091
0.003060
0.000787
-0.009140
0.010371
0.006745
0.007003
0.001107
-0.035346
-0.999375
3.246732
---
0.979422
0.017488
-0.002973
-0.201042
-0.001725
0.007514
-0.013043
0.003711
0.003988
0.002696
0.001205
-0.035454
-0.999371
3.264310
---
0.979431
0.017546
-0.002980
-0.200994
0.002197
0.005448
-0.007179
0.012691
0.001322
0.003863
0.001220
-0.035567
-0.999367
3.281435
---
0.979423
0.017617
-0.002998
-0.201024
0.002179
0.005302
-0.007174
0.001903
-0.001112
-0.005238
0.001203
-0.035714
-0.999361
3.298435
---
0.979418
0.017671
-0.003007
-0.201044
-0.000737
0.001286
-0.010100
0.007731
0.002605
0.000931
0.001216
-0.035823
-0.999357
3.314550
---
0.979414
0.017725
-0.003032
-0.201058
-0.000773
0.000191
-0.012049
0.000255
0.000632
0.002754
0.001180
-0.035942
-0.999353
3.332435
---
0.979420
0.017721
-0.003020
-0.201029
-0.000741
0.000206
-0.012049
0.003027
0.001052
0.005310
0.001212
-0.035926
-0.999354
3.348549
---
0.979424
0.017772
-0.002985
-0.201009
-0.001629
0.002074
-0.013999
0.000229
-0.002891
0.001749
0.001300
-0.036012
-0.999350
3.366344
---
0.979420
0.017769
-0.003003
-0.201024
0.007116
0.001095
-0.013022
0.001462
-0.000735
0.002118
0.001257
-0.036014
-0.999351
3.382368
---
0.979418
0.017757
-0.003064
-0.201035
0.006995
0.001094
-0.013022
-0.003513
-0.003800
-0.003939
0.001136
-0.036016
-0.999351
3.399397
---
0.979412
0.017697
-0.003164
-0.201071
0.005807
-0.004689
-0.007166
-0.001968
-0.012026
-0.001358
0.000924
-0.035939
-0.999354
3.416551
---
0.979397
0.017654
-0.003174
-0.201148
0.002829
0.002226
-0.011075
-0.005809
-0.010848
-0.007351
0.000876
-0.035860
-0.999357
3.434463
---
0.979398
0.017622
-0.003237
-0.201141
-0.000228
0.000313
-0.008147
-0.000217
-0.002935
-0.001768
0.000748
-0.035820
-0.999358
3.451099
---
0.979387
0.017604
-0.003237
-0.201201
-0.000233
0.000351
-0.008148
-0.002585
-0.001750
-0.013460
0.000744
-0.035782
-0.999359
3.468554
---
0.979386
0.017587
-0.003239
-0.201206
-0.001225
0.000381
-0.018892
0.007145
0.002673
0.007458
0.000729
-0.035752
-0.999360
3.485436
---
0.979381
0.017637
-0.003280
-0.201225
-0.003238
0.003193
-0.014981
0.005499
0.000737
-0.008139
0.000669
-0.035869
-0.999356
3.502438
---
0.979381
0.017650
-0.003250
-0.201223
-0.003171
0.003180
-0.014981
0.001706
0.004234
-0.000126
0.000736
-0.035882
-0.999356
3.518461
---
0.979380
0.017642
-0.003213
-0.201228
-0.002127
0.001258
-0.010099
0.002168
0.013289
-0.003769
0.000803
-0.035852
-0.999357
3.536070
---
0.979374
0.017692
-0.003153
-0.201254
-0.001008
0.001184
-0.009120
0.002480
0.007315
0.001100
0.000946
-0.035925
-0.999354
3.553320
---
0.979381
0.017686
-0.003105
-0.201223
-0.000913
0.001216
-0.009121
-0.007351
0.004694
0.008959
0.001041
-0.035893
-0.999355
3.569428
---
0.979374
0.017763
-0.003074
-0.201251
0.000142
0.007913
-0.013022
0.003959
0.009280
-0.010492
0.001118
-0.036032
-0.999350
3.586460
---
0.979370
0.017807
-0.003064
-0.201266
-0.001767
0.002949
-0.012042
0.007961
0.001619
0.000960
0.001162
-0.036114
-0.999347
3.603766
---
0.979385
0.017839
-0.003040
-0.201190
-0.001704
0.002894
-0.012040
-0.003142
-0.006804
0.013484
0.001226
-0.036168
-0.999345
3.621436
---
0.979385
0.017825
-0.003059
-0.201193
0.003133
0.002917
-0.005205
-0.000615
-0.003015
0.002195
0.001179
-0.036146
-0.999346
3.638069
---
0.979387
0.017773
-0.003143
-0.201187
0.010758
-0.001898
-0.013997
-0.004251
-0.008812
-0.002776
0.000992
-0.036077
-0.999349
3.655103
---
0.979389
0.017749
-0.003207
-0.201178
0.010624
-0.001879
-0.013998
-0.001701
-0.008513
0.001179
0.000859
-0.036058
-0.999349
3.672251
---
0.979379
0.017785
-0.003269
-0.201222
0.002705
0.003887
-0.008135
0.005335
-0.003501
-0.001201
0.000751
-0.036152
-0.999346
3.689437
---
0.979373
0.017840
-0.003316
-0.201244
0.003611
0.005713
-0.005201
0.012150
-0.010917
-0.007557
0.000681
-0.036279
-0.999341
3.705766
---
0.979373
0.017914
-0.003345
-0.201237
0.003577
0.005554
-0.005195
0.003189
0.000919
0.000027
0.000647
-0.036439
-0.999336
3.722797
---
0.979366
0.017920
-0.003425
-0.201267
0.002454
0.000630
-0.014959
0.003087
-0.014942
-0.006686
0.000501
-0.036480
-0.999334
3.740069
---
0.979352
0.017902
-0.003513
-0.201338
0.003247
-0.000350
-0.011053
-0.004058
-0.009204
0.000992
0.000318
-0.036483
-0.999334
3.757620
---
0.979349
0.017870
-0.003542
-0.201355
0.003191
-0.000295
-0.011055
-0.002644
-0.006562
-0.007315
0.000261
-0.036428
-0.999336
3.773733
---
0.979345
0.017779
-0.003565
-0.201380
0.001143
-0.005011
-0.014967
-0.009918
-0.010562
0.001914
0.000167
-0.036261
-0.999342
3.791129
---
0.979348
0.017763
-0.003601
-0.201368
0.003029
0.004773
-0.016921
0.005314
-0.004170
-0.001671
0.000099
-0.036242
-0.999343
3.808256
---
0.979350
0.017738
-0.003613
-0.201358
-0.000910
-0.000066
-0.009110
-0.000035
-0.001015
-0.002182
0.000067
-0.036199
-0.999345
3.825378
---
0.979354
0.017743
-0.003619
-0.201339
-0.000927
-0.000082
-0.009110
0.003626
-0.002078
0.013799
0.000049
-0.036215
-0.999344
3.841490
---
0.979356
0.017804
-0.003607
-0.201324
0.000094
0.002737
-0.011059
0.009938
0.004945
0.004074
0.000094
-0.036326
-0.999340
3.858524
---
0.979362
0.017781
-0.003598
-0.201297
-0.006727
-0.002099
-0.014967
-0.003415
0.006444
0.003091
0.000109
-0.036279
-0.999342
3.875674
---
0.979361
0.017761
-0.003553
-0.201306
-0.006644
-0.002040
-0.014969
-0.000815
0.002532
-0.004116
0.000192
-0.036220
-0.999344
3.893469
---
0.979363
0.017741
-0.003498
-0.201301
-0.003613
-0.001003
-0.017901
-0.002798
0.007834
-0.005289
0.000293
-0.036159
-0.999346
3.909583
---
0.979350
0.017749
-0.003427
-0.201362
-0.004448
0.002917
-0.013018
-0.000703
0.005695
-0.004031
0.000435
-0.036146
-0.999346
3.926614
---
0.979350
0.017744
-0.003312
-0.201366
-0.004228
0.002972
-0.013020
-0.003109
0.007659
-0.001901
0.000654
-0.036090
-0.999348
3.943768
---
0.979345
0.017709
-0.003294
-0.201394
0.002635
-0.000858
-0.009117
-0.003383
-0.000002
-0.000587
0.000682
-0.036014
-0.999351
3.961437
---
0.979345
0.017721
-0.003246
-0.201392
0.002725
0.005974
-0.014976
0.007289
-0.000916
0.000828
0.000772
-0.036019
-0.999351
3.977557
---
0.979338
0.017720
-0.003273
-0.201424
0.002679
0.005962
-0.014975
0.004759
-0.003294
-0.006566
0.000726
-0.036030
-0.999350
3.994889
---
0.979336
0.017703
-0.003312
-0.201438
0.000644
-0.003782
-0.009117
-0.004116
-0.002647
-0.003055
0.000644
-0.036008
-0.999351
4.012011
---
0.979339
0.017679
-0.003327
-0.201423
-0.001348
0.001142
-0.009118
-0.004367
-0.000278
0.000814
0.000605
-0.035967
-0.999353
4.029438
---
0.979337
0.017664
-0.003318
-0.201433
-0.001342
0.001172
-0.009120
-0.003059
0.004659
-0.002418
0.000611
-0.035937
-0.999354
4.045555
---
0.979337
0.017681
-0.003282
-0.201434
-0.000285
0.002129
-0.017908
0.004307
0.001235
-0.001711
0.000691
-0.035956
-0.999353
4.062617
---
0.979338
0.017715
-0.003278
-0.201427
-0.001243
-0.000863
-0.013999
-0.004487
0.003022
-0.001387
0.000710
-0.036019
-0.999351
4.079767
---
0.979343
0.017675
-0.003269
-0.201406
-0.001231
-0.000778
-0.014002
-0.004316
0.005373
0.010654
0.000722
-0.035935
-0.999354
4.097469
---
0.979350
0.017688
-0.003225
-0.201373
-0.000172
0.002139
-0.016932
0.002989
0.001465
0.004043
0.000804
-0.035947
-0.999353
4.113582
---
0.979336
0.017699
-0.003220
-0.201436
-0.001129
0.001147
-0.016931
-0.007974
0.002081
-0.001541
0.000825
-0.035962
-0.999353
4.130615
---
0.979336
0.017702
-0.003186
-0.201438
-0.001064
0.001152
-0.016931
0.005264
0.003286
-0.005641
0.000889
-0.035958
-0.999353
4.147741
---
0.979321
0.017746
-0.003150
-0.201506
0.000979
0.003034
-0.016928
0.005020
0.003144
-0.008921
0.000979
-0.036028
-0.999350
4.165348
---
0.979311
0.017824
-0.003160
-0.201551
0.001968
0.002876
-0.015946
0.010469
0.006601
-0.005196
0.000992
-0.036187
-0.999345
4.181467
---
0.979311
0.017855
-0.003223
-0.201545
0.001862
0.002792
-0.015943
0.012691
-0.009239
-0.010122
0.000885
-0.036271
-0.999342
4.198526
---
0.979302
0.017872
-0.003153
-0.201589
-0.000919
-0.003073
-0.011060
-0.008653
0.012404
-0.003370
0.001034
-0.036276
-0.999341
4.215677
---
0.979304
0.017799
-0.003143
-0.201587
0.003952
0.001957
-0.013018
-0.006285
-0.002956
0.010764
0.001022
-0.036129
-0.999347
4.233439
---
0.979301
0.017779
-0.003155
-0.201601
0.003907
0.001988
-0.013020
0.004850
0.000910
-0.001468
0.000977
-0.036098
-0.999348
4.249554
---
0.979294
0.017765
-0.003169
-0.201635
0.002907
-0.000918
-0.010091
-0.003729
-0.002665
0.001657
0.000954
-0.036074
-0.999349
4.267376
---
0.979300
0.017733
-0.003179
-0.201609
0.003844
0.002069
-0.006187
-0.002859
-0.004814
0.005886
0.000914
-0.036017
-0.999351
4.283495
---
0.979300
0.017734
-0.003193
-0.201611
-0.000080
0.000110
-0.010093
0.001499
0.015167
-0.003367
0.000896
-0.036023
-0.999351
4.301437
---
0.979310
0.017725
-0.003213
-0.201564
-0.000125
0.000120
-0.010093
0.001510
-0.006841
-0.004687
0.000851
-0.036013
-0.999351
4.317555
---
0.979313
0.017688
-0.003169
-0.201551
0.000924
-0.002720
-0.014979
-0.008184
0.000549
0.006317
0.000924
-0.035923
-0.999354
4.334582
---
0.979323
0.017639
-0.003136
-0.201510
0.000966
-0.000658
-0.017913
0.000054
0.005785
0.001324
0.000966
-0.035815
-0.999358
4.351740
---
0.979338
0.017612
-0.003134
-0.201436
0.000957
-0.000603
-0.017915
0.001420
0.000964
0.001706
0.000957
-0.035759
-0.999360
4.369443
---
0.979346
0.017632
-0.003148
-0.201395
0.005819
0.001306
-0.013030
0.001744
0.003255
0.009069
0.000936
-0.035803
-0.999358
4.385554
---
0.979356
0.017614
-0.003155
-0.201348
0.001888
-0.000615
-0.012055
-0.006501
-0.000400
0.004359
0.000912
-0.035771
-0.999360
4.402645
---
0.979353
0.017568
-0.003179
-0.201370
0.001826
-0.000536
-0.012058
-0.006682
-0.002049
-0.009468
0.000850
-0.035692
-0.999363
4.420440
---
0.979350
0.017555
-0.003213
-0.201381
0.001755
0.000453
-0.015965
0.004450
-0.005716
0.001962
0.000779
-0.035680
-0.999363
4.436981
---
0.979351
0.017553
-0.003197
-0.201379
-0.003102
-0.000512
-0.014988
-0.009103
-0.001256
0.006467
0.000805
-0.035668
-0.999363
4.454165
---
0.979346
0.017556
-0.003157
-0.201404
-0.003015
-0.000502
-0.014989
-0.001706
0.003460
-0.000440
0.000891
-0.035659
-0.999364
4.471289
---
0.979353
0.017504
-0.003186
-0.201374
0.008619
0.002516
-0.015969
-0.001070
-0.003879
-0.007223
0.000807
-0.035570
-0.999367
4.488410
---
0.979348
0.017509
-0.003162
-0.201400
-0.000120
0.002517
-0.014992
-0.002656
0.008520
-0.005434
0.000857
-0.035569
-0.999367
4.504644
---
0.979350
0.017554
-0.003183
-0.201384
-0.000143
0.002423
-0.014988
0.011491
-0.001317
0.001502
0.000833
-0.035663
-0.999363
4.521678
---
0.979346
0.017600
-0.003282
-0.201398
0.005540
0.006194
-0.012054
0.007540
-0.015835
-0.008679
0.000657
-0.035798
-0.999359
4.538983
---
0.979344
0.017648
-0.003361
-0.201403
-0.001424
-0.000765
-0.014003
0.004033
-0.002208
0.002141
0.000529
-0.035922
-0.999354
4.556440
---
0.979341
0.017667
-0.003345
-0.201414
-0.001392
-0.000796
-0.014002
0.003954
0.002651
-0.002749
0.000561
-0.035952
-0.999353
4.572552
---
0.979340
0.017692
-0.003336
-0.201420
-0.002338
0.000135
-0.014977
0.004142
0.000436
-0.000877
0.000591
-0.035998
-0.999352
4.590441
---
0.979351
0.017706
-0.003323
-0.201365
-0.002316
-0.000863
-0.015952
-0.004864
0.000339
0.004333
0.000614
-0.036020
-0.999351
4.606649
---
0.979350
0.017727
-0.003287
-0.201368
-0.000283
0.003993
-0.013998
0.001933
0.010939
-0.009639
0.000694
-0.036046
-0.999350
4.624417
---
0.979351
0.017738
-0.003303
-0.201363
-0.000301
0.003965
-0.013997
0.000618
0.001051
0.002186
0.000676
-0.036074
-0.999349
4.640986
---
0.979344
0.017791
-0.003318
-0.201390
-0.001289
0.003856
-0.013993
0.006371
0.001652
-0.012552
0.000664
-0.036183
-0.999345
4.658014
---
0.979329
0.017819
-0.003275
-0.201463
0.005639
0.004795
-0.011062
0.006112
-0.000111
-0.009852
0.000756
-0.036221
-0.999344
4.675167
---
0.979324
0.017873
-0.003296
-0.201478
0.005627
0.004681
-0.011058
0.003371
-0.001299
-0.004836
0.000745
-0.036335
-0.999339
4.692470
---
0.979322
0.017941
-0.003314
-0.201484
0.001715
0.003561
-0.013983
0.010601
-0.003182
0.006181
0.000739
-0.036478
-0.999334
4.708587
---
0.979326
0.017951
-0.003345
-0.201464
0.003604
0.003531
-0.013005
-0.004491
0.004133
0.002223
0.000675
-0.036508
-0.999333
4.726441
---
0.979323
0.017985
-0.003372
-0.201472
0.003574
0.003456
-0.013002
0.002725
-0.004310
0.001644
0.000645
-0.036583
-0.999330
4.742555
---
0.979333
0.017975
-0.003381
-0.201426
0.002572
-0.002390
-0.013003
0.001240
-0.008633
0.007747
0.000619
-0.036570
-0.999331
4.760409
---
0.979340
0.017920
-0.003416
-0.201396
0.002476
-0.003274
-0.012030
-0.013929
-0.004040
0.003075
0.000523
-0.036477
-0.999334
4.776527
---
0.979337
0.017885
-0.003414
-0.201416
0.002466
-0.003204
-0.012032
-0.002667
0.006978
-0.000004
0.000512
-0.036407
-0.999337
4.794318
---
0.979333
0.017890
-0.003420
-0.201434
0.006360
0.002642
-0.008126
0.003267
-0.005521
-0.002961
0.000501
-0.036421
-0.999336
4.810433
---
0.979322
0.017872
-0.003474
-0.201488
-0.000581
-0.002229
-0.011056
-0.004028
-0.000539
0.006553
0.000395
-0.036408
-0.999337
4.828453
---
0.979325
0.017867
-0.003506
-0.201473
-0.000645
-0.002228
-0.011056
0.002151
-0.001581
0.012635
0.000332
-0.036408
-0.999337
4.844556
---
0.979327
0.017875
-0.003474
-0.201463
-0.005466
0.001673
-0.011056
0.000886
0.002053
-0.001771
0.000394
-0.036412
-0.999337
4.861435
---
0.979314
0.017889
-0.003440
-0.201526
-0.003429
0.001662
-0.012032
-0.000032
0.002245
-0.008890
0.000477
-0.036424
-0.999336
4.878559
---
0.979316
0.017921
-0.003418
-0.201514
-0.003391
0.001606
-0.012030
-0.000394
-0.000773
0.009046
0.000515
-0.036480
-0.999334
4.896439
---
0.979322
0.017978
-0.003385
-0.201479
-0.003298
0.000532
-0.013003
0.007980
0.013816
0.000296
0.000608
-0.036577
-0.999331
4.912560
---
0.979341
0.017950
-0.003323
-0.201391
-0.002214
-0.000367
-0.013982
-0.001752
0.000780
0.012398
0.000716
-0.036499
-0.999334
4.929622
---
0.979342
0.017957
-0.003255
-0.201386
-0.002086
-0.000353
-0.013982
0.001916
0.006187
0.004604
0.000844
-0.036486
-0.999334
4.946771
---
0.979342
0.017969
-0.003216
-0.201387
0.002886
-0.000358
-0.014959
0.001878
0.008454
0.009544
0.000933
-0.036491
-0.999334
4.964347
---
0.979333
0.017968
-0.003250
-0.201429
0.006727
0.002559
-0.011052
0.006062
-0.007309
-0.015681
0.000867
-0.036504
-0.999333
4.980472
---
0.979331
0.017993
-0.003269
-0.201437
0.006708
0.002504
-0.011050
0.001943
0.007434
0.001713
0.000848
-0.036559
-0.999331
4.998472
---
0.979333
0.017957
-0.003239
-0.201431
0.001862
0.000633
-0.014959
-0.005321
0.001210
-0.003190
0.000885
-0.036476
-0.999334
5.014586
---
0.979330
0.017887
-0.003294
-0.201450
0.006611
-0.005115
-0.013010
-0.005951
-0.013671
-0.010069
0.000752
-0.036365
-0.999338
5.032411
---
0.979324
0.017847
-0.003343
-0.201480
0.006502
-0.005055
-0.013012
-0.003376
-0.005064
-0.011399
0.000643
-0.036305
-0.999341
5.048525
---
0.979317
0.017830
-0.003398
-0.201516
0.002484
0.003747
-0.010083
0.001589
-0.007344
-0.000086
0.000531
-0.036292
-0.999341
5.066350
---
0.979303
0.017864
-0.003381
-0.201583
-0.008201
0.001734
-0.012034
0.008944
0.008033
-0.007958
0.000588
-0.036352
-0.999339
5.082467
---
0.979311
0.017936
-0.003350
-0.201539
0.003597
0.007461
-0.010076
0.005609
-0.004491
0.002968
0.000667
-0.036484
-0.999334
5.100442
---
0.979308
0.017961
-0.003400
-0.201549
0.003510
0.007395
-0.010074
0.005472
0.006714
0.004476
0.000580
-0.036550
-0.999332
5.116559
---
0.979302
0.018002
-0.003372
-0.201576
-0.000324
0.000487
-0.013977
0.009170
0.005656
-0.009704
0.000653
-0.036622
-0.999329
5.133589
---
0.979305
0.018058
-0.003321
-0.201555
-0.002154
0.001380
-0.014951
0.001106
0.004755
0.006561
0.000776
-0.036706
-0.999326
5.150743
---
0.979304
0.018060
-0.003307
-0.201559
-0.002127
0.001379
-0.014951
-0.007527
0.003393
-0.000328
0.000803
-0.036707
-0.999326
5.168443
---
0.979303
0.018125
-0.003321
-0.201558
-0.003108
0.005154
-0.012016
0.008249
0.004138
-0.000305
0.000798
-0.036838
-0.999321
5.184558
---
0.979298
0.018172
-0.003291
-0.201579
-0.005962
0.001165
-0.013966
0.000293
0.009260
-0.005723
0.000874
-0.036921
-0.999318
5.201738
---
0.979295
0.018203
-0.003239
-0.201590
-0.005843
0.001127
-0.013965
-0.001069
0.005361
0.001905
0.000993
-0.036959
-0.999316
5.218804
---
0.979284
0.018241
-0.003225
-0.201641
0.002018
0.001058
-0.015915
0.004370
-0.002949
-0.001022
0.001041
-0.037028
-0.999314
5.235893
---
0.979270
0.018209
-0.003266
-0.201713
-0.001007
0.001104
-0.017870
-0.005780
-0.001528
-0.000093
0.000946
-0.036982
-0.999316
5.253016
---
0.979266
0.018238
-0.003248
-0.201730
-0.000957
0.001054
-0.017868
0.003936
-0.002841
-0.002517
0.000996
-0.037032
-0.999314
5.270138
---
0.979266
0.018290
-0.003225
-0.201728
-0.004796
0.000962
-0.017865
0.005253
0.003718
0.005800
0.001063
-0.037124
-0.999310
5.287171
---
0.979268
0.018317
-0.003202
-0.201715
0.001111
0.000917
-0.010051
0.002994
0.004329
-0.001284
0.001111
-0.037169
-0.999308
5.304567
---
0.979261
0.018320
-0.003164
-0.201746
0.001197
0.000928
-0.010051
-0.004397
-0.000711
-0.003695
0.001197
-0.037158
-0.999309
5.321443
---
0.979253
0.018316
-0.003195
-0.201787
0.004062
0.000922
-0.010051
-0.000317
-0.010358
0.001472
0.001133
-0.037164
-0.999309
5.337557
---
0.979252
0.018334
-0.003255
-0.201790
0.000045
0.004772
-0.015908
0.006233
-0.007345
0.002586
0.001022
-0.037220
-0.999307
5.354591
---
0.979246
0.018369
-0.003241
-0.201814
0.000085
0.004709
-0.015906
0.003649
0.007332
-0.004390
0.001062
-0.037283
-0.999304
5.371740
---
0.979249
0.018395
-0.003321
-0.201798
0.005803
0.004626
-0.010043
0.004588
-0.003381
0.005687
0.000921
-0.037367
-0.999301
5.389474
---
0.979249
0.018431
-0.003347
-0.201793
-0.003030
-0.000340
-0.015900
0.010150
-0.000434
0.004258
0.000876
-0.037449
-0.999298
5.405586
---
0.979253
0.018470
-0.003330
-0.201768
-0.002973
-0.000407
-0.015897
0.000811
0.002646
-0.003251
0.000934
-0.037516
-0.999296
5.422652
---
0.979259
0.018429
-0.003359
-0.201746
0.001834
-0.001319
-0.015900
-0.001512
-0.003370
0.006442
0.000857
-0.037452
-0.999298
5.439893
---
0.979260
0.018429
-0.003365
-0.201738
0.002793
-0.000344
-0.015900
-0.002190
-0.004765
0.003763
0.000840
-0.037453
-0.999298
5.457412
---
0.979260
0.018444
-0.003403
-0.201738
0.002724
-0.000388
-0.015898
0.002971
-0.005381
-0.003545
0.000771
-0.037498
-0.999296
5.473526
---
0.979255
0.018439
-0.003418
-0.201760
-0.000227
0.002548
-0.012969
0.001761
0.003183
-0.010267
0.000750
-0.037491
-0.999297
5.490650
---
0.979251
0.018419
-0.003416
-0.201782
0.001713
0.002586
-0.011993
-0.005704
-0.002294
0.000645
0.000737
-0.037453
-0.999298
5.507771
---
0.979248
0.018429
-0.003459
-0.201796
0.001642
0.002551
-0.011992
0.008149
0.005157
-0.002731
0.000665
-0.037488
-0.999297
5.525443
---
0.979246
0.018480
-0.003466
-0.201801
-0.003231
0.005376
-0.013941
0.006697
0.005073
-0.003696
0.000675
-0.037593
-0.999293
5.541559
---
0.979242
0.018523
-0.003442
-0.201815
-0.005127
-0.001534
-0.014915
-0.000196
0.004975
0.003191
0.000732
-0.037667
-0.999290
5.558589
---
0.979243
0.018510
-0.003427
-0.201813
0.001733
-0.000526
-0.015893
-0.002170
-0.001135
0.012531
0.000757
-0.037635
-0.999291
5.575741
---
0.979245
0.018487
-0.003427
-0.201808
0.001722
-0.000481
-0.015895
-0.003308
-0.002296
0.008671
0.000745
-0.037590
-0.999293
5.593472
---
0.979249
0.018469
-0.003446
-0.201786
0.004611
0.005405
-0.011013
-0.000443
0.001959
0.003348
0.000705
-0.037563
-0.999294
5.609587
---
0.979257
0.018507
-0.003459
-0.201748
-0.000285
-0.001510
-0.014916
0.004283
-0.000646
0.009946
0.000692
-0.037643
-0.999291
5.626620
---
0.979264
0.018491
-0.003506
-0.201713
-0.000388
-0.001499
-0.014917
-0.000606
-0.010331
0.001301
0.000589
-0.037631
-0.999292
5.643771
---
0.979261
0.018515
-0.003532
-0.201723
0.000552
0.002351
-0.014914
0.002246
-0.000185
-0.013449
0.000552
-0.037688
-0.999289
5.661442
---
0.979250
0.018562
-0.003506
-0.201773
0.002577
0.000316
-0.008075
0.003065
0.012945
-0.008614
0.000624
-0.037770
-0.999286
5.677558
---
0.979244
0.018586
-0.003538
-0.201801
0.002523
0.000257
-0.008073
0.005406
-0.007875
-0.004924
0.000570
-0.037829
-0.999284
5.694954
---
0.979245
0.018583
-0.003534
-0.201798
-0.001380
-0.000713
-0.013933
0.000769
-0.003523
-0.002340
0.000573
-0.037822
-0.999284
5.712076
---
0.979247
0.018492
-0.003527
-0.201794
0.000555
-0.007370
-0.018822
-0.015669
0.001462
0.001737
0.000555
-0.037643
-0.999291
5.729412
---
0.979247
0.018421
-0.003559
-0.201800
0.000462
-0.007243
-0.018827
-0.014177
-0.007023
-0.002028
0.000462
-0.037516
-0.999296
5.745527
---
0.979243
0.018427
-0.003613
-0.201820
0.003288
0.002490
-0.014920
-0.001675
-0.003558
-0.001607
0.000358
-0.037549
-0.999295
5.762560
---
0.979233
0.018408
-0.003609
-0.201868
-0.005502
-0.002354
-0.011992
0.002333
-0.001197
-0.010388
0.000357
-0.037510
-0.999296
5.779709
---
0.979211
0.018408
-0.003586
-0.201977
-0.005448
-0.002343
-0.011992
-0.002852
0.000669
-0.011493
0.000412
-0.037499
-0.999297
5.797443
---
0.979199
0.018409
-0.003542
-0.202034
-0.000476
0.002554
-0.011992
0.002056
-0.005527
0.002117
0.000501
-0.037485
-0.999297
5.813558
---
0.979195
0.018395
-0.003532
-0.202053
-0.000461
0.000633
-0.016876
0.000968
0.003848
0.000842
0.000516
-0.037453
-0.999298
5.830592
---
0.979183
0.018408
-0.003513
-0.202113
-0.000420
0.000614
-0.016876
0.004269
0.000722
-0.006079
0.000556
-0.037472
-0.999298
5.847741
---
0.979182
0.018427
-0.003527
-0.202117
0.002483
0.003500
-0.010038
-0.000738
-0.001621
0.006263
0.000530
-0.037516
-0.999296
5.865322
---
0.979182
0.018448
-0.003557
-0.202113
0.002436
0.002471
-0.015896
0.004478
-0.000095
-0.007380
0.000483
-0.037568
-0.999294
5.881439
---
0.979181
0.018454
-0.003565
-0.202117
0.002427
0.002458
-0.015895
0.002791
-0.002640
0.003771
0.000474
-0.037581
-0.999294
5.898498
---
0.979188
0.018465
-0.003517
-0.202082
0.001544
0.000500
-0.011012
-0.002154
0.009470
0.006087
0.000567
-0.037585
-0.999293
5.915650
---
0.979183
0.018496
-0.003582
-0.202104
0.005347
0.005298
-0.015892
0.003455
-0.007346
-0.001322
0.000464
-0.037671
-0.999290
5.933443
---
0.979183
0.018487
-0.003654
-0.202101
0.005198
0.005288
-0.015891
-0.004016
-0.008698
0.003073
0.000315
-0.037681
-0.999290
5.949558
---
0.979183
0.018521
-0.003658
-0.202099
-0.000653
-0.001617
-0.016865
0.005699
-0.002570
-0.006720
0.000324
-0.037750
-0.999287
5.967383
---
0.979176
0.018513
-0.003638
-0.202135
-0.001593
-0.004522
-0.016866
-0.001129
0.000073
-0.000463
0.000360
-0.037725
-0.999288
5.983409
---
0.979169
0.018503
-0.003571
-0.202172
-0.001474
0.006264
-0.015891
0.006319
0.012897
-0.001975
0.000479
-0.037681
-0.999290
6.000436
---
0.979171
0.018504
-0.003586
-0.202162
-0.001503
0.006255
-0.015891
-0.002305
-0.000524
0.005332
0.000451
-0.037690
-0.999289
6.017558
---
0.979166
0.018464
-0.003605
-0.202189
0.005283
-0.002462
-0.013941
-0.003507
-0.003814
0.006641
0.000401
-0.037618
-0.999292
6.034589
---
0.979177
0.018455
-0.003627
-0.202137
0.001326
-0.004405
-0.011988
0.002505
-0.011025
0.003254
0.000349
-0.037609
-0.999293
6.052414
---
0.979172
0.018429
-0.003623
-0.202162
0.001332
-0.004353
-0.011990
-0.004765
0.002446
-0.009830
0.000356
-0.037556
-0.999294
6.068435
---
0.979167
0.018398
-0.003613
-0.202191
-0.000610
-0.000380
-0.011992
-0.006571
0.005380
-0.000722
0.000366
-0.037489
-0.999297
6.085558
---
0.979170
0.018350
-0.003638
-0.202178
0.001267
0.004585
-0.012972
0.001034
-0.001710
0.002483
0.000291
-0.037407
-0.999300
6.103445
---
0.979173
0.018367
-0.003611
-0.202162
0.001332
0.004563
-0.012971
0.003437
0.006753
-0.004682
0.000355
-0.037429
-0.999299
6.120444
---
0.979159
0.018406
-0.003648
-0.202226
0.001275
0.001542
-0.013944
0.008145
-0.009390
-0.008052
0.000299
-0.037521
-0.999296
6.136803
---
0.979159
0.018427
-0.003656
-0.202225
0.007130
-0.000456
-0.012966
-0.006669
-0.000114
0.001204
0.000294
-0.037565
-0.999294
6.154443
---
0.979162
0.018414
-0.003668
-0.202211
0.007099
-0.000438
-0.012967
0.001972
0.001148
0.004177
0.000263
-0.037547
-0.999295
6.170560
---
0.979155
0.018482
-0.003629
-0.202240
-0.006473
0.006284
-0.014916
0.006880
0.001324
-0.003034
0.000363
-0.037661
-0.999291
6.188445
---
0.979156
0.018555
-0.003609
-0.202226
-0.002496
0.003217
-0.018817
0.008174
0.003416
0.001662
0.000434
-0.037799
-0.999285
6.204558
---
0.979150
0.018606
-0.003598
-0.202252
-0.002448
0.003125
-0.018813
0.003776
0.006490
-0.010608
0.000482
-0.037890
-0.999282
6.222598
---
0.979150
0.018660
-0.003603
-0.202250
-0.002443
0.004971
-0.020762
0.006030
0.001519
-0.007624
0.000487
-0.037998
-0.999278
6.238742
---
0.979144
0.018683
-0.003576
-0.202275
0.001529
0.001028
-0.014901
0.000399
0.004886
-0.002647
0.000552
-0.038035
-0.999276
6.256414
---
0.979144
0.018725
-0.003557
-0.202273
0.001582
0.000955
-0.014898
0.007636
0.004811
-0.000204
0.000606
-0.038108
-0.999273
6.272527
---
0.979148
0.018694
-0.003586
-0.202256
-0.001421
-0.000951
-0.012947
0.003542
-0.005808
-0.005253
0.000532
-0.038060
-0.999275
6.290445
---
0.979143
0.018672
-0.003582
-0.202281
-0.001414
-0.004809
-0.014902
-0.007294
0.001270
0.002836
0.000539
-0.038012
-0.999277
6.306560
---
0.979140
0.018601
-0.003561
-0.202300
0.002506
-0.005639
-0.015884
-0.006937
-0.002692
-0.003423
0.000553
-0.037866
-0.999283
6.325420
---
0.979136
0.018517
-0.003546
-0.202328
0.002501
-0.005471
-0.015891
-0.006636
-0.000160
-0.002649
0.000548
-0.037697
-0.999289
6.340529
---
0.979136
0.018472
-0.003548
-0.202333
-0.003382
-0.009290
-0.013941
-0.004850
0.003080
-0.004342
0.000524
-0.037611
-0.999292
6.357563
---
0.979135
0.018373
-0.003510
-0.202350
-0.003347
-0.009080
-0.013949
-0.006545
0.000344
-0.003102
0.000559
-0.037400
-0.999300
6.374713
---
0.979138
0.018286
-0.003487
-0.202340
-0.001392
0.001840
-0.011026
-0.001322
-0.002063
-0.007654
0.000562
-0.037223
-0.999307
6.392476
---
0.979136
0.018254
-0.003472
-0.202354
0.002539
-0.002972
-0.015911
-0.003566
0.005160
0.001156
0.000586
-0.037152
-0.999309
6.408590
---
0.979135
0.018244
-0.003468
-0.202359
0.002540
-0.002952
-0.012982
-0.000495
0.002653
0.003434
0.000587
-0.037132
-0.999310
6.426446
---
0.979141
0.018220
-0.003510
-0.202335
0.002442
-0.002921
-0.012983
-0.006569
-0.003392
0.003713
0.000489
-0.037101
-0.999311
6.442558
---
0.979139
0.018168
-0.003500
-0.202349
0.000500
-0.000864
-0.014940
-0.001114
0.004770
-0.000902
0.000500
-0.036997
-0.999315
6.459683
---
0.979142
0.018137
-0.003510
-0.202338
0.004370
-0.002760
-0.012013
-0.002369
-0.006043
-0.002428
0.000464
-0.036939
-0.999317
6.476803
---
0.979118
0.018094
-0.003527
-0.202457
0.004328
-0.002679
-0.012016
-0.008351
-0.003544
-0.011891
0.000421
-0.036859
-0.999320
6.493925
---
0.979111
0.018094
-0.003584
-0.202487
0.003238
0.001203
-0.011038
0.001652
-0.002231
-0.007357
0.000309
-0.036883
-0.999320
6.511048
---
0.979106
0.018053
-0.003584
-0.202515
0.000295
0.002258
-0.013971
-0.006746
0.002156
0.009925
0.000295
-0.036804
-0.999322
6.528904
---
0.979120
0.018028
-0.003594
-0.202449
0.000253
0.002305
-0.013973
-0.002553
-0.000917
0.006627
0.000253
-0.036758
-0.999324
6.545020
---
0.979113
0.018038
-0.003646
-0.202481
0.005050
0.003240
-0.016901
0.002303
-0.011846
-0.000449
0.000167
-0.036799
-0.999323
6.562050
---
0.979115
0.018045
-0.003693
-0.202471
0.001052
0.010042
-0.011040
0.012666
-0.004670
-0.006842
0.000075
-0.036833
-0.999321
6.579200
---
0.979108
0.018094
-0.003743
-0.202499
0.000976
0.009927
-0.011036
0.006121
-0.000372
-0.004355
-0.000001
-0.036948
-0.999317
6.596415
---
0.979109
0.018145
-0.003770
-0.202491
0.002890
0.003956
-0.019821
0.010849
-0.010180
-0.001163
-0.000039
-0.037060
-0.999313
6.612531
---
0.979101
0.018156
-0.003790
-0.202527
0.004814
-0.001931
-0.016890
-0.001160
-0.005000
0.001468
-0.000069
-0.037088
-0.999312
6.629895
---
0.979093
0.018143
-0.003804
-0.202568
0.004788
-0.001911
-0.016891
0.001613
0.002912
-0.003412
-0.000095
-0.037067
-0.999313
6.647019
---
0.979091
0.018103
-0.003808
-0.202580
-0.000122
-0.002813
-0.009081
-0.011770
-0.001918
-0.007417
-0.000122
-0.036992
-0.999316
6.664324
---
0.979097
0.018059
-0.003788
-0.202553
0.001851
-0.003696
-0.016897
-0.005477
0.007504
0.008583
-0.000103
-0.036899
-0.999319
6.680442
---
0.979105
0.017988
-0.003825
-0.202520
0.001748
-0.003573
-0.016902
-0.001263
-0.007732
0.005833
-0.000205
-0.036776
-0.999324
6.698140
---
0.979112
0.017933
-0.003839
-0.202495
0.004631
-0.002493
-0.011046
-0.012141
-0.001521
0.003296
-0.000252
-0.036673
-0.999327
6.715264
---
0.979119
0.017857
-0.003856
-0.202464
-0.002281
-0.000396
-0.015934
0.001148
-0.007725
0.009624
-0.000328
-0.036529
-0.999333
6.732416
---
0.979113
0.017860
-0.003946
-0.202491
-0.002445
-0.000439
-0.015932
-0.000698
-0.011001
-0.000737
-0.000492
-0.036572
-0.999331
6.748530
---
0.979123
0.017812
-0.003946
-0.202448
0.004370
0.001606
-0.016912
-0.007926
-0.001175
0.018004
-0.000513
-0.036480
-0.999334
6.766172
---
0.979134
0.017764
-0.003923
-0.202399
0.000482
-0.001219
-0.014963
-0.008821
-0.001427
0.004189
-0.000495
-0.036375
-0.999338
6.783204
---
0.979130
0.017758
-0.003899
-0.202418
0.003458
0.002710
-0.015940
0.002128
-0.007269
-0.009646
-0.000449
-0.036353
-0.999339
6.800414
---
0.979138
0.017756
-0.003901
-0.202380
0.003452
0.002710
-0.015941
0.002136
0.000155
-0.002202
-0.000454
-0.036353
-0.999339
6.816532
---
0.979142
0.017740
-0.003874
-0.202364
0.004477
-0.000176
-0.013989
-0.004066
0.004851
0.003668
-0.000406
-0.036309
-0.999341
6.833562
---
0.979138
0.017747
-0.003854
-0.202382
0.004519
-0.000179
-0.013989
-0.002309
0.006928
0.000350
-0.000364
-0.036312
-0.999340
6.850593
---
0.979133
0.017749
-0.003879
-0.202407
0.001537
-0.002151
-0.013988
-0.001108
-0.001619
-0.000074
-0.000416
-0.036331
-0.999340
6.868414
---
0.979139
0.017745
-0.003819
-0.202381
-0.000301
0.003742
-0.010083
-0.001002
-0.003262
0.007692
-0.000301
-0.036297
-0.999341
6.884444
---
0.979138
0.017773
-0.003812
-0.202379
-0.002222
0.000763
-0.015941
0.000088
0.007268
-0.002962
-0.000269
-0.036346
-0.999339
6.901683
---
0.979139
0.017734
-0.003804
-0.202382
-0.002224
0.000841
-0.015944
-0.004718
0.001102
0.002073
-0.000271
-0.036268
-0.999342
6.919080
---
0.979138
0.017717
-0.003827
-0.202386
0.003578
-0.001089
-0.009109
0.001568
-0.001511
-0.001451
-0.000328
-0.036245
-0.999343
6.936721
---
0.979144
0.017678
-0.003806
-0.202361
-0.004206
0.001926
-0.016924
-0.004755
0.010639
0.007541
-0.000300
-0.036160
-0.999346
6.953386
---
0.979144
0.017698
-0.003806
-0.202359
-0.004197
0.001888
-0.016923
0.002550
0.002058
-0.008128
-0.000291
-0.036198
-0.999345
6.969471
---
0.979138
0.017707
-0.003751
-0.202391
-0.003108
0.002866
-0.013017
0.001673
-0.000498
0.003316
-0.000179
-0.036196
-0.999345
6.986504
---
0.979139
0.017683
-0.003733
-0.202388
0.002775
-0.001962
-0.011065
-0.006802
-0.005041
0.005489
-0.000154
-0.036142
-0.999347
7.004446
---
0.979142
0.017693
-0.003703
-0.202371
0.002836
-0.001969
-0.011065
-0.003933
0.001095
0.008611
-0.000094
-0.036149
-0.999346
7.021447
---
0.979144
0.017682
-0.003680
-0.202361
-0.003959
0.000016
-0.013020
0.001026
0.002273
-0.005115
-0.000052
-0.036117
-0.999348
7.037714
---
0.979151
0.017645
-0.003640
-0.202334
0.000013
-0.000870
-0.015952
-0.004618
-0.003795
0.015548
0.000013
-0.036026
-0.999351
7.054747
---
0.979149
0.017620
-0.003646
-0.202346
-0.000016
-0.000828
-0.015954
-0.013494
-0.003910
0.007256
-0.000016
-0.035984
-0.999352
7.072418
---
0.979157
0.017565
-0.003705
-0.202309
0.005712
0.000235
-0.012051
-0.002288
-0.003682
0.011080
-0.000147
-0.035898
-0.999355
7.089415
---
0.979152
0.017573
-0.003713
-0.202331
0.004726
0.004122
-0.015956
0.006842
-0.000886
-0.001189
-0.000157
-0.035917
-0.999355
7.105532
---
0.979146
0.017599
-0.003729
-0.202359
0.004706
0.004066
-0.015954
0.005210
-0.006451
-0.017060
-0.000176
-0.035973
-0.999353
7.122564
---
0.979143
0.017620
-0.003723
-0.202373
0.002769
0.003050
-0.014000
0.000240
0.004591
-0.009321
-0.000160
-0.036013
-0.999351
7.139745
---
0.979141
0.017645
-0.003745
-0.202379
0.002729
0.004943
-0.013998
-0.002840
-0.003511
0.001608
-0.000201
-0.036073
-0.999349
7.157447
---
0.979142
0.017667
-0.003780
-0.202372
0.002681
0.004887
-0.013996
0.003985
-0.001311
-0.000734
-0.000249
-0.036128
-0.999347
7.173563
---
0.979140
0.017671
-0.003760
-0.202382
0.002715
0.000005
-0.008136
-0.000949
-0.005093
0.000060
-0.000215
-0.036128
-0.999347
7.191328
---
0.979139
0.017707
-0.003782
-0.202382
-0.003168
0.003832
-0.013016
-0.001308
-0.007621
0.004876
-0.000238
-0.036207
-0.999344
7.207443
---
0.979138
0.017677
-0.003800
-0.202390
-0.003220
0.003883
-0.013018
-0.006979
-0.007586
0.001517
-0.000291
-0.036156
-0.999346
7.225450
---
0.979134
0.017651
-0.003768
-0.202412
0.000737
-0.004844
-0.018880
-0.001968
0.007063
-0.003108
-0.000239
-0.036094
-0.999348
7.241567
---
0.979135
0.017618
-0.003747
-0.202412
0.000774
-0.004767
-0.016929
-0.003571
-0.002156
-0.000683
-0.000202
-0.036017
-0.999351
7.258655
---
0.979139
0.017588
-0.003749
-0.202395
0.002708
-0.005687
-0.018884
-0.005802
0.001267
0.006580
-0.000222
-0.035960
-0.999353
7.275777
---
0.979133
0.017518
-0.003778
-0.202427
0.002627
-0.005561
-0.018889
-0.005602
-0.005944
0.001455
-0.000302
-0.035834
-0.999358
7.293206
---
0.979130
0.017523
-0.003810
-0.202443
0.000613
0.006135
-0.021818
0.005993
0.000543
-0.006188
-0.000364
-0.035857
-0.999357
7.310325
---
0.979122
0.017523
-0.003794
-0.202481
-0.003265
0.006138
-0.010099
0.005064
0.009565
-0.003543
-0.000335
-0.035855
-0.999357
7.326383
---
0.979125
0.017579
-0.003762
-0.202460
-0.003183
0.006043
-0.010096
0.006123
0.006994
0.006147
-0.000253
-0.035949
-0.999354
7.343533
---
0.979130
0.017563
-0.003741
-0.202438
0.004662
0.000221
-0.014980
-0.000521
0.010758
0.006425
-0.000221
-0.035912
-0.999355
7.361418
---
0.979123
0.017571
-0.003749
-0.202475
0.005627
0.002159
-0.014979
0.000535
0.002535
-0.002471
-0.000232
-0.035927
-0.999354
7.377535
---
0.979129
0.017585
-0.003814
-0.202441
0.005509
0.002104
-0.014977
0.007836
-0.004724
0.005418
-0.000350
-0.035981
-0.999352
7.394597
---
0.979122
0.017573
-0.003821
-0.202475
-0.002321
-0.001783
-0.014978
-0.005417
-0.005479
-0.004561
-0.000368
-0.035963
-0.999353
7.411747
---
0.979107
0.017579
-0.003806
-0.202550
0.000642
-0.001784
-0.006189
0.000365
0.006589
-0.005581
-0.000334
-0.035964
-0.999353
7.429449
---
0.979103
0.017576
-0.003818
-0.202570
0.000624
-0.001783
-0.006189
-0.002524
-0.001353
0.005192
-0.000352
-0.035963
-0.999353
7.445563
---
0.979102
0.017547
-0.003825
-0.202574
-0.000387
0.000223
-0.009121
-0.006124
-0.003736
0.003312
-0.000387
-0.035910
-0.999355
7.463449
---
0.979098
0.017543
-0.003825
-0.202594
-0.003316
0.000229
-0.014004
0.005777
0.006836
-0.003736
-0.000386
-0.035904
-0.999355
7.479564
---
0.979093
0.017538
-0.003784
-0.202621
-0.003235
0.000255
-0.014005
-0.002950
0.008083
-0.008481
-0.000306
-0.035878
-0.999356
7.497449
---
0.979089
0.017515
-0.003772
-0.202644
-0.001265
0.003237
-0.013030
-0.005348
-0.001785
-0.002318
-0.000288
-0.035826
-0.999358
7.513562
---
0.979086
0.017515
-0.003725
-0.202658
0.000777
0.003254
-0.012054
0.006654
0.011832
-0.007574
-0.000199
-0.035808
-0.999359
7.530597
---
0.979061
0.017551
-0.003719
-0.202774
0.000810
0.003185
-0.012052
0.003343
0.003578
-0.010220
-0.000166
-0.035877
-0.999356
7.547746
---
0.979055
0.017573
-0.003743
-0.202804
0.001748
0.005088
-0.009120
-0.001640
0.004879
-0.003931
-0.000205
-0.035927
-0.999354
7.565357
---
0.979037
0.017576
-0.003717
-0.202887
0.000834
0.000208
-0.012050
-0.001700
-0.001651
0.000007
-0.000142
-0.035925
-0.999354
7.581476
---
0.979029
0.017594
-0.003697
-0.202924
0.000880
0.000181
-0.012049
0.005929
0.002177
-0.011856
-0.000097
-0.035952
-0.999354
7.598504
---
0.979030
0.017651
-0.003627
-0.202917
-0.005803
0.003026
-0.013022
0.004546
0.008197
0.002488
0.000057
-0.036037
-0.999351
7.615658
---
0.979031
0.017734
-0.003631
-0.202903
-0.000896
0.006769
-0.015946
0.006263
0.002897
-0.000550
0.000081
-0.036200
-0.999345
7.632779
---
0.979029
0.017768
-0.003627
-0.202912
0.008889
-0.000133
-0.014967
0.000678
-0.002041
-0.001265
0.000100
-0.036266
-0.999342
7.649900
---
0.979035
0.017757
-0.003631
-0.202886
0.008879
-0.000113
-0.014968
-0.002980
0.000415
0.003390
0.000090
-0.036246
-0.999343
7.667358
---
0.979035
0.017754
-0.003652
-0.202882
0.003961
0.000862
-0.013015
-0.002767
0.000134
-0.008891
0.000054
-0.036247
-0.999343
7.683473
---
0.979035
0.017737
-0.003636
-0.202888
-0.003830
0.005785
-0.014969
0.001033
-0.001500
-0.003533
0.000077
-0.036207
-0.999344
7.701330
---
0.979037
0.017741
-0.003642
-0.202878
-0.003836
0.005775
-0.014969
0.002237
-0.000296
0.005548
0.000070
-0.036217
-0.999344
7.717442
---
0.979040
0.017734
-0.003658
-0.202860
0.002963
-0.002028
-0.016922
0.000447
-0.002341
0.003318
0.000033
-0.036207
-0.999344
7.734503
---
0.979051
0.017688
-0.003666
-0.202812
0.002923
0.000988
-0.013996
0.004134
-0.003090
0.003126
-0.000007
-0.036121
-0.999347
7.752451
---
0.979050
0.017706
-0.003668
-0.202815
0.002933
0.000950
-0.013995
0.001620
-0.003124
-0.002200
0.000003
-0.036159
-0.999346
7.768563
---
0.979048
0.017701
-0.003678
-0.202824
0.003883
-0.000996
-0.015948
-0.009685
-0.005399
0.008251
-0.000023
-0.036153
-0.999346
7.786054
---
0.979046
0.017675
-0.003711
-0.202837
0.001855
0.003920
-0.013019
-0.000669
-0.003135
-0.006526
-0.000098
-0.036119
-0.999348
7.803115
---
0.979045
0.017712
-0.003749
-0.202837
0.001802
0.003836
-0.013016
0.008989
0.006945
-0.004856
-0.000151
-0.036203
-0.999344
7.820451
---
0.979048
0.017720
-0.003751
-0.202821
-0.002112
0.004797
-0.012039
0.005282
-0.006554
-0.005271
-0.000159
-0.036218
-0.999344
7.836629
---
0.979045
0.017740
-0.003751
-0.202834
0.003754
-0.000127
-0.013991
-0.002388
-0.002669
0.001928
-0.000152
-0.036260
-0.999342
7.853748
---
0.979048
0.017748
-0.003786
-0.202820
0.003691
-0.000157
-0.013990
0.001264
-0.008673
0.005937
-0.000215
-0.036290
-0.999341
7.871451
---
0.979049
0.017733
-0.003764
-0.202817
0.002747
-0.001097
-0.014968
-0.000589
0.009044
0.007978
-0.000183
-0.036253
-0.999343
7.888451
---
0.979051
0.017738
-0.003819
-0.202807
0.002643
0.000828
-0.013990
0.005888
-0.010683
-0.008389
-0.000287
-0.036281
-0.999342
7.904567
---
0.979050
0.017722
-0.003837
-0.202808
0.002610
0.000849
-0.013991
-0.008608
-0.004484
0.002942
-0.000319
-0.036261
-0.999342
7.922450
---
0.979052
0.017708
-0.003806
-0.202805
-0.000269
-0.001060
-0.009110
-0.006100
-0.003333
0.004571
-0.000269
-0.036216
-0.999344
7.938568
---
0.979062
0.017727
-0.003837
-0.202752
0.010422
0.001818
-0.014967
0.000679
-0.010449
-0.006209
-0.000320
-0.036268
-0.999342
7.956451
---
0.979063
0.017717
-0.003856
-0.202749
0.010372
0.001828
-0.014967
-0.000526
-0.003060
-0.005616
-0.000370
-0.036258
-0.999342
7.972564
---
0.979061
0.017709
-0.003887
-0.202757
0.004451
0.001832
-0.007155
0.000159
-0.002294
-0.008370
-0.000432
-0.036254
-0.999343
7.990450
---
0.979062
0.017693
-0.003872
-0.202753
0.001545
-0.001059
-0.008133
0.004949
-0.005556
0.010139
-0.000408
-0.036215
-0.999344
8.006567
---
0.979082
0.017674
-0.003895
-0.202658
0.000508
-0.003962
-0.012040
-0.001191
-0.003217
0.003121
-0.000468
-0.036188
-0.999345
8.024448
---
0.979094
0.017640
-0.003849
-0.202606
0.000588
-0.003877
-0.012043
-0.002303
0.002854
0.003336
-0.000389
-0.036103
-0.999348
8.040568
---
0.979104
0.017619
-0.003870
-0.202560
0.002486
-0.000913
-0.010091
0.003176
-0.015726
0.011017
-0.000444
-0.036070
-0.999349
8.057629
---
0.979103
0.017618
-0.003874
-0.202561
-0.003387
0.002016
-0.011068
0.001070
0.003395
0.003988
-0.000457
-0.036070
-0.999349
8.074782
---
0.979114
0.017587
-0.003843
-0.202516
-0.003331
0.002090
-0.011071
-0.006215
-0.001586
0.004571
-0.000401
-0.035996
-0.999352
8.092452
---
0.979116
0.017578
-0.003829
-0.202505
0.001573
0.004065
-0.013025
0.003530
0.011109
-0.000357
-0.000380
-0.035974
-0.999353
8.108569
---
0.979120
0.017582
-0.003833
-0.202487
0.001563
0.004055
-0.013024
-0.003543
-0.011273
0.002211
-0.000390
-0.035984
-0.999352
8.125601
---
0.979119
0.017532
-0.003874
-0.202493
0.000489
-0.000745
-0.010097
-0.002182
-0.001371
0.005225
-0.000488
-0.035902
-0.999355
8.142751
---
0.979126
0.017542
-0.003866
-0.202457
-0.002425
0.005098
-0.014980
-0.000155
0.006586
0.004614
-0.000472
-0.035918
-0.999355
8.160454
---
0.979121
0.017527
-0.003843
-0.202483
-0.003357
-0.002674
-0.016934
-0.006073
-0.001277
-0.003465
-0.000427
-0.035877
-0.999356
8.176569
---
0.979114
0.017529
-0.003816
-0.202518
-0.003302
-0.002669
-0.016934
0.001300
0.008476
-0.008652
-0.000373
-0.035872
-0.999356
8.194178
---
0.979101
0.017556
-0.003780
-0.202580
0.001667
0.001201
-0.016933
0.002923
0.006605
-0.003115
-0.000286
-0.035908
-0.999355
8.211306
---
0.979092
0.017541
-0.003808
-0.202624
0.000630
-0.002689
-0.012051
0.001742
0.001018
-0.009098
-0.000347
-0.035892
-0.999356
8.229277
---
0.979085
0.017543
-0.003778
-0.202657
0.000683
-0.002683
-0.012051
0.002419
0.000003
-0.006479
-0.000293
-0.035886
-0.999356
8.245391
---
0.979080
0.017534
-0.003814
-0.202683
0.002565
0.002205
-0.013028
-0.003707
-0.008535
0.001430
-0.000365
-0.035881
-0.999356
8.261418
---
0.979075
0.017486
-0.003802
-0.202712
-0.000353
-0.001600
-0.014008
-0.011101
-0.001719
0.002931
-0.000353
-0.035780
-0.999360
8.278567
---
0.979078
0.017465
-0.003778
-0.202698
-0.000316
-0.001551
-0.014010
-0.007346
0.001921
0.002416
-0.000316
-0.035730
-0.999361
8.296330
---
0.979083
0.017485
-0.003762
-0.202672
-0.000283
0.005253
-0.016938
0.003917
0.007764
-0.001690
-0.000283
-0.035763
-0.999360
8.312444
---
0.979080
0.017511
-0.003719
-0.202685
-0.003114
-0.001619
-0.014008
-0.002230
0.006550
-0.007333
-0.000185
-0.035799
-0.999359
8.329444
---
0.979077
0.017492
-0.003717
-0.202703
-0.003115
-0.001579
-0.014009
-0.001948
-0.004318
-0.012998
-0.000185
-0.035759
-0.999360
8.346567
---
0.979072
0.017536
-0.003703
-0.202722
-0.003070
0.006153
-0.012053
0.004073
0.003046
0.009594
-0.000140
-0.035839
-0.999358
8.364426
---
0.979084
0.017570
-0.003646
-0.202664
-0.008807
-0.003655
-0.016934
0.000114
0.006950
0.006481
-0.000017
-0.035881
-0.999356
8.380477
---
0.979096
0.017573
-0.003580
-0.202608
-0.008680
-0.003635
-0.016935
-0.005935
0.002647
0.001652
0.000109
-0.035861
-0.999357
8.397598
---
0.979097
0.017586
-0.003513
-0.202603
-0.008540
0.003203
-0.015958
-0.002274
0.009862
0.004175
0.000249
-0.035859
-0.999357
8.414719
---
0.979110
0.017578
-0.003487
-0.202541
0.001272
-0.002631
-0.011076
-0.005772
-0.001962
0.004503
0.000295
-0.035834
-0.999358
8.432454
---
0.979111
0.017576
-0.003427
-0.202537
0.001384
-0.002603
-0.011077
0.002954
0.013394
-0.002618
0.000407
-0.035807
-0.999359
8.448567
---
0.979117
0.017582
-0.003403
-0.202506
-0.004434
-0.002607
-0.016937
-0.008108
-0.000190
0.004868
0.000449
-0.035810
-0.999359
8.466332
---
0.979116
0.017540
-0.003387
-0.202515
0.001448
-0.003491
-0.015963
-0.002334
0.003288
-0.001233
0.000471
-0.035718
-0.999362
8.482446
---
0.979123
0.017525
-0.003392
-0.202485
-0.000529
0.001416
-0.012058
0.001332
-0.003990
-0.003918
0.000447
-0.035693
-0.999363
8.500329
---
0.979125
0.017531
-0.003398
-0.202475
-0.000533
0.001403
-0.012058
-0.003594
-0.002780
-0.000683
0.000444
-0.035706
-0.999362
8.516447
---
0.979119
0.017529
-0.003321
-0.202504
-0.001359
-0.001492
-0.015965
0.003273
0.018175
-0.003888
0.000594
-0.035672
-0.999363
8.533475
---
0.979103
0.017565
-0.003296
-0.202576
-0.001290
-0.001553
-0.015963
0.008022
0.000053
-0.009986
0.000663
-0.035733
-0.999361
8.550511
---
0.979099
0.017607
-0.003289
-0.202596
-0.003215
0.004227
-0.013030
0.004228
0.002466
0.000046
0.000691
-0.035812
-0.999358
8.567656
---
0.979094
0.017586
-0.003282
-0.202622
0.001671
-0.003542
-0.011079
-0.005541
0.006343
0.001400
0.000694
-0.035768
-0.999360
8.585452
---
0.979084
0.017609
-0.003260
-0.202665
-0.004129
0.000327
-0.014984
0.000561
0.001000
-0.004419
0.000754
-0.035806
-0.999359
8.602332
---
0.979083
0.017606
-0.003262
-0.202673
-0.004135
0.000334
-0.014984
-0.006800
0.001014
0.004533
0.000748
-0.035798
-0.999359
8.618751
---
0.979079
0.017630
-0.003255
-0.202689
-0.001182
-0.001660
-0.018888
-0.001504
-0.005662
0.002610
0.000772
-0.035840
-0.999357
8.636543
---
0.979074
0.017598
-0.003271
-0.202715
0.001706
-0.000628
-0.015961
-0.002725
-0.002337
-0.008676
0.000729
-0.035785
-0.999359
8.652996
---
0.979069
0.017573
-0.003282
-0.202741
0.001675
-0.000585
-0.015962
-0.007575
-0.003559
-0.002210
0.000698
-0.035741
-0.999361
8.670118
---
0.979074
0.017569
-0.003314
-0.202718
0.000635
0.004292
-0.019868
-0.001854
-0.000983
-0.002998
0.000635
-0.035747
-0.999361
8.687151
---
0.979072
0.017626
-0.003352
-0.202723
0.003510
0.001238
-0.010098
0.008321
-0.008728
-0.002010
0.000580
-0.035871
-0.999356
8.705122
---
0.979068
0.017665
-0.003367
-0.202740
0.003497
0.001150
-0.010095
0.005685
-0.003697
0.004939
0.000568
-0.035959
-0.999353
8.721453
---
0.979070
0.017667
-0.003390
-0.202726
0.001506
0.001140
-0.015954
0.000771
-0.002444
0.003672
0.000530
-0.035969
-0.999353
8.737567