---
0.861470
0.015790
0.008097
0.507499
0.000855
0.000709
-0.009136
-0.000451
-0.012947
0.001982
-0.002075
-0.035424
-0.999370
0.000000
---
0.862667
0.016217
0.007861
0.505451
0.003029
0.003134
-0.009116
0.023158
-0.038381
-0.145765
-0.002830
-0.035928
-0.999350
0.034247
---
0.863113
0.016390
0.007781
0.504686
-0.001159
-0.000991
-0.011060
0.000783
-0.005395
-0.112946
-0.003113
-0.036148
-0.999342
0.051367
---
0.863923
0.016410
0.007761
0.503297
-0.001152
-0.001011
-0.011060
0.000170
-0.009247
-0.220907
-0.003105
-0.036168
-0.999341
0.068459
---
0.865020
0.016279
0.007777
0.501413
-0.000916
-0.001784
-0.013021
-0.010384
0.000779
-0.236664
-0.002869
-0.035964
-0.999349
0.085578
---
0.867919
0.015864
0.007474
0.496395
-0.001797
-0.007617
-0.012080
-0.031002
0.016666
0.126983
-0.002773
-0.034961
-0.999385
0.187304
---
0.867445
0.015623
0.007440
0.497231
0.001279
-0.002278
-0.011120
-0.025595
0.012586
0.114439
-0.002628
-0.034504
-0.999401
0.204425
---
0.866715
0.015417
0.007322
0.498511
0.001226
-0.001799
-0.011136
-0.023629
-0.007158
0.146323
-0.002680
-0.034025
-0.999417
0.221546
---
0.865025
0.014951
0.007225
0.501453
-0.003472
-0.000887
-0.013120
-0.018001
0.019687
0.117097
-0.002495
-0.033114
-0.999448
0.271906
---
0.864394
0.015604
0.007200
0.502522
0.003605
0.003873
-0.011128
0.037028
-0.017474
0.077450
-0.003231
-0.034213
-0.999409
0.306151
---
0.864051
0.015852
0.007229
0.503103
0.003380
0.003417
-0.011112
0.017175
0.001916
0.089360
-0.003456
-0.034669
-0.999393
0.323274
---
0.863382
0.015902
0.007268
0.504248
-0.001533
-0.000612
-0.011107
0.013642
0.001551
0.194755
-0.003486
-0.034792
-0.999389
0.340395
---
0.862692
0.016037
0.007364
0.505421
-0.000577
0.005902
-0.010119
0.031441
0.005753
0.149664
-0.003507
-0.035114
-0.999377
0.357518
---
0.862596
0.016197
0.007474
0.505579
-0.000554
0.005512
-0.010106
0.019041
-0.000812
0.021279
-0.003483
-0.035503
-0.999364
0.374640
---
0.862732
0.016117
0.007524
0.505349
-0.000380
-0.003187
-0.003273
-0.003837
0.002751
-0.064307
-0.003310
-0.035414
-0.999367
0.390758
---
0.863169
0.016080
0.007388
0.504605
0.002384
-0.002015
-0.009139
-0.011950
-0.019701
-0.164829
-0.003476
-0.035218
-0.999374
0.408733
---
0.863795
0.016069
0.007305
0.503535
0.002300
-0.001916
-0.009142
-0.002491
0.005088
-0.153721
-0.003560
-0.035119
-0.999377
0.424848
---
0.864768
0.016094
0.007283
0.501861
-0.001603
0.001963
-0.009142
0.003388
-0.016455
-0.269453
-0.003556
-0.035146
-0.999376
0.441969
---
0.865695
0.016127
0.007180
0.500261
0.002154
-0.001904
-0.015002
-0.002568
-0.020908
-0.175540
-0.003706
-0.035107
-0.999377
0.459093
---
0.866337
0.016221
0.007094
0.499147
0.003911
0.005825
-0.014998
0.022311
-0.040184
-0.174586
-0.003901
-0.035190
-0.999373
0.476216
---
0.867344
0.016609
0.006899
0.497384
0.003261
0.005342
-0.014978
0.022948
-0.034511
-0.197941
-0.004551
-0.035673
-0.999353
0.493338
---
0.868029
0.016809
0.006659
0.496184
0.005628
-0.001611
-0.007159
0.008211
-0.036359
-0.164847
-0.005114
-0.035791
-0.999346
0.510459
---
0.868436
0.016967
0.006548
0.495468
-0.003486
0.005057
-0.011057
0.011537
-0.004248
-0.109743
-0.005439
-0.035959
-0.999339
0.527585
---
0.868825
0.017114
0.006565
0.494780
-0.003574
0.004779
-0.011047
0.006369
0.020352
-0.082793
-0.005527
-0.036237
-0.999328
0.544705
---
0.869111
0.017055
0.006739
0.494276
-0.005145
0.000803
-0.010070
0.000325
0.018807
-0.063376
-0.005145
-0.036306
-0.999327
0.560820
---
0.869334
0.017019
0.006851
0.493885
0.000961
-0.001199
-0.006163
-0.005232
-0.001618
-0.043020
-0.004898
-0.036356
-0.999327
0.577940
---
0.869349
0.016952
0.006892
0.493859
0.001099
-0.001125
-0.006166
-0.004369
0.011058
-0.000681
-0.004760
-0.036281
-0.999330
0.595062
---
0.869414
0.016973
0.006984
0.493744
-0.001685
0.003629
-0.013975
0.005781
0.010669
-0.013957
-0.004615
-0.036410
-0.999326
0.612185
---
0.869459
0.016967
0.007061
0.493663
-0.000563
-0.002295
-0.011043
0.000473
0.001978
-0.000263
-0.004469
-0.036475
-0.999325
0.629309
---
0.869284
0.016914
0.007091
0.493973
-0.000475
-0.002230
-0.011046
-0.002638
0.010609
0.041386
-0.004382
-0.036410
-0.999327
0.646428
---
0.869135
0.016832
0.007142
0.494236
-0.000319
-0.001162
-0.008120
-0.008012
-0.003203
0.020484
-0.004225
-0.036318
-0.999331
0.663550
---
0.869087
0.016645
0.007210
0.494327
-0.003920
-0.003838
-0.012037
-0.024165
0.018155
0.025142
-0.003920
-0.036065
-0.999342
0.680675
---
0.869038
0.016382
0.007237
0.494421
-0.003623
-0.003403
-0.012054
-0.031797
0.011439
0.018539
-0.003623
-0.035629
-0.999358
0.696789
---
0.868883
0.016156
0.007232
0.494702
0.000490
-0.005934
-0.010116
-0.023500
0.015944
0.038183
-0.003416
-0.035230
-0.999373
0.713910
---
0.868687
0.015949
0.007160
0.495053
0.000557
-0.005501
-0.010131
-0.025487
-0.005885
0.052580
-0.003349
-0.034798
-0.999389
0.731035
---
0.868696
0.015793
0.007048
0.495044
0.001493
-0.006099
-0.010144
-0.013971
-0.019031
-0.048276
-0.003390
-0.034419
-0.999402
0.748153
---
0.869061
0.015773
0.006905
0.494404
0.002268
0.001888
-0.006243
-0.006947
-0.025898
-0.096028
-0.003591
-0.034244
-0.999407
0.765275
---
0.869425
0.015800
0.006793
0.493766
0.003044
-0.001953
-0.015033
-0.005943
-0.020085
-0.086136
-0.003792
-0.034179
-0.999408
0.782397
---
0.869755
0.015866
0.006655
0.493184
0.004718
-0.000962
-0.012103
0.006606
-0.029515
-0.081250
-0.004071
-0.034165
-0.999408
0.799520
---
0.870409
0.015969
0.006478
0.492027
0.004352
-0.000972
-0.012101
0.000308
-0.027405
-0.189559
-0.004437
-0.034175
-0.999406
0.816642
---
0.871255
0.015911
0.006439
0.490530
-0.005365
0.000137
-0.008200
-0.008930
0.001045
-0.159478
-0.004389
-0.034042
-0.999411
0.833092
---
0.871913
0.015926
0.006429
0.489360
-0.005351
0.000114
-0.008199
0.008746
-0.007023
-0.158817
-0.004375
-0.034065
-0.999410
0.850217
---
0.872372
0.015974
0.006398
0.488539
0.003366
0.002011
-0.012103
0.004676
-0.017267
-0.112290
-0.004447
-0.034121
-0.999408
0.867336
---
0.872814
0.015957
0.006417
0.487751
-0.003390
0.000064
-0.011127
-0.001759
0.004443
-0.107819
-0.004366
-0.034116
-0.999408
0.884457
---
0.872875
0.015909
0.006443
0.487642
-0.003289
0.000122
-0.011130
-0.004144
0.001067
-0.011682
-0.004265
-0.034058
-0.999411
0.901584
---
0.872780
0.015926
0.006466
0.487811
0.000634
0.000071
-0.014058
0.005759
0.005438
0.043475
-0.004249
-0.034109
-0.999409
0.918701
---
0.872509
0.015958
0.006524
0.488293
0.000683
-0.000040
-0.016007
0.002117
0.010780
0.104966
-0.004200
-0.034220
-0.999406
0.934817
---
0.872075
0.015985
0.006445
0.489069
0.005374
0.000970
-0.015031
0.005957
-0.023762
0.110277
-0.004392
-0.034186
-0.999406
0.952562
---
0.871696
0.016133
0.006329
0.489741
0.004999
0.000830
-0.015024
0.005643
-0.018320
0.064205
-0.004767
-0.034326
-0.999399
0.969674
---
0.871498
0.016218
0.006208
0.490091
0.002736
0.000801
-0.012092
0.001483
-0.017830
0.060103
-0.005077
-0.034356
-0.999397
0.986426
---
0.871252
0.016227
0.006211
0.490529
-0.005098
0.000787
-0.015998
0.005647
0.009076
0.041580
-0.005098
-0.034369
-0.999396
1.003550
---
0.870862
0.016197
0.006317
0.491220
-0.004911
0.000737
-0.015997
0.003212
0.025933
0.092771
-0.004911
-0.034419
-0.999395
1.020673
---
0.870417
0.016186
0.006382
0.492008
0.000066
0.000699
-0.007207
0.003479
0.007702
0.084279
-0.004817
-0.034457
-0.999395
1.036790
---
0.870052
0.016102
0.006432
0.492654
-0.001745
-0.004083
-0.010141
-0.008221
0.011749
0.089941
-0.004674
-0.034356
-0.999399
1.053909
---
0.869714
0.015993
0.006436
0.493255
-0.001651
-0.003895
-0.010148
-0.013332
0.009284
0.079612
-0.004581
-0.034168
-0.999406
1.071031
---
0.869396
0.015884
0.006471
0.493818
-0.001508
-0.002761
-0.009177
-0.005352
0.014862
0.070687
-0.004437
-0.034011
-0.999412
1.088153
---
0.869644
0.016033
0.006518
0.493376
-0.001553
0.009626
-0.012096
0.014204
-0.022532
-0.088414
-0.004482
-0.034319
-0.999401
1.122399
---
0.869929
0.016177
0.006500
0.492869
0.004154
0.001580
-0.009158
0.012743
-0.008896
-0.063125
-0.004635
-0.034553
-0.999392
1.139521
---
0.870153
0.016188
0.006535
0.492473
-0.004570
-0.000432
-0.013062
0.005687
0.009949
-0.063655
-0.004570
-0.034612
-0.999390
1.156642
---
0.870088
0.016206
0.006540
0.492587
-0.004586
-0.000467
-0.013061
0.001382
-0.027292
0.021802
-0.004586
-0.034647
-0.999389
1.172759
---
0.869889
0.016330
0.006430
0.492936
0.008763
0.000403
-0.001337
0.006756
-0.010125
0.057234
-0.004909
-0.034753
-0.999384
1.189881
---
0.869691
0.016325
0.006410
0.493285
-0.004953
-0.000540
-0.014033
-0.006581
0.008366
0.036086
-0.004953
-0.034719
-0.999385
1.207019
---
0.869061
0.016250
0.006549
0.494394
-0.004684
-0.000544
-0.014035
0.000905
0.035911
0.152359
-0.004684
-0.034723
-0.999386
1.224125
---
0.868277
0.016135
0.006701
0.495773
-0.005340
0.000491
-0.013061
-0.003362
0.020424
0.163807
-0.004363
-0.034665
-0.999390
1.241249
---
0.867583
0.015994
0.006776
0.496988
-0.000231
-0.004215
-0.006233
-0.007336
0.021848
0.175985
-0.004137
-0.034489
-0.999397
1.258369
---
0.866938
0.015827
0.006834
0.498118
-0.002943
-0.003000
-0.007218
-0.010260
0.023467
0.161242
-0.003919
-0.034250
-0.999406
1.275492
---
0.866283
0.015653
0.006909
0.499261
-0.002682
-0.002768
-0.007227
-0.016326
0.025347
0.165325
-0.003658
-0.034018
-0.999415
1.292614
---
0.865601
0.015680
0.006933
0.500440
0.004122
0.005954
-0.011131
0.013656
0.005393
0.090581
-0.003690
-0.034085
-0.999412
1.309736
---
0.865327
0.015729
0.006906
0.500914
0.004010
0.005896
-0.011129
0.008150
-0.015844
0.095041
-0.003802
-0.034143
-0.999410
1.325851
---
0.864896
0.015833
0.006813
0.501654
0.003713
0.000931
-0.010148
0.002344
-0.015719
0.067587
-0.004100
-0.034225
-0.999406
1.342972
---
0.864617
0.015869
0.006853
0.502135
-0.002133
0.000834
-0.008192
0.000938
-0.000535
0.072307
-0.004087
-0.034322
-0.999402
1.360092
---
0.864173
0.015919
0.006887
0.502896
0.002730
0.001691
-0.006234
0.005703
0.003618
0.087794
-0.004106
-0.034442
-0.999398
1.377217
---
0.863793
0.015989
0.006875
0.503546
0.002611
0.001585
-0.006230
0.010121
-0.012887
0.089944
-0.004225
-0.034547
-0.999394
1.394340
---
0.863370
0.016067
0.006806
0.504269
0.003361
-0.000429
-0.008180
0.010045
-0.002365
0.126144
-0.004452
-0.034609
-0.999391
1.411460
---
0.862886
0.016047
0.006792
0.505098
-0.001561
-0.002328
-0.015018
-0.003201
0.007867
0.120203
-0.004491
-0.034554
-0.999393
1.428584
---
0.862186
0.015928
0.006837
0.506296
-0.001407
-0.002163
-0.015024
-0.009641
0.005076
0.143933
-0.004336
-0.034390
-0.999399
1.445706
---
0.861629
0.015828
0.006840
0.507245
-0.000360
-0.003944
-0.012101
-0.012494
0.002148
0.149143
-0.004266
-0.034217
-0.999405
1.461822
---
0.861027
0.015806
0.006816
0.508268
0.002505
0.002962
-0.008196
-0.004323
-0.000608
0.145928
-0.004331
-0.034147
-0.999407
1.478944
---
0.860524
0.015844
0.006781
0.509118
0.002376
0.002934
-0.008195
-0.003411
-0.001726
0.140994
-0.004460
-0.034175
-0.999406
1.496068
---
0.859801
0.015859
0.006804
0.510338
-0.001555
0.001915
-0.007217
0.004278
0.011974
0.124207
-0.004485
-0.034218
-0.999404
1.513185
---
0.859396
0.016307
0.006582
0.511008
0.023941
0.014073
-0.003288
0.041134
-0.069908
0.091232
-0.005356
-0.034755
-0.999381
1.530309
---
0.859221
0.016782
0.006372
0.511290
0.023085
0.013475
-0.003262
0.022747
-0.018907
0.034380
-0.006212
-0.035353
-0.999356
1.547429
---
0.859209
0.016994
0.006282
0.511304
-0.004631
0.000506
-0.010086
0.017374
-0.014677
-0.019304
-0.006585
-0.035627
-0.999343
1.564551
---
0.859235
0.017053
0.006247
0.511259
-0.000840
-0.000538
-0.011059
0.001337
-0.002939
-0.006921
-0.006699
-0.035694
-0.999340
1.581676
---
0.859233
0.017105
0.006263
0.511261
-0.000865
-0.000646
-0.011055
-0.010317
0.008930
0.001734
-0.006725
-0.035802
-0.999336
1.597790
---
0.859284
0.016960
0.006245
0.511179
-0.000746
-0.007212
-0.003253
-0.015503
0.003374
-0.023816
-0.006606
-0.035532
-0.999347
1.614910
---
0.859391
0.016847
0.006331
0.511002
-0.006336
0.003636
-0.011071
-0.001337
0.017951
-0.025748
-0.006336
-0.035426
-0.999352
1.632034
---
0.859748
0.016785
0.006399
0.510402
-0.006128
0.003666
-0.011073
-0.006138
-0.003743
-0.078824
-0.006128
-0.035397
-0.999355
1.649157
---
0.860170
0.016731
0.006397
0.509693
0.002740
-0.001124
-0.007171
-0.007178
0.008400
-0.101151
-0.006049
-0.035304
-0.999358
1.666277
---
0.860597
0.016663
0.006393
0.508974
-0.004001
-0.001011
-0.010105
-0.008506
0.003619
-0.109050
-0.005954
-0.035191
-0.999363
1.683798
---
0.861426
0.016544
0.006385
0.507574
0.001041
-0.002760
-0.006207
-0.013509
0.005260
-0.063851
-0.005795
-0.034987
-0.999371
1.717553
---
0.861575
0.016466
0.006440
0.507323
0.000251
-0.000729
-0.013047
0.000552
0.011498
0.001684
-0.005609
-0.034909
-0.999375
1.734678
---
0.861544
0.016453
0.006421
0.507376
0.002181
-0.003617
-0.004259
0.001474
-0.005885
0.006485
-0.005632
-0.034867
-0.999376
1.750790
---
0.861510
0.016386
0.006398
0.507436
0.002206
-0.003476
-0.004264
-0.012788
0.000286
0.013219
-0.005606
-0.034726
-0.999381
1.767912
---
0.861605
0.016209
0.006488
0.507280
-0.007217
-0.003264
-0.013062
-0.012667
0.019582
-0.050069
-0.005264
-0.034514
-0.999390
1.785037
---
0.861831
0.016127
0.006575
0.506896
-0.006969
-0.003213
-0.013065
0.006026
0.004874
-0.052253
-0.005016
-0.034463
-0.999393
1.802156
---
0.862061
0.016073
0.006633
0.506507
0.001995
0.001698
-0.009161
-0.002390
0.010277
-0.050794
-0.004841
-0.034434
-0.999395
1.819278
---
0.862272
0.016096
0.006630
0.506147
0.000999
-0.000290
-0.006230
0.008022
-0.002100
-0.054719
-0.004860
-0.034470
-0.999394
1.836401
---
0.862502
0.016062
0.006638
0.505756
-0.001869
-0.000242
-0.010138
0.002646
0.012727
-0.048570
-0.004799
-0.034422
-0.999396
1.853527
---
0.862684
0.016045
0.006676
0.505444
-0.001771
-0.000256
-0.010138
0.001806
-0.002944
-0.048863
-0.004701
-0.034435
-0.999396
1.870648
---
0.862852
0.016043
0.006718
0.505157
-0.001685
0.003611
-0.007207
0.003024
0.012836
-0.011695
-0.004614
-0.034475
-0.999395
1.886760
---
0.862873
0.015989
0.006761
0.505123
-0.001554
-0.004152
-0.009163
-0.013335
0.006161
0.002158
-0.004484
-0.034426
-0.999397
1.903882
---
0.862930
0.015891
0.006854
0.505027
-0.001289
-0.004078
-0.009167
-0.005438
0.009702
-0.009084
-0.004219
-0.034352
-0.999401
1.921004
---
0.863013
0.015794
0.006892
0.504888
-0.000146
-0.001019
-0.016008
-0.006720
0.015033
-0.029989
-0.004053
-0.034222
-0.999406
1.938127
---
0.863149
0.015715
0.006937
0.504657
-0.002914
-0.002879
-0.010152
-0.008256
0.013319
-0.029759
-0.003890
-0.034129
-0.999410
1.955249
---
0.863168
0.015550
0.007029
0.504629
-0.002579
-0.002691
-0.010160
-0.008301
0.035723
-0.016906
-0.003556
-0.033941
-0.999418
1.972769
---
0.863209
0.015349
0.007245
0.504561
-0.008842
0.000370
-0.009189
-0.011169
0.040573
-0.006227
-0.002983
-0.033810
-0.999424
1.989582
---
0.863312
0.015302
0.007373
0.504385
0.001201
0.002275
-0.009189
0.000891
0.017725
-0.072307
-0.002706
-0.033858
-0.999423
2.006709
---
0.863767
0.015504
0.007685
0.503594
0.001569
0.001605
-0.009167
0.164317
0.002493
-0.170993
-0.002337
-0.034527
-0.999401
2.022765
---
0.864474
0.016787
0.008142
0.502332
0.000141
0.088772
0.004602
0.152995
-0.046293
-0.195241
-0.002789
-0.037205
-0.999304
2.039914
---
0.865273
0.017783
0.008449
0.500915
0.008524
0.013496
-0.000201
0.091969
-0.033268
-0.207623
-0.003195
-0.039239
-0.999225
2.057768
---
0.866057
0.018410
0.008611
0.499532
0.008244
0.012242
-0.000150
0.032034
-0.018686
-0.172420
-0.003475
-0.040492
-0.999174
2.073885
---
0.866859
0.018709
0.008585
0.498128
0.004057
-0.009742
-0.007942
0.024914
-0.032791
-0.209572
-0.003755
-0.040992
-0.999152
2.091586
---
0.867854
0.018799
0.008614
0.496389
-0.005663
-0.005050
-0.000121
0.002998
-0.000387
-0.203636
-0.003710
-0.041182
-0.999145
2.108770
---
0.868623
0.018729
0.008664
0.495044
-0.002515
-0.011818
-0.007937
-0.022619
0.012060
-0.190099
-0.003492
-0.041115
-0.999148
2.125768
---
0.869336
0.018548
0.008658
0.493797
-0.002289
-0.011503
-0.007951
-0.012516
0.005590
-0.176182
-0.003266
-0.040800
-0.999162
2.141883
---
0.870050
0.018532
0.008765
0.492536
-0.003001
0.010875
-0.006972
0.012108
0.007287
-0.150501
-0.003001
-0.040883
-0.999160
2.159829
---
0.870766
0.018592
0.008841
0.491266
-0.000916
0.004831
-0.007941
0.005566
-0.008292
-0.150543
-0.002869
-0.041067
-0.999152
2.176770
---
0.871197
0.018703
0.008906
0.490496
-0.000872
0.004573
-0.007931
0.014634
0.005051
-0.106282
-0.002825
-0.041325
-0.999142
2.193401
---
0.871539
0.018765
0.008883
0.489886
0.009795
-0.001373
-0.005974
0.006611
-0.004198
-0.076424
-0.002900
-0.041412
-0.999138
2.210769
---
0.871712
0.018712
0.008974
0.489579
0.010018
-0.001374
-0.005975
-0.016933
0.029502
-0.017793
-0.002677
-0.041413
-0.999139
2.226791
---
0.871928
0.018531
0.009051
0.489200
-0.012112
-0.006989
-0.012821
-0.010956
0.043027
-0.107598
-0.002346
-0.041169
-0.999149
2.243915
---
0.872460
0.019993
0.008417
0.488204
0.065477
0.049668
0.001918
0.094928
-0.131030
-0.116449
-0.004836
-0.043105
-0.999059
2.261036
---
0.872948
0.020948
0.008053
0.487297
0.063956
0.048351
0.001984
0.069726
-0.050795
-0.126454
-0.006356
-0.044423
-0.998993
2.278162
---
0.873439
0.021656
0.007895
0.486388
0.007375
0.016989
-0.010656
0.067854
-0.090558
-0.123132
-0.007273
-0.045511
-0.998937
2.295279
---
0.874436
0.022083
0.009289
0.484549
-0.080351
0.062728
0.004078
0.115887
0.054534
-0.203784
-0.005155
-0.047624
-0.998852
2.312769
---
0.875151
0.022405
0.010526
0.483216
-0.045221
0.046313
0.001226
0.108316
0.099608
-0.169238
-0.003229
-0.049390
-0.998774
2.328884
---
0.875638
0.022900
0.011781
0.482281
-0.043450
0.044234
0.001326
0.142194
0.087832
-0.132313
-0.001457
-0.051469
-0.998674
2.346007
---
0.875997
0.023455
0.012863
0.481574
-0.028376
0.058822
-0.013217
0.133904
0.097280
-0.090459
-0.000056
-0.053483
-0.998569
2.363129
---
0.876434
0.024426
0.014122
0.480695
-0.005565
0.057864
-0.006220
0.149679
0.044054
-0.065136
0.001271
-0.056394
-0.998408
2.381132
---
0.876526
0.025238
0.015023
0.480459
-0.004751
0.055580
-0.006087
0.133848
0.075167
-0.034404
0.002085
-0.058678
-0.998275
2.397251
---
0.876425
0.025891
0.015995
0.480575
-0.038841
0.044710
-0.012796
0.126228
0.082951
0.032228
0.003152
-0.060759
-0.998148
2.414371
---
0.876204
0.026377
0.017059
0.480915
-0.042350
0.040884
-0.014628
0.106530
0.091143
0.060099
0.004525
-0.062631
-0.998026
2.432500
---
0.875870
0.027004
0.018188
0.481448
-0.041017
0.038697
-0.014481
0.120590
0.045084
0.081269
0.005858
-0.064819
-0.997880
2.448770
---
0.875614
0.027634
0.019004
0.481847
-0.011904
0.041691
-0.000680
0.116992
0.059136
0.055208
0.006651
-0.066707
-0.997750
2.464884
---
0.875298
0.028538
0.019489
0.482348
0.009517
0.053312
-0.004448
0.132093
-0.029247
0.110981
0.006588
-0.068758
-0.997612
2.481917
---
0.874858
0.029616
0.019782
0.483069
0.008929
0.051137
-0.004299
0.134529
-0.048644
0.116432
0.005999
-0.070933
-0.997463
2.499067
---
0.874163
0.030942
0.019902
0.484237
0.015570
0.039909
0.015402
0.116344
-0.040788
0.137085
0.004828
-0.073372
-0.997293
2.516802
---
0.873483
0.032011
0.020046
0.485387
0.005897
0.042780
-0.000077
0.124611
-0.044952
0.223182
0.003944
-0.075384
-0.997147
2.532916
---
0.872558
0.032717
0.020308
0.486990
-0.014979
0.021758
-0.018519
0.059535
0.032807
0.239383
0.003576
-0.076875
-0.997034
2.549947
---
0.871462
0.033106
0.020669
0.488908
-0.014901
0.020721
-0.018438
0.056734
0.028884
0.259173
0.003653
-0.077912
-0.996954
2.567064
---
0.870176
0.034171
0.020673
0.491119
0.007298
0.028622
-0.013411
0.098804
-0.002771
0.300059
0.002415
-0.079776
-0.996810
2.584802
---
0.869078
0.034945
0.020633
0.493007
0.050236
0.010712
-0.041628
0.073526
-0.102187
0.279280
0.001408
-0.081085
-0.996706
2.600917
---
0.867983
0.035899
0.020238
0.494882
0.048429
0.009447
-0.041525
0.071511
-0.089563
0.275117
-0.000399
-0.082350
-0.996603
2.618190
---
0.866713
0.036401
0.019917
0.497078
0.005172
-0.001843
-0.000463
0.029059
-0.051946
0.282024
-0.001664
-0.082898
-0.996557
2.635315
---
0.865303
0.036474
0.020094
0.499516
-0.029983
-0.008003
-0.004344
0.001410
0.044894
0.337849
-0.001663
-0.083198
-0.996532
2.653054
---
0.863659
0.036194
0.020288
0.502367
-0.029642
-0.007707
-0.004369
-0.155715
0.154301
0.522824
-0.001322
-0.082903
-0.996557
2.669159
---
0.861367
0.034510
0.020378
0.506400
-0.024261
-0.056652
0.012001
-0.156426
0.117207
0.513705
0.000153
-0.080089
-0.996788
2.686279
---
0.859546
0.033532
0.020401
0.509549
0.015548
-0.004219
0.008941
-0.076220
0.027639
0.465087
0.000900
-0.078437
-0.996919
2.703402
---
0.856925
0.032757
0.020338
0.513996
0.015829
-0.002829
0.008833
-0.092070
0.095107
0.561941
0.001181
-0.077048
-0.997027
2.720771
---
0.854498
0.031981
0.020420
0.518067
-0.014839
-0.028938
-0.007863
-0.075404
0.093816
0.616930
0.001762
-0.075813
-0.997120
2.736883
---
0.852076
0.031906
0.020448
0.522045
-0.003350
0.006310
-0.031308
0.020624
0.044756
0.560408
0.001533
-0.075721
-0.997128
2.754159
---
0.849557
0.032037
0.020564
0.526122
-0.003654
0.005957
-0.031281
0.013048
0.016366
0.577553
0.001229
-0.076074
-0.997101
2.771281
---
0.846500
0.033003
0.019769
0.530997
0.032600
0.006139
-0.028290
0.045961
-0.150084
0.579658
-0.001580
-0.076869
-0.997040
2.788771
---
0.844159
0.034009
0.018809
0.534683
0.074489
-0.008195
-0.032136
0.032812
-0.168549
0.536790
-0.004613
-0.077531
-0.996979
2.804887
---
0.841961
0.034674
0.017999
0.538123
0.072092
-0.008424
-0.032104
-0.030869
-0.031116
0.556239
-0.007010
-0.077760
-0.996948
2.821917
---
0.839304
0.034722
0.017456
0.542272
-0.008356
-0.041084
-0.032136
-0.019566
-0.034798
0.626480
-0.008356
-0.077217
-0.996979
2.839071
---
0.836381
0.033577
0.018401
0.546809
-0.127031
-0.005003
0.015627
-0.100985
0.468377
0.657764
-0.005937
-0.076292
-0.997068
2.856098
---
0.832352
0.031052
0.021352
0.552965
-0.119889
-0.004017
0.015536
0.021746
0.222599
0.719902
0.001205
-0.075306
-0.997160
2.873770
---
0.828575
0.030400
0.022587
0.558595
-0.043406
0.015209
0.007751
0.010400
0.191015
0.871912
0.003469
-0.075611
-0.997131
2.890769
---
0.824960
0.031313
0.022315
0.563882
0.049355
0.026686
-0.010715
0.089869
-0.133414
0.748422
0.001504
-0.076830
-0.997043
2.906827
---
0.821606
0.032536
0.021565
0.568718
0.046280
0.025524
-0.010625
0.077043
-0.140372
0.687643
-0.001571
-0.077991
-0.996953
2.924768
---
0.817389
0.033992
0.020070
0.574733
0.061119
-0.005397
-0.021298
0.023199
-0.182107
0.783575
-0.006264
-0.078639
-0.996883
2.941375
---
0.813684
0.034116
0.020045
0.579959
-0.056755
0.000332
-0.031048
0.026060
-0.014884
0.913402
-0.006950
-0.078770
-0.996869
2.958923
---
0.809746
0.034365
0.020162
0.585426
-0.057389
-0.000159
-0.031005
0.104056
0.092023
0.741860
-0.007584
-0.079261
-0.996825
2.974950
---
0.805433
0.034782
0.021186
0.591285
-0.009934
0.045870
0.026755
0.118346
0.077979
0.706905
-0.007004
-0.081083
-0.996683
2.992800
---
0.801652
0.034310
0.021257
0.596426
-0.006845
-0.023727
0.023766
-0.044027
0.042677
0.797052
-0.006845
-0.080367
-0.996742
3.009770
---
0.797723
0.034015
0.021155
0.601693
0.045553
-0.004532
-0.019252
-0.008687
-0.019978
0.719894
-0.007182
-0.079727
-0.996791
3.025797
---
0.794261
0.034090
0.020853
0.606260
0.044526
-0.004244
-0.019267
-0.013502
-0.038775
0.743234
-0.008208
-0.079439
-0.996806
3.042829
---
0.789530
0.033912
0.019889
0.612451
0.028929
-0.071077
-0.000815
-0.067774
-0.025073
0.833369
-0.010134
-0.077913
-0.996909
3.059916
---
0.785147
0.033324
0.019282
0.618112
-0.062674
-0.083979
-0.006801
-0.132471
0.079876
0.905321
-0.010916
-0.076167
-0.997035
3.077132
---
0.780164
0.032500
0.018865
0.624445
-0.062911
-0.082083
-0.006941
-0.091067
0.051320
1.012757
-0.011153
-0.074271
-0.997176
3.094255
---
0.775529
0.031212
0.019449
0.630240
-0.050192
-0.036792
-0.007061
-0.074659
0.227168
0.939496
-0.009176
-0.072925
-0.997295
3.111316
---
0.770776
0.029998
0.020045
0.636083
0.044497
-0.035611
-0.016928
-0.041567
0.053575
0.799351
-0.007261
-0.071744
-0.997397
3.128463
---
0.766125
0.029310
0.019781
0.641718
0.044451
-0.034165
-0.017031
-0.116196
-0.001049
0.812837
-0.007307
-0.070298
-0.997499
3.145803
---
0.763041
0.028960
0.019104
0.645418
0.038647
-0.088389
0.007290
-0.108199
-0.028639
0.786153
-0.008228
-0.068858
-0.997593
3.161914
---
0.757613
0.028463
0.017836
0.651839
-0.008127
-0.070288
-0.005556
-0.126504
-0.000171
0.836865
-0.010080
-0.066382
-0.997743
3.179711
---
0.753430
0.027923
0.016967
0.656715
-0.009154
-0.068267
-0.005677
-0.121558
-0.021587
0.823178
-0.011107
-0.064361
-0.997865
3.195827
---
0.748109
0.027156
0.015793
0.662832
-0.002604
-0.080123
-0.029276
-0.131470
-0.001729
0.798289
-0.012370
-0.061568
-0.998026
3.213772
---
0.744873
0.026703
0.015028
0.666503
0.001441
-0.071532
-0.025466
-0.128986
-0.015740
0.725108
-0.013207
-0.059813
-0.998122
3.229886
---
0.740490
0.025787
0.014172
0.671423
0.001009
-0.068940
-0.025612
-0.112289
0.004428
0.662879
-0.013640
-0.057221
-0.998268
3.246922
---
0.736999
0.025351
0.013222
0.675289
0.023338
-0.063038
-0.006178
-0.116931
-0.028640
0.666329
-0.014748
-0.055226
-0.998365
3.264071
---
0.732389
0.024769
0.012262
0.680325
-0.033320
-0.040271
-0.014097
-0.091206
-0.009464
0.703844
-0.015742
-0.052966
-0.998472
3.281226
---
0.728456
0.023908
0.011956
0.684571
-0.032893
-0.038507
-0.014196
-0.128672
0.122910
0.726724
-0.015315
-0.051202
-0.998571
3.298345
---
0.724623
0.022693
0.011726
0.688672
-0.077740
-0.092984
0.026696
-0.129789
0.108857
0.721323
-0.014263
-0.049038
-0.998695
3.315774
---
0.721200
0.021841
0.011488
0.692287
0.040041
-0.033738
0.025632
-0.076664
0.018407
0.521088
-0.013670
-0.047410
-0.998782
3.331886
---
0.717676
0.021162
0.011217
0.695965
0.040356
-0.032318
0.025561
-0.033257
0.019400
0.510827
-0.013354
-0.045990
-0.998853
3.348825
---
0.714682
0.020869
0.010793
0.699054
0.004807
-0.010742
-0.004755
-0.065605
-0.018246
0.579503
-0.013748
-0.044922
-0.998896
3.365890
---
0.711308
0.020304
0.010828
0.702504
-0.075624
-0.012847
-0.006754
-0.035102
0.092301
0.608441
-0.013124
-0.044097
-0.998941
3.382950
---
0.706562
0.018716
0.011385
0.707312
-0.091443
-0.109936
0.005843
-0.119630
0.168085
0.690936
-0.010388
-0.042553
-0.999040
3.400098
---
0.702983
0.017061
0.011602
0.710908
-0.088999
-0.107867
0.005734
-0.123161
0.183990
0.562596
-0.007945
-0.040484
-0.999149
3.417133
---
0.700640
0.016931
0.011464
0.713222
0.055389
0.026329
-0.026508
-0.018553
0.021828
0.478810
-0.008088
-0.040077
-0.999164
3.434283
---
0.697714
0.016690
0.011505
0.716089
0.055629
0.026637
-0.026522
0.041726
0.047626
0.447920
-0.007848
-0.039769
-0.999178
3.451315
---
0.694607
0.016833
0.011764
0.719096
-0.000055
0.057351
0.014515
0.026745
-0.002983
0.566985
-0.007867
-0.040305
-0.999156
3.468467
---
0.690077
0.015626
0.012652
0.723457
-0.144796
-0.061359
-0.009934
-0.016321
0.224042
0.649284
-0.005148
-0.039874
-0.999191
3.485772
---
0.687132
0.014782
0.013227
0.726262
-0.063841
-0.060035
-0.055854
0.007886
0.047301
0.599974
-0.003294
-0.039527
-0.999213
3.501886
---
0.683543
0.014371
0.013674
0.729641
-0.062825
-0.060109
-0.055854
0.008993
0.067208
0.485495
-0.002278
-0.039602
-0.999213
3.518951
---
0.681023
0.013772
0.013452
0.732009
0.046012
-0.013064
0.029062
-0.059519
0.020766
0.352554
-0.001839
-0.038455
-0.999259
3.536100
---
0.678716
0.013370
0.012851
0.734167
0.019296
-0.058507
0.004594
-0.078169
0.012830
0.335278
-0.002188
-0.037023
-0.999312
3.553258
---
0.676926
0.013145
0.012204
0.735832
0.018663
-0.057241
0.004550
-0.102487
0.029293
0.299353
-0.002821
-0.035757
-0.999357
3.570375
---
0.675401
0.012119
0.011321
0.737264
-0.017226
-0.108260
-0.007262
-0.290909
0.022921
0.264587
-0.002577
-0.033065
-0.999450
3.587408
---
0.673533
0.011232
0.010369
0.738999
-0.041694
-0.099790
-0.058126
-0.155227
0.070901
0.318705
-0.002631
-0.030454
-0.999533
3.604562
---
0.671568
0.009810
0.009551
0.740816
-0.040767
-0.096664
-0.058219
-0.159744
0.077984
0.253885
-0.001705
-0.027328
-0.999625
3.621803
---
0.670077
0.008881
0.009062
0.742183
-0.022524
-0.048791
0.002275
-0.129547
0.048680
0.245946
-0.001039
-0.025354
-0.999678
3.637921
---
0.668692
0.008136
0.008314
0.743448
-0.006836
-0.085747
-0.016331
-0.142380
0.016372
0.218069
-0.000976
-0.023247
-0.999729
3.654952
---
0.667620
0.007202
0.007510
0.744430
-0.006555
-0.083298
-0.016385
-0.163444
-0.008244
0.174286
-0.000696
-0.020798
-0.999783
3.672099
---
0.666265
0.006140
0.006442
0.745662
0.005285
-0.097871
-0.018396
-0.140957
0.012194
0.205774
-0.000574
-0.017792
-0.999842
3.689772
---
0.665036
0.005112
0.005696
0.746772
-0.035218
-0.074880
-0.008672
-0.154898
0.040660
0.189465
-0.000062
-0.015310
-0.999883
3.705891
---
0.663947
0.004069
0.005104
0.747751
-0.034466
-0.072612
-0.008704
-0.154553
0.049867
0.175018
0.000691
-0.013042
-0.999915
3.722951
---
0.662940
0.003020
0.004450
0.748653
-0.017176
-0.086842
0.011777
-0.141515
0.053518
0.142201
0.001378
-0.010670
-0.999942
3.740100
---
0.662055
0.002010
0.003662
0.749443
0.004765
-0.061869
-0.000942
-0.127221
0.018125
0.114748
0.001835
-0.008158
-0.999965
3.757774
---
0.661263
0.001280
0.003093
0.750147
0.005106
-0.060047
-0.000954
-0.086494
0.045908
0.153966
0.002176
-0.006336
-0.999978
3.773887
---
0.660370
0.000669
0.002735
0.750935
-0.023754
-0.029405
-0.019515
-0.078679
0.029437
0.131604
0.002613
-0.004991
-0.999984
3.791772
---
0.659490
0.000000
0.002170
0.751710
0.009641
-0.041421
-0.012686
-0.084692
0.003540
0.095088
0.002806
-0.003335
-0.999991
3.808748
---
0.659098
-0.000423
0.001863
0.752055
-0.005684
-0.023719
-0.006829
-0.051053
0.023203
0.043174
0.003105
-0.002235
-0.999993
3.825772
---
0.658812
-0.000863
0.001573
0.752306
-0.005428
-0.022733
-0.006830
-0.057744
0.006522
0.049268
0.003361
-0.001248
-0.999994
3.841889
---
0.658566
-0.000846
0.001656
0.752520
-0.000428
0.037697
-0.011712
0.005933
0.002042
0.048526
0.003478
-0.001366
-0.999993
3.859865
---
0.658250
-0.000762
0.001806
0.752797
0.002553
0.036365
-0.008781
0.034673
-0.001395
0.040501
0.003530
-0.001721
-0.999992
3.876744
---
0.658040
-0.000585
0.002013
0.752980
0.002562
0.035824
-0.008780
0.034843
0.003336
0.033537
0.003539
-0.002262
-0.999991
3.892857
---
0.657889
-0.000386
0.002408
0.753111
-0.005994
0.039870
-0.003894
0.049488
0.013477
0.034955
0.003771
-0.003099
-0.999988
3.909922
---
0.657681
-0.000173
0.002800
0.753292
-0.002810
0.032207
-0.006820
0.051505
0.008509
0.028968
0.004026
-0.003926
-0.999984
3.927773
---
0.657343
-0.000000
0.003239
0.753585
-0.002567
0.031255
-0.006815
0.048448
0.015195
0.043861
0.004269
-0.004878
-0.999979
3.944744
---
0.657056
0.000122
0.003664
0.753833
-0.003334
0.036178
-0.016575
0.053957
0.011119
0.043866
0.004479
-0.005815
-0.999973
3.961134
---
0.656777
0.000405
0.004089
0.754074
-0.005019
0.030400
-0.015591
0.060233
0.014850
0.040600
0.004746
-0.006710
-0.999966
3.979048
---
0.656463
0.000585
0.004493
0.754345
-0.004748
0.029559
-0.015584
0.046226
0.011696
0.053917
0.005018
-0.007550
-0.999959
3.995160
---
0.656087
0.000828
0.004927
0.754668
0.001288
0.029547
-0.013622
0.051788
0.013005
0.043737
0.005195
-0.008539
-0.999950
4.012988
---
0.655851
0.001078
0.005270
0.754871
0.003335
0.029699
-0.007755
0.052047
0.004552
0.038031
0.005288
-0.009364
-0.999942
4.029807
---
0.655479
0.001251
0.005614
0.755192
0.003519
0.028941
-0.007746
0.047668
0.022892
0.078840
0.005472
-0.010122
-0.999934
4.045860
---
0.655151
0.001337
0.006064
0.755472
-0.019471
0.025212
-0.017501
0.049801
0.033580
0.034405
0.005920
-0.010921
-0.999923
4.063013
---
0.655002
0.001596
0.006430
0.755598
0.025543
0.035067
-0.004795
0.042762
-0.011434
0.018689
0.006012
-0.011808
-0.999912
4.080745
---
0.654893
0.001891
0.006665
0.755690
0.025397
0.034314
-0.004787
0.043886
-0.001639
0.020677
0.005866
-0.012561
-0.999904
4.096862
---
0.654753
0.002167
0.006933
0.755808
-0.001032
0.026720
-0.009660
0.046092
-0.009837
0.035208
0.005804
-0.013319
-0.999894
4.114895
---
0.654546
0.002423
0.007215
0.755984
0.000900
0.028890
-0.012580
0.051522
0.002394
0.024601
0.005783
-0.014078
-0.999884
4.130920
---
0.654331
0.002768
0.007572
0.756166
0.000841
0.027896
-0.012565
0.047876
-0.004491
0.027153
0.005724
-0.015073
-0.999870
4.148776
---
0.654200
0.003030
0.007797
0.756275
0.001716
0.021353
-0.010602
0.045389
-0.002116
0.013977
0.005622
-0.015756
-0.999860
4.164889
---
0.654103
0.003230
0.008061
0.756356
-0.000202
0.025564
-0.013521
0.040305
0.004358
0.008491
0.005657
-0.016428
-0.999849
4.182103
---
0.654033
0.003459
0.008343
0.756413
-0.000181
0.024842
-0.013509
0.042265
-0.000942
0.006866
0.005679
-0.017150
-0.999837
4.199227
---
0.653925
0.003678
0.008605
0.756501
0.003735
0.021232
-0.009590
0.039612
0.002525
0.011009
0.005688
-0.017831
-0.999825
4.216804
---
0.653841
0.003812
0.008778
0.756571
0.000831
0.017866
-0.012512
0.030820
-0.002144
0.016067
0.005714
-0.018267
-0.999817
4.232920
---
0.653729
0.004047
0.008989
0.756664
0.002700
0.020172
-0.006642
0.036436
-0.010901
0.008313
0.005630
-0.018891
-0.999806
4.250776
---
0.653615
0.004220
0.009197
0.756760
0.002705
0.019623
-0.006631
0.031727
0.002744
0.021818
0.005634
-0.019440
-0.999795
4.266886
---
0.653516
0.004422
0.009429
0.756841
0.003677
0.019983
-0.006619
0.030410
-0.000252
0.019063
0.005630
-0.020056
-0.999783
4.284777
---
0.653410
0.004626
0.009550
0.756930
0.003521
0.018557
-0.012470
0.033316
-0.015771
0.018800
0.005474
-0.020506
-0.999775
4.300890
---
0.653283
0.004846
0.009711
0.757036
0.003397
0.018024
-0.012460
0.027318
-0.001760
0.015117
0.005350
-0.021039
-0.999764
4.318012
---
0.653134
0.005029
0.009897
0.757161
0.001407
0.017503
-0.011472
0.025174
-0.005824
0.016811
0.005314
-0.021559
-0.999754
4.335133
---
0.652950
0.005178
0.010036
0.757317
0.001359
0.015146
-0.012440
0.020388
-0.006162
0.023751
0.005265
-0.021964
-0.999745
4.352775
---
0.652806
0.005346
0.010124
0.757439
0.001214
0.014791
-0.012433
0.030890
-0.016827
0.025327
0.005121
-0.022319
-0.999738
4.368889
---
0.652612
0.005526
0.010190
0.757604
0.001020
0.009571
-0.013403
0.013198
-0.009243
0.028554
0.004927
-0.022655
-0.999731
4.385922
---
0.652440
0.005642
0.010315
0.757749
-0.000950
0.016066
-0.012419
0.020914
0.004808
0.032720
0.004909
-0.022996
-0.999723
4.403073
---
0.652359
0.005714
0.010428
0.757817
-0.000914
0.015803
-0.012413
0.010378
0.001976
0.016159
0.004945
-0.023260
-0.999717
4.420776
---
0.652323
0.005844
0.010577
0.757845
0.001036
0.013452
-0.010450
0.023160
-0.002162
-0.005899
0.004942
-0.023657
-0.999708
4.436890
---
0.652336
0.005939
0.010730
0.757831
0.000115
0.012120
-0.013371
0.020673
0.003192
0.011336
0.004998
-0.024013
-0.999699
4.454104
---
0.652322
0.006070
0.010843
0.757840
0.000065
0.011778
-0.013363
0.022493
-0.001393
0.004999
0.004947
-0.024355
-0.999691
4.471138
---
0.652273
0.006181
0.010973
0.757880
-0.000914
0.013385
-0.011401
0.015736
-0.004893
0.003056
0.004946
-0.024701
-0.999683
4.488746
---
0.652238
0.006314
0.011067
0.757907
0.000957
0.014049
-0.015300
0.025153
-0.000046
0.005261
0.004863
-0.025014
-0.999675
4.504862
---
0.652186
0.006415
0.011208
0.757949
0.000986
0.013701
-0.015291
0.028829
0.000783
0.008945
0.004892
-0.025361
-0.999666
4.521892
---
0.652083
0.006527
0.011351
0.758034
0.002957
0.018225
-0.008446
0.017070
-0.002607
0.018260
0.004910
-0.025720
-0.999657
4.539043
---
0.651976
0.006633
0.011552
0.758122
-0.005736
0.011919
-0.008434
0.020446
0.008185
0.010153
0.005007
-0.026167
-0.999645
4.557782
---
0.651906
0.006702
0.011700
0.758180
-0.005650
0.011605
-0.008425
0.020882
0.003235
0.017570
0.005092
-0.026481
-0.999636
4.572892
---
0.651808
0.006764
0.011854
0.758261
0.005193
0.011289
-0.014276
0.023993
0.006699
0.018580
0.005193
-0.026797
-0.999627
4.590774
---
0.651717
0.006874
0.011990
0.758337
0.000319
0.010940
-0.009384
0.023928
-0.001272
0.019676
0.005202
-0.027146
-0.999618
4.606802
---
0.651559
0.007003
0.012091
0.758469
0.007085
0.015505
-0.013281
0.014438
-0.006841
0.023946
0.005132
-0.027464
-0.999610
4.624743
---
0.651380
0.007172
0.012205
0.758620
0.006971
0.015107
-0.013271
0.026048
-0.006502
0.014753
0.005018
-0.027862
-0.999599
4.640861
---
0.651196
0.007276
0.012227
0.758776
-0.000000
0.007126
-0.006431
0.009165
0.005295
0.031807
0.004883
-0.028031
-0.999595
4.658776
---
0.651046
0.007390
0.012273
0.758903
-0.000118
0.006903
-0.006425
0.012265
-0.002478
0.023040
0.004765
-0.028253
-0.999590
4.674833
---
0.650823
0.007474
0.012348
0.759093
-0.001133
0.005707
-0.012279
0.004553
0.001149
0.029341
0.004726
-0.028473
-0.999583
4.692776
---
0.650675
0.007523
0.012359
0.759219
0.000753
0.007577
-0.010324
0.003212
-0.003273
0.030689
0.004659
-0.028556
-0.999581
4.709776
---
0.650552
0.007572
0.012403
0.759323
0.000732
0.004515
-0.004460
0.001803
-0.005039
0.013483
0.004638
-0.028688
-0.999578
4.726777
---
0.650517
0.007652
0.012423
0.759352
0.000636
0.004380
-0.004457
0.011459
-0.002727
0.008900
0.004542
-0.028823
-0.999574
4.742802
---
0.650459
0.007742
0.012505
0.759399
0.000603
0.012926
-0.009333
0.014272
-0.008730
0.006290
0.004509
-0.029067
-0.999567
4.760806
---
0.650443
0.007830
0.012555
0.759411
-0.001417
0.006880
-0.008351
0.009945
-0.002882
-0.000975
0.004442
-0.029253
-0.999562
4.777807
---
0.650456
0.007841
0.012622
0.759399
-0.001350
0.006761
-0.008348
0.004836
0.002891
0.001818
0.004510
-0.029371
-0.999558
4.795415
---
0.650506
0.007887
0.012772
0.759353
-0.005128
0.013309
-0.014198
0.012841
0.010840
-0.005378
0.004638
-0.029660
-0.999549
4.811444
---
0.650549
0.007898
0.012949
0.759313
-0.002960
0.007171
-0.012235
0.008929
0.004536
-0.009928
0.004853
-0.029939
-0.999540
4.828775
---
0.650516
0.007939
0.013059
0.759339
-0.002879
0.006946
-0.012228
0.011550
0.002551
0.003243
0.004934
-0.030163
-0.999533
4.845777
---
0.650455
0.007984
0.013134
0.759389
-0.001877
0.005796
-0.013199
0.006336
0.003920
0.015272
0.004959
-0.030337
-0.999527
4.861890
---
0.650393
0.008046
0.013180
0.759441
0.003946
0.008578
-0.007336
0.011749
-0.006698
0.008955
0.004922
-0.030485
-0.999523
4.878924
---
0.650322
0.008120
0.013190
0.759501
0.003846
0.008466
-0.007333
0.002939
-0.013747
0.013432
0.004822
-0.030597
-0.999520
4.896075
---
0.650208
0.008202
0.013158
0.759598
0.002698
0.002546
-0.013191
0.000289
-0.006110
0.013301
0.004651
-0.030657
-0.999519
4.913778
---
0.650117
0.008279
0.013198
0.759674
0.004583
0.003362
-0.009280
0.008524
-0.001079
0.006898
0.004583
-0.030817
-0.999515
4.929892
---
0.650038
0.008352
0.013215
0.759741
0.004487
0.003243
-0.009277
0.005873
-0.005904
0.012469
0.004487
-0.030937
-0.999511
4.946985
---
0.649974
0.008400
0.013270
0.759794
-0.002350
0.007003
-0.003413
0.004400
0.002673
0.011782
0.004486
-0.031083
-0.999507
4.964107
---
0.649891
0.008443
0.013334
0.759863
-0.002335
0.008799
-0.011221
0.005797
-0.001580
0.016144
0.004500
-0.031240
-0.999502
4.980772
---
0.649796
0.008497
0.013366
0.759944
-0.002381
0.008680
-0.011217
0.008046
0.005990
0.015350
0.004455
-0.031359
-0.999498
4.997893
---
0.649677
0.008609
0.013448
0.760042
0.003411
0.011336
-0.015115
0.017126
0.003978
0.010749
0.004388
-0.031632
-0.999490
5.015781
---
0.649606
0.008715
0.013486
0.760101
0.006227
0.005284
-0.006320
0.007637
-0.005475
0.014432
0.004274
-0.031825
-0.999484
5.031893
---
0.649515
0.008778
0.013529
0.760178
0.006184
0.005139
-0.006316
0.007401
0.005109
0.013974
0.004231
-0.031970
-0.999480
5.049779
---
0.649453
0.008831
0.013572
0.760229
-0.002635
0.007933
-0.009241
0.009656
-0.005997
0.006359
0.004201
-0.032107
-0.999476
5.065891
---
0.649398
0.008887
0.013604
0.760275
0.002204
0.001951
-0.011191
0.005605
-0.002010
0.006620
0.004157
-0.032229
-0.999472
5.083624
---
0.649367
0.008923
0.013625
0.760300
0.002174
0.001872
-0.011188
0.015662
0.005084
-0.000639
0.004127
-0.032308
-0.999469
5.100745
---
0.649304
0.008939
0.013627
0.760354
-0.000780
0.004778
-0.012164
-0.000345
-0.003453
0.006468
0.004103
-0.032331
-0.999469
5.116797
---
0.649279
0.008977
0.013631
0.760375
-0.003762
0.005697
-0.013139
0.008010
-0.003871
0.012819
0.004051
-0.032389
-0.999467
5.133922
---
0.649303
0.009016
0.013725
0.760352
-0.001746
0.005506
-0.009226
0.009268
0.003374
0.004241
0.004113
-0.032580
-0.999461
5.151136
---
0.649261
0.009038
0.013772
0.760387
-0.001722
0.005405
-0.009223
0.005427
0.000861
0.004801
0.004137
-0.032681
-0.999457
5.168261
---
0.649223
0.009104
0.013807
0.760419
0.004081
0.004290
-0.008242
-0.000619
-0.005178
0.000356
0.004081
-0.032819
-0.999453
5.185777
---
0.649147
0.009113
0.013829
0.760483
-0.002741
0.012056
-0.012147
0.006119
0.010479
0.009384
0.004095
-0.032866
-0.999451
5.201894
---
0.649066
0.009137
0.013936
0.760550
-0.002643
0.011862
-0.012140
0.009501
0.008887
0.018427
0.004193
-0.033060
-0.999445
5.219808
---
0.649000
0.009210
0.013963
0.760605
0.005089
0.003916
-0.013112
0.006174
-0.001149
0.010871
0.004112
-0.033193
-0.999440
5.235926
---
0.648936
0.009258
0.013987
0.760658
0.001138
0.006744
-0.004320
0.011369
-0.008629
0.006950
0.004068
-0.033295
-0.999437
5.253778
---
0.648879
0.009330
0.014023
0.760705
0.001073
0.006598
-0.004315
0.006975
-0.004098
0.008263
0.004002
-0.033442
-0.999433
5.269893
---
0.648783
0.009370
0.014052
0.760786
0.000069
0.010405
-0.011148
0.011728
0.003668
0.018802
0.003975
-0.033541
-0.999430
5.286957
---
0.648663
0.009474
0.014145
0.760885
-0.000948
0.007199
-0.004303
0.008228
-0.002809
0.031835
0.003935
-0.033817
-0.999420
5.304775
---
0.648463
0.009569
0.014162
0.761054
-0.001081
0.007049
-0.004299
0.003138
-0.001796
0.031701
0.003802
-0.033967
-0.999416
5.321777
---
0.648292
0.009599
0.014196
0.761199
0.004770
0.004028
-0.012108
0.006651
-0.016349
0.031544
0.003794
-0.034058
-0.999413
5.337893
---
0.648080
0.009693
0.014161
0.761379
0.000665
0.006887
-0.016013
0.004048
-0.015713
0.034663
0.003595
-0.034129
-0.999411
5.354956
---
0.647916
0.009791
0.014211
0.761517
0.000574
0.006684
-0.016006
0.009212
-0.001303
0.024537
0.003503
-0.034332
-0.999404
5.372776
---
0.647813
0.009870
0.014191
0.761603
0.007259
0.005636
-0.008191
0.004219
-0.009911
0.010962
0.003353
-0.034403
-0.999402
5.389777
---
0.647767
0.009947
0.014208
0.761641
-0.002604
0.009414
-0.009164
0.004482
-0.012471
0.005497
0.003256
-0.034531
-0.999398
5.406534
---
0.647737
0.009994
0.014277
0.761665
-0.002588
0.009249
-0.009158
0.009527
0.002027
0.005392
0.003271
-0.034696
-0.999393
5.423562
---
0.647683
0.010065
0.014303
0.761709
0.003195
0.006188
-0.010130
0.006895
-0.006466
0.011751
0.003195
-0.034828
-0.999388
5.440718
---
0.647609
0.010102
0.014369
0.761771
0.003221
0.003110
-0.004266
0.005267
-0.010187
0.022032
0.003221
-0.034976
-0.999383
5.456770
---
0.647477
0.010140
0.014363
0.761882
0.003150
0.003066
-0.004265
0.007147
-0.001433
0.017738
0.003150
-0.035020
-0.999382
5.473893
---
0.647394
0.010178
0.014425
0.761951
-0.004648
0.006831
-0.009142
0.013058
-0.005273
0.011354
0.003165
-0.035161
-0.999377
5.491228
---
0.647276
0.010260
0.014477
0.762049
0.001150
0.004691
-0.013042
0.003641
-0.006272
0.020982
0.003103
-0.035348
-0.999370
5.508748
---
0.647226
0.010279
0.014473
0.762092
-0.002793
0.007603
-0.013042
0.004305
0.002636
0.013084
0.003066
-0.035366
-0.999370
5.524769
---
0.647142
0.010294
0.014560
0.762161
-0.002707
0.007451
-0.013036
0.011453
0.004893
0.005229
0.003153
-0.035518
-0.999364
5.542382
---
0.647075
0.010361
0.014585
0.762216
0.000152
0.005372
-0.012055
0.011915
-0.004975
0.008032
0.003082
-0.035643
-0.999360
5.559779
---
0.646976
0.010406
0.014612
0.762299
0.000114
0.005271
-0.012052
-0.001109
0.002247
0.012693
0.003044
-0.035745
-0.999356
5.576780
---
0.646906
0.010411
0.014626
0.762358
-0.006717
0.004268
-0.010098
0.002528
-0.000242
0.012642
0.003049
-0.035771
-0.999355
5.592892
---
0.646810
0.010438
0.014665
0.762439
-0.003783
0.004174
-0.013024
0.010613
-0.004094
0.013818
0.003053
-0.035865
-0.999352
5.610382
---
0.646733
0.010450
0.014639
0.762505
0.002997
-0.001663
-0.013025
-0.006125
-0.003705
0.013125
0.002997
-0.035843
-0.999353
5.627809
---
0.646705
0.010459
0.014625
0.762529
0.002964
-0.001653
-0.013025
0.000057
-0.002589
0.000764
0.002964
-0.035833
-0.999353
5.643924
---
0.646755
0.010493
0.014635
0.762485
0.002928
0.005122
-0.012047
0.005961
0.000221
-0.008923
0.002928
-0.035893
-0.999351
5.661809
---
0.646778
0.010550
0.014635
0.762465
0.002842
0.000168
-0.011068
0.003751
-0.012557
-0.003669
0.002842
-0.035965
-0.999349
5.678565
---
0.646813
0.010636
0.014583
0.762435
0.002645
0.000135
-0.011067
-0.002424
-0.020768
-0.000315
0.002645
-0.035998
-0.999348
5.695686
---
0.646857
0.010684
0.014573
0.762397
-0.000367
0.003993
-0.010089
0.001625
-0.001121
-0.004367
0.002563
-0.036046
-0.999347
5.711713
---
0.646845
0.010729
0.014579
0.762407
-0.000430
0.004906
-0.009110
0.002982
0.000117
0.000315
0.002500
-0.036109
-0.999345
5.728803
---
0.646871
0.010768
0.014592
0.762384
-0.000469
0.004833
-0.009108
0.003203
0.005718
-0.009295
0.002461
-0.036183
-0.999342
5.746809
---
0.646888
0.010757
0.014671
0.762368
-0.004257
0.003752
-0.011057
0.001815
0.002052
0.004438
0.002579
-0.036287
-0.999338
5.762926
---
0.646848
0.010757
0.014720
0.762401
0.001664
0.004653
-0.011054
0.003403
0.003223
-0.003792
0.002641
-0.036362
-0.999335
5.780751
---
0.646868
0.010753
0.014763
0.762383
0.001729
0.004594
-0.011052
0.004542
0.001870
-0.008654
0.002705
-0.036422
-0.999333
5.796863
---
0.646809
0.010788
0.014719
0.762434
0.001616
-0.006128
-0.007146
-0.005900
-0.011181
0.011653
0.002593
-0.036402
-0.999334
5.814786
---
0.646696
0.010778
0.014671
0.762530
0.000585
-0.001158
-0.009103
-0.008427
0.001790
0.024230
0.002538
-0.036314
-0.999337
5.830892
---
0.646567
0.010796
0.014614
0.762641
0.000476
-0.001095
-0.009105
-0.007287
-0.004039
0.017724
0.002429
-0.036251
-0.999340
5.848780
---
0.646509
0.010852
0.014555
0.762690
0.004218
0.000874
-0.011060
-0.001109
-0.008718
0.011623
0.002265
-0.036236
-0.999341
5.864892
---
0.646380
0.010967
0.014466
0.762799
0.002945
-0.000117
-0.007153
-0.003713
-0.014822
0.027329
0.001968
-0.036249
-0.999341
5.881927
---
0.646205
0.011066
0.014355
0.762949
0.002644
-0.000076
-0.007155
0.001951
-0.016028
0.025501
0.001667
-0.036208
-0.999343
5.899076
---
0.645970
0.011217
0.014204
0.763149
0.001231
0.002890
-0.009110
0.004504
-0.021298
0.030011
0.001231
-0.036173
-0.999345
5.916811
---
0.645841
0.011333
0.014050
0.763259
0.003778
0.001022
-0.008137
-0.005650
-0.026290
0.016664
0.000848
-0.036087
-0.999348
5.932925
---
0.645748
0.011518
0.013831
0.763339
-0.000699
-0.002789
-0.010094
-0.005436
-0.024162
0.009313
0.000277
-0.035992
-0.999352
5.949987
---
0.645631
0.011652
0.013665
0.763438
-0.001122
-0.002709
-0.010097
-0.000370
-0.018415
0.016718
-0.000146
-0.035912
-0.999355
5.967141
---
0.645544
0.011707
0.013547
0.763513
0.002544
-0.003573
-0.013031
-0.005850
-0.015772
0.009280
-0.000386
-0.035799
-0.999359
5.984781
---
0.645476
0.011737
0.013460
0.763571
0.002383
0.006284
-0.006198
-0.005648
-0.008866
0.015905
-0.000547
-0.035709
-0.999362
6.000894
---
0.645421
0.011780
0.013412
0.763619
0.002253
0.006303
-0.006199
0.004223
-0.007438
0.001195
-0.000677
-0.035690
-0.999363
6.017928
---
0.645348
0.011744
0.013390
0.763681
-0.001633
0.002476
-0.005225
-0.006508
-0.001898
0.025537
-0.000656
-0.035610
-0.999366
6.035078
---
0.645256
0.011748
0.013344
0.763759
-0.004630
-0.000389
-0.010110
-0.002949
0.002280
0.018058
-0.000724
-0.035545
-0.999368
6.052384
---
0.645244
0.011541
0.013491
0.763770
-0.004126
-0.000344
-0.010112
0.003170
-0.010063
-0.000089
-0.000220
-0.035500
-0.999370
6.069506
---
0.645233
0.011454
0.013594
0.763779
-0.004838
0.006445
-0.024759
-0.000351
0.006138
0.000253
0.000045
-0.035547
-0.999368
6.086781
---
0.645278
0.011398
0.013650
0.763741
-0.000771
-0.001383
-0.010110
-0.000150
0.007143
-0.005420
0.000205
-0.035563
-0.999367
6.102894
---
0.645333
0.011366
0.013692
0.763694
-0.000664
-0.001402
-0.010109
0.005963
0.015462
-0.009844
0.000313
-0.035582
-0.999367
6.120781
---
0.645367
0.011291
0.013813
0.763664
-0.002347
0.004369
-0.014012
0.006673
0.014273
-0.006666
0.000583
-0.035670
-0.999363
6.136895
---
0.645354
0.011183
0.013920
0.763675
-0.006926
-0.002493
-0.009128
0.003610
0.015852
0.000906
0.000887
-0.035696
-0.999362
6.153928
---
0.645334
0.011087
0.013992
0.763692
-0.006689
-0.002479
-0.009128
-0.000853
0.004333
0.001168
0.001124
-0.035682
-0.999363
6.171080
---
0.645119
0.011042
0.014014
0.763874
0.005117
-0.004407
-0.012059
-0.010637
0.002845
0.059804
0.001211
-0.035657
-0.999363
6.188751
---
0.644822
0.010999
0.014001
0.764125
-0.012425
0.003483
-0.016944
-0.001463
0.025882
0.041582
0.001247
-0.035580
-0.999366
6.204865
---
0.644684
0.010971
0.014032
0.764242
-0.012349
0.003468
-0.016944
0.002764
-0.019729
0.009535
0.001323
-0.035595
-0.999366
6.221898
---
0.644616
0.011126
0.013951
0.764299
0.021485
0.012182
-0.011082
0.001460
-0.029784
0.006181
0.000978
-0.035669
-0.999363
6.239352
---
0.644631
0.011273
0.013863
0.764285
0.006502
0.003334
-0.006197
0.003154
-0.027167
0.007066
0.000643
-0.035729
-0.999361
6.256871
---
0.644601
0.011434
0.013757
0.764310
0.006118
0.003292
-0.006196
0.010600
-0.015764
-0.003868
0.000258
-0.035770
-0.999360
6.272987
---
0.644638
0.011506
0.013700
0.764279
0.001052
0.000358
-0.011079
0.002023
-0.002834
-0.002748
0.000076
-0.035775
-0.999360
6.290017
---
0.644561
0.011554
0.013678
0.764343
0.000945
0.004236
-0.011078
0.008052
-0.014905
0.012856
-0.000031
-0.035803
-0.999359
6.307052
---
0.644458
0.011614
0.013671
0.764430
-0.000135
-0.001692
-0.010099
-0.001038
-0.000650
0.021126
-0.000135
-0.035871
-0.999356
6.324779
---
0.643999
0.011451
0.013844
0.764815
0.000315
-0.001743
-0.010097
0.001354
0.109467
0.129449
0.000315
-0.035923
-0.999354
6.340899
---
0.643134
0.011198
0.013795
0.765548
-0.037487
-0.044315
0.020163
-0.013833
0.054596
0.108059
0.000599
-0.035525
-0.999369
6.358812
---
0.642487
0.010915
0.013746
0.766096
-0.037146
-0.043880
0.020148
-0.020163
-0.000821
0.087012
0.000940
-0.035091
-0.999384
6.374869
---
0.642331
0.010845
0.013495
0.766231
0.003647
-0.012155
-0.019908
-0.031829
-0.082629
0.002977
0.000717
-0.034616
-0.999400
6.392019
---
0.642249
0.011008
0.013308
0.766302
0.019754
0.020152
-0.037489
0.002714
0.037922
0.016479
0.000223
-0.034536
-0.999403
6.409782
---
0.642146
0.011118
0.013259
0.766387
0.000963
0.004458
-0.026745
0.005784
-0.014954
0.018441
-0.000013
-0.034605
-0.999401
6.425897
---
0.642060
0.011133
0.013313
0.766458
0.001007
0.004357
-0.026741
-0.000485
-0.013781
0.005492
0.000030
-0.034705
-0.999398
6.443023
---
0.641972
0.011246
0.013285
0.766530
0.004698
0.000349
-0.015996
0.011113
-0.010245
0.005136
-0.000185
-0.034808
-0.999394
6.460142
---
0.641903
0.011320
0.013238
0.766588
-0.003290
0.000327
-0.015995
-0.005372
-0.012372
0.018413
-0.000361
-0.034829
-0.999393
6.478088
---
0.641885
0.011363
0.013194
0.766603
-0.003413
0.000339
-0.015995
-0.005347
-0.000111
0.006610
-0.000483
-0.034818
-0.999394
6.494204
---
0.641871
0.011419
0.013192
0.766614
0.003334
0.000272
-0.007204
0.004828
-0.010533
0.002057
-0.000572
-0.034885
-0.999391
6.511234
---
0.641965
0.011524
0.013121
0.766535
-0.000821
0.001219
-0.009156
0.005246
-0.009355
-0.011339
-0.000821
-0.034913
-0.999390
6.528812
---
0.642045
0.011567
0.013114
0.766468
-0.000892
0.001175
-0.009154
0.000325
-0.003575
-0.011368
-0.000892
-0.034958
-0.999388
6.545782
---
0.642087
0.011561
0.013082
0.766433
0.002010
0.001234
-0.008179
-0.004502
0.006526
-0.003222
-0.000920
-0.034899
-0.999390
6.561895
---
0.642129
0.011577
0.013040
0.766398
0.002908
0.000298
-0.007204
-0.003846
-0.004828
-0.009194
-0.000998
-0.034858
-0.999392
6.578929
---
0.642127
0.011610
0.013004
0.766400
0.002812
0.000314
-0.007205
-0.001351
-0.002059
0.005189
-0.001094
-0.034842
-0.999392
6.596082
---
0.642124
0.011675
0.012971
0.766402
0.004621
-0.001673
-0.012086
0.004558
-0.004354
0.004198
-0.001239
-0.034876
-0.999391
6.613752
---
0.642123
0.011684
0.012935
0.766403
-0.001296
0.000321
-0.012088
0.001639
-0.001679
0.004057
-0.001296
-0.034835
-0.999392
6.629866
---
0.642133
0.011735
0.012848
0.766396
-0.001486
0.000391
-0.012090
-0.008429
-0.008369
0.003338
-0.001486
-0.034765
-0.999394
6.646930
---
0.642108
0.011793
0.012824
0.766416
-0.002583
0.001330
-0.007205
0.003821
-0.003022
-0.000571
-0.001607
-0.034803
-0.999393
6.664078
---
0.642053
0.011771
0.012846
0.766463
0.000403
0.003280
-0.007205
-0.004601
0.010850
0.003598
-0.001550
-0.034806
-0.999393
6.681751
---
0.642002
0.011768
0.012878
0.766505
0.000449
0.003232
-0.007204
0.003920
0.004621
0.014523
-0.001504
-0.034854
-0.999391
6.697865
---
0.641917
0.011752
0.012970
0.766575
0.004490
0.007993
-0.011106
0.014496
0.002317
0.006855
-0.001369
-0.034975
-0.999387
6.715814
---
0.641809
0.011754
0.013048
0.766663
0.003609
0.003966
-0.004266
0.003901
0.012261
0.016686
-0.001274
-0.035096
-0.999383
6.731927
---
0.641677
0.011715
0.013167
0.766772
-0.006926
0.006765
-0.013051
0.011910
0.019194
0.024636
-0.001067
-0.035227
-0.999379
6.749784
---
0.641590
0.011682
0.013255
0.766844
-0.006768
0.006671
-0.013048
0.006867
0.010203
0.017866
-0.000909
-0.035322
-0.999376
6.765900
---
0.641472
0.011642
0.013336
0.766942
-0.003681
0.005622
-0.005233
-0.000458
0.011655
0.023720
-0.000751
-0.035393
-0.999373
6.782960
---
0.641365
0.011606
0.013474
0.767030
-0.003452
0.005460
-0.005227
0.008225
0.014184
0.012136
-0.000522
-0.035555
-0.999368
6.800110
---
0.641257
0.011563
0.013570
0.767119
-0.001314
0.003411
-0.013036
0.001920
0.001507
0.015782
-0.000337
-0.035651
-0.999364
6.817814
---
0.641175
0.011577
0.013623
0.767186
0.004588
0.006240
-0.009126
0.011178
0.009711
0.004939
-0.000295
-0.035752
-0.999361
6.833927
---
0.641121
0.011609
0.013654
0.767230
0.004578
0.006155
-0.009123
-0.002456
-0.001540
0.016236
-0.000305
-0.035837
-0.999358
6.850959
---
0.641054
0.011625
0.013664
0.767286
-0.000319
-0.001696
-0.010098
0.001177
0.001949
0.010420
-0.000319
-0.035876
-0.999356
6.868116
---
0.641041
0.011629
0.013693
0.767296
-0.002243
0.000211
-0.011073
0.000475
-0.000856
0.005994
-0.000290
-0.035922
-0.999355
6.885782
---
0.641004
0.011643
0.013688
0.767327
-0.000321
-0.000777
-0.010096
-0.001738
-0.001342
0.006026
-0.000321
-0.035933
-0.999354
6.901898
---
0.640960
0.011719
0.013629
0.767364
-0.000514
-0.000784
-0.010096
-0.001736
-0.018319
0.011454
-0.000514
-0.035940
-0.999354
6.918962
---
0.640926
0.011876
0.013543
0.767391
0.004016
0.005004
-0.010093
0.006861
-0.016745
0.006272
-0.000867
-0.036012
-0.999351
6.936750
---
0.640883
0.011954
0.013539
0.767426
-0.003923
0.003936
-0.016926
0.004348
-0.007315
0.003537
-0.000993
-0.036103
-0.999348
6.953231
---
0.640871
0.012005
0.013529
0.767436
-0.004014
0.003886
-0.016924
0.004296
-0.005952
-0.002794
-0.001085
-0.036153
-0.999346
6.970752
---
0.640877
0.012015
0.013481
0.767431
0.000792
-0.001915
-0.013020
-0.007162
-0.003209
-0.001641
-0.001161
-0.036095
-0.999348
6.986777
---
0.640864
0.011982
0.013444
0.767443
-0.004088
-0.004741
-0.010094
-0.011157
-0.001663
0.004776
-0.001159
-0.035991
-0.999351
7.004753
---
0.640864
0.011967
0.013393
0.767444
-0.004133
-0.004645
-0.010097
0.003441
-0.003325
-0.006313
-0.001203
-0.035895
-0.999355
7.020778
---
0.640890
0.012023
0.013362
0.767422
0.004532
0.005097
-0.009119
-0.001480
0.003101
-0.000685
-0.001328
-0.035919
-0.999354
7.037901
---
0.640912
0.012015
0.013396
0.767403
-0.004200
0.004077
-0.014001
0.007543
0.001277
-0.002145
-0.001270
-0.035962
-0.999352
7.054931
---
0.640907
0.012018
0.013426
0.767407
-0.004166
0.004029
-0.013999
0.009290
0.004533
-0.007529
-0.001236
-0.036010
-0.999351
7.072792
---
0.640868
0.012017
0.013467
0.767438
-0.002160
0.005919
-0.013020
0.005544
-0.000251
0.012848
-0.001184
-0.036073
-0.999348
7.088901
---
0.640839
0.011988
0.013488
0.767464
0.000839
-0.002866
-0.004232
-0.007238
0.002107
0.004720
-0.001114
-0.036069
-0.999349
7.106021
---
0.640737
0.012002
0.013461
0.767549
0.000779
-0.002843
-0.004232
-0.003883
0.000078
0.019996
-0.001174
-0.036046
-0.999349
7.123082
---
0.640684
0.012006
0.013470
0.767593
0.000783
0.000070
-0.011068
0.001001
0.001187
-0.007633
-0.001170
-0.036063
-0.999349
7.140233
---
0.640655
0.012033
0.013519
0.767615
-0.000174
-0.000041
-0.011064
0.008102
0.001323
0.003833
-0.001151
-0.036174
-0.999345
7.157785
---
0.640618
0.012056
0.013482
0.767646
-0.000261
-0.000013
-0.011065
0.007666
-0.003135
0.001111
-0.001238
-0.036146
-0.999346
7.173899
---
0.640634
0.012069
0.013503
0.767632
-0.000251
0.003844
-0.009110
0.002704
0.000386
-0.015947
-0.001227
-0.036195
-0.999344
7.191787
---
0.640613
0.012076
0.013500
0.767651
-0.004174
0.002861
-0.012039
0.007095
0.003559
-0.002558
-0.001245
-0.036201
-0.999344
7.208786
---
0.640609
0.012037
0.013538
0.767654
0.004724
-0.000075
-0.006180
0.004101
-0.003313
-0.003513
-0.001135
-0.036207
-0.999344
7.225787
---
0.640563
0.012015
0.013534
0.767692
0.004749
-0.000042
-0.006181
0.005365
-0.005628
0.002240
-0.001111
-0.036175
-0.999345
7.241900
---
0.640568
0.012023
0.013562
0.767687
0.000870
0.003813
-0.009109
0.001849
0.000930
-0.010515
-0.001083
-0.036226
-0.999343
7.259816
---
0.640562
0.012039
0.013577
0.767692
-0.004019
-0.006974
-0.012037
0.002035
0.000808
0.004541
-0.001089
-0.036271
-0.999341
7.276573
---
0.640472
0.012014
0.013599
0.767767
-0.003959
-0.006975
-0.012037
-0.000419
-0.000366
0.010295
-0.001029
-0.036272
-0.999341
7.293696
---
0.640404
0.012055
0.013547
0.767824
0.002743
0.006725
-0.008131
-0.002018
-0.007781
0.015330
-0.001163
-0.036243
-0.999342
7.309778
---
0.640333
0.012077
0.013537
0.767883
0.004648
0.000852
-0.011061
-0.001681
-0.008477
0.012888
-0.001211
-0.036257
-0.999342
7.326778
---
0.640285
0.012103
0.013521
0.767923
0.004587
0.000845
-0.011060
-0.000454
0.003861
0.007004
-0.001273
-0.036264
-0.999341
7.343901
---
0.640226
0.012092
0.013501
0.767973
-0.001286
-0.002041
-0.012038
0.000367
-0.004264
0.008593
-0.001286
-0.036221
-0.999343
7.361416
---
0.640120
0.012051
0.013506
0.768062
-0.000244
-0.002971
-0.007157
-0.002303
-0.002573
0.022029
-0.001221
-0.036174
-0.999345
7.378542
---
0.640053
0.012058
0.013488
0.768118
-0.000282
-0.002954
-0.007158
-0.004738
0.001067
0.012789
-0.001259
-0.036157
-0.999345
7.395664
---
0.639985
0.012071
0.013421
0.768175
0.010351
-0.002867
-0.011067
-0.009489
-0.013003
0.010467
-0.001368
-0.036070
-0.999348
7.411721
---
0.639952
0.012080
0.013342
0.768204
-0.004413
-0.002757
-0.011071
-0.006796
0.001831
0.001706
-0.001483
-0.035960
-0.999352
7.428810
---
0.639942
0.012107
0.013352
0.768212
-0.004444
-0.002804
-0.011069
0.002721
-0.001795
-0.009943
-0.001514
-0.036007
-0.999350
7.445842
---
0.639928
0.012118
0.013349
0.768224
0.005300
0.002065
-0.014975
0.000248
-0.000731
-0.003084
-0.001536
-0.036021
-0.999350
7.462993
---
0.639925
0.012166
0.013329
0.768225
-0.000658
-0.001871
-0.007161
0.000660
-0.003005
0.000610
-0.001634
-0.036051
-0.999349
7.480788
---
0.639937
0.012184
0.013338
0.768215
-0.000673
-0.001907
-0.007160
0.002959
-0.004752
-0.002870
-0.001650
-0.036087
-0.999347
7.496905
---
0.639943
0.012156
0.013314
0.768211
0.000316
0.001092
-0.009116
-0.001876
-0.002362
-0.000629
-0.001637
-0.036017
-0.999350
7.514784
---
0.639938
0.012155
0.013324
0.768215
0.000330
-0.004777
-0.012045
0.001845
0.001347
-0.005300
-0.001623
-0.036027
-0.999349
7.530902
---
0.639971
0.012141
0.013328
0.768188
0.000360
-0.004769
-0.012045
-0.003818
0.005590
-0.006495
-0.001594
-0.036019
-0.999350
7.548757
---
0.639962
0.012161
0.013351
0.768194
-0.001596
0.002982
-0.013020
0.007156
0.000683
0.006049
-0.001596
-0.036081
-0.999348
7.564868
---
0.639959
0.012165
0.013372
0.768196
0.001354
-0.001935
-0.010089
0.009571
0.006517
-0.006050
-0.001576
-0.036115
-0.999346
7.581993
---
0.640029
0.012129
0.013373
0.768139
0.001415
-0.001889
-0.010090
-0.004715
-0.002818
-0.013620
-0.001515
-0.036069
-0.999348
7.599119
---
0.640086
0.012128
0.013336
0.768091
0.004301
-0.001833
-0.006186
-0.004638
-0.006403
-0.010690
-0.001559
-0.036013
-0.999350
7.616788
---
0.640082
0.012110
0.013315
0.768096
0.000395
-0.003731
-0.012047
-0.009372
-0.005033
0.004087
-0.001558
-0.035958
-0.999352
7.632901
---
0.640159
0.012113
0.013313
0.768032
0.000391
-0.003731
-0.012047
-0.000182
-0.003793
-0.012997
-0.001562
-0.035958
-0.999352
7.649941
---
0.640167
0.012117
0.013240
0.768027
0.001268
-0.003625
-0.010098
-0.006196
-0.006018
-0.001846
-0.001662
-0.035851
-0.999356
7.667087
---
0.640161
0.012123
0.013210
0.768032
0.001221
0.001296
-0.011076
-0.007657
-0.002082
-0.002989
-0.001708
-0.035813
-0.999357
7.684757
---
0.640190
0.012148
0.013215
0.768007
0.002167
-0.000698
-0.011074
0.004623
-0.007662
-0.013963
-0.001740
-0.035854
-0.999356
7.700870
---
0.640182
0.012164
0.013164
0.768014
0.002076
-0.000640
-0.011076
0.001018
-0.006191
-0.004818
-0.001830
-0.035796
-0.999357
7.718421
---
0.640177
0.012219
0.013151
0.768018
0.000022
-0.001664
-0.007168
0.004229
-0.004939
0.003166
-0.001931
-0.035843
-0.999356
7.735546
---
0.640101
0.012223
0.013147
0.768081
-0.005851
0.000289
-0.009121
0.002827
0.004935
0.013883
-0.001945
-0.035844
-0.999355
7.753398
---
0.640097
0.012176
0.013180
0.768085
-0.005738
0.000299
-0.009122
-0.002073
0.007315
-0.004156
-0.001832
-0.035834
-0.999356
7.769508
---
0.640075
0.012134
0.013241
0.768102
-0.001692
0.003187
-0.014980
-0.001434
0.000768
0.013662
-0.001692
-0.035875
-0.999355
7.786546
---
0.640038
0.012110
0.013300
0.768133
-0.004511
-0.002732
-0.011072
0.008881
0.009729
0.000331
-0.001581
-0.035935
-0.999353
7.803698
---
0.640029
0.012084
0.013322
0.768140
-0.004439
-0.002732
-0.011072
0.000257
0.004375
0.003058
-0.001509
-0.035935
-0.999353
7.819754
---
0.640083
0.012045
0.013339
0.768096
0.000526
0.001195
-0.006190
-0.000275
0.007674
-0.010039
-0.001428
-0.035914
-0.999354
7.836902
---
0.640173
0.012088
0.013370
0.768020
0.006363
0.005977
-0.007163
0.009481
-0.000104
-0.021113
-0.001450
-0.036016
-0.999350
7.854818
---
0.640310
0.012148
0.013368
0.767904
0.006274
0.005903
-0.007160
0.002031
-0.004124
-0.015423
-0.001538
-0.036089
-0.999347
7.870932
---
0.640486
0.012219
0.013413
0.767756
0.002326
0.009649
-0.011060
0.008940
-0.002785
-0.022558
-0.001580
-0.036249
-0.999342
7.888789
---
0.640658
0.012248
0.013458
0.767610
0.003323
-0.000222
-0.010080
0.002017
0.004906
-0.036636
-0.001559
-0.036355
-0.999338
7.904904
---
0.640731
0.012298
0.013479
0.767548
0.003276
-0.000317
-0.010076
0.008423
-0.006733
-0.007861
-0.001606
-0.036450
-0.999334
7.922237
---
0.640794
0.012368
0.013454
0.767496
0.002164
-0.001347
-0.004215
0.007170
-0.007560
-0.005937
-0.001742
-0.036504
-0.999332
7.939358
---
0.640812
0.012401
0.013418
0.767480
0.003044
-0.001335
-0.005192
-0.001221
-0.002683
-0.004680
-0.001839
-0.036491
-0.999332
7.956789
---
0.640807
0.012410
0.013394
0.767484
0.002997
-0.001309
-0.005193
-0.001579
0.001459
-0.002212
-0.001885
-0.036465
-0.999333
7.972903
---
0.640773
0.012464
0.013400
0.767512
0.001947
-0.001387
-0.011049
-0.001641
-0.006890
0.004205
-0.001959
-0.036543
-0.999330
7.990790
---
0.640718
0.012464
0.013393
0.767558
0.004865
-0.003327
-0.010073
-0.004137
-0.000266
0.009187
-0.001971
-0.036531
-0.999331
8.006815
---
0.640689
0.012471
0.013316
0.767584
0.004754
-0.003219
-0.010077
-0.005018
-0.004244
0.006163
-0.002082
-0.036422
-0.999334
8.024786
---
0.640671
0.012539
0.013264
0.767599
0.005558
-0.001274
-0.008123
-0.003787
-0.005293
0.001566
-0.002254
-0.036430
-0.999334
8.040901
---
0.640636
0.012503
0.013201
0.767630
0.000648
-0.004059
-0.006175
-0.010901
-0.005360
-0.003545
-0.002282
-0.036286
-0.999339
8.058757
---
0.640644
0.012515
0.013124
0.767624
0.000531
-0.003958
-0.006178
-0.003715
-0.015771
0.002265
-0.002399
-0.036184
-0.999342
8.074813
---
0.640658
0.012583
0.013077
0.767612
0.007205
0.004816
-0.008130
-0.002488
-0.009409
-0.003258
-0.002561
-0.036199
-0.999341
8.091966
---
0.640693
0.012576
0.013071
0.767583
0.000371
-0.000048
-0.011061
-0.002775
0.008176
-0.005739
-0.002558
-0.036180
-0.999342
8.109788
---
0.640746
0.012552
0.013084
0.767539
-0.005429
-0.000040
-0.012038
-0.006333
-0.003436
-0.009441
-0.002500
-0.036173
-0.999343
8.126757
---
0.640818
0.012531
0.013098
0.767479
-0.005377
-0.000032
-0.012038
-0.000208
0.004911
-0.010316
-0.002447
-0.036165
-0.999343
8.143208
---
0.640928
0.012517
0.013127
0.767387
0.001523
-0.002015
-0.013014
-0.003820
0.007924
-0.004221
-0.002383
-0.036195
-0.999342
8.160329
---
0.640983
0.012555
0.013100
0.767341
0.001430
-0.002023
-0.012037
0.004174
-0.000347
0.000839
-0.002476
-0.036203
-0.999341
8.177818
---
0.640998
0.012567
0.013033
0.767329
0.001330
-0.001933
-0.012040
-0.007986
-0.014837
0.000164
-0.002577
-0.036113
-0.999344
8.193933
---
0.641002
0.012588
0.013028
0.767325
0.001290
-0.003905
-0.010086
-0.000649
0.006866
-0.000953
-0.002617
-0.036132
-0.999344
8.210966
---
0.641008
0.012607
0.012994
0.767321
0.002195
0.001004
-0.009110
-0.000211
-0.001174
0.002549
-0.002688
-0.036106
-0.999344
8.229122
---
0.641008
0.012621
0.012988
0.767320
0.002166
0.000998
-0.009110
-0.000412
-0.002834
0.004471
-0.002717
-0.036112
-0.999344
8.244751
---
0.641077
0.012632
0.012956
0.767264
0.000154
-0.003852
-0.008134
-0.001615
-0.010377
-0.019378
-0.002775
-0.036078
-0.999345
8.261872
---
0.641146
0.012692
0.012927
0.767205
0.005891
0.001976
-0.008133
-0.003517
-0.013674
0.002627
-0.002898
-0.036110
-0.999344
8.278904
---
0.641222
0.012704
0.012882
0.767142
0.005820
0.002030
-0.008134
-0.007146
-0.006333
-0.009701
-0.002970
-0.036056
-0.999345
8.296057
---
0.641329
0.012688
0.012878
0.767053
-0.002948
-0.000877
-0.011065
-0.001047
-0.002034
-0.012706
-0.002948
-0.036034
-0.999346
8.313758
---
0.641420
0.012705
0.012860
0.766977
0.001891
0.000104
-0.005206
0.002766
-0.000720
-0.018682
-0.002992
-0.036029
-0.999346
8.329872
---
0.641443
0.012695
0.012863
0.766958
0.001910
0.000114
-0.005206
0.002480
0.004911
-0.000530
-0.002972
-0.036018
-0.999347
8.346905
---
0.641441
0.012668
0.012874
0.766960
-0.006822
0.001108
-0.007160
-0.004874
-0.001285
0.006693
-0.002916
-0.036001
-0.999348
8.364056
---
0.641448
0.012644
0.012855
0.766954
-0.002902
-0.002735
-0.011069
-0.001351
-0.001394
-0.004151
-0.002902
-0.035938
-0.999350
8.381757
---
0.641443
0.012604
0.012872
0.766959
-0.002819
-0.002714
-0.011070
-0.002562
-0.001510
-0.006563
-0.002819
-0.035917
-0.999351
8.397873
---
0.641525
0.012619
0.012918
0.766890
-0.002779
-0.001826
-0.011066
0.003211
0.002095
-0.015150
-0.002779
-0.036006
-0.999348
8.415819
---
0.641540
0.012651
0.012908
0.766877
-0.001866
0.002056
-0.010089
0.003588
-0.002039
-0.001850
-0.002842
-0.036030
-0.999347
8.431935
---
0.641541
0.012651
0.012889
0.766876
-0.001889
0.002084
-0.010090
-0.006213
-0.001348
-0.001073
-0.002866
-0.036002
-0.999348
8.449789
---
0.641528
0.012637
0.012905
0.766887
0.000105
-0.004756
-0.007160
0.002381
0.003737
-0.006298
-0.002824
-0.036006
-0.999348
8.465905
---
0.641506
0.012626
0.012927
0.766905
0.000151
0.004988
-0.012042
-0.004103
0.010525
0.010449
-0.002779
-0.036028
-0.999347
8.482936
---
0.641476
0.012628
0.012972
0.766929
0.000204
0.004916
-0.012040
0.012951
0.000360
0.008879
-0.002726
-0.036100
-0.999345
8.500086
---
0.641478
0.012657
0.012975
0.766927
0.002116
0.003897
-0.013991
-0.000584
-0.003350
-0.000384
-0.002767
-0.036142
-0.999343
8.517210
---
0.641461
0.012632
0.013008
0.766941
-0.000735
0.002903
-0.008132
-0.000462
0.001258
0.004435
-0.002688
-0.036160
-0.999342
8.534330
---
0.641440
0.012628
0.013042
0.766959
-0.000686
0.002856
-0.008130
0.002243
0.013669
0.003158
-0.002639
-0.036207
-0.999341
8.551391
---
0.641433
0.012563
0.013110
0.766964
-0.009287
-0.000095
-0.007153
0.004642
0.009477
0.004875
-0.002451
-0.036228
-0.999341
8.568544
---
0.641467
0.012503
0.013113
0.766937
-0.004307
-0.001000
-0.013015
-0.004886
0.007845
0.002768
-0.002354
-0.036157
-0.999343
8.585757
---
0.641515
0.012455
0.013180
0.766896
-0.001216
-0.002018
-0.012038
-0.002338
0.004334
-0.008017
-0.002192
-0.036197
-0.999342
8.601872
---
0.641577
0.012413
0.013173
0.766845
-0.001159
-0.001951
-0.012040
-0.007181
-0.001776
-0.017213
-0.002135
-0.036131
-0.999345
8.619117
---
0.641621
0.012393
0.013192
0.766808
-0.002078
-0.000003
-0.011064
-0.001913
-0.003312
-0.014741
-0.002078
-0.036136
-0.999345
8.636241
---
0.641602
0.012380
0.013173
0.766825
0.002798
0.001020
-0.011065
-0.000204
-0.005444
-0.000056
-0.002085
-0.036090
-0.999346
8.653880