---
0.999888
0.014682
0.000211
0.002855
-0.001587
0.001884
-0.015194
0.020772
0.011345
-0.015124
0.000366
-0.029366
-0.999569
0.000000
---
0.999863
0.016169
-0.000000
0.003416
-0.002349
0.003800
-0.015102
0.035629
0.003765
-0.157035
-0.000396
-0.032333
-0.999477
0.085611
---
0.999864
0.016358
-0.000000
0.002128
-0.003981
-0.000485
-0.012160
0.011043
0.025769
-0.151014
-0.000075
-0.032712
-0.999465
0.101725
---
0.999864
0.016477
0.000000
0.000122
-0.003694
-0.000723
-0.012152
0.014491
0.012960
-0.251893
0.000212
-0.032949
-0.999457
0.118845
---
0.999863
0.016425
0.000000
-0.002035
0.000292
-0.001594
-0.010203
-0.006174
-0.007540
-0.388866
0.000292
-0.032844
-0.999460
0.135968
---
0.999855
0.016318
0.000122
-0.004918
-0.001569
-0.004310
-0.019975
-0.027271
0.009740
-0.341398
0.000384
-0.032631
-0.999467
0.153089
---
0.999836
0.016092
0.000000
-0.008267
-0.001394
-0.003856
-0.019990
-0.021721
0.001324
-0.322791
0.000559
-0.032176
-0.999482
0.170214
---
0.999821
0.015911
0.000000
-0.010273
0.001460
-0.001540
-0.016095
-0.023709
-0.008869
-0.165374
0.000483
-0.031814
-0.999494
0.187335
---
0.999811
0.015715
-0.000000
-0.011427
0.005234
-0.005057
-0.014155
-0.039822
-0.012404
-0.120279
0.000351
-0.031425
-0.999506
0.204459
---
0.999817
0.015415
-0.000173
-0.011303
0.004925
-0.004460
-0.014173
-0.032966
-0.010372
0.011183
0.000042
-0.030828
-0.999525
0.221580
---
0.999820
0.015599
-0.000211
-0.010820
-0.001029
0.003960
-0.013185
0.015248
-0.003910
0.118803
-0.000052
-0.031196
-0.999513
0.237693
---
0.999824
0.015851
-0.000173
-0.010072
-0.000069
0.004433
-0.010240
0.036256
0.005001
0.096682
-0.000069
-0.031700
-0.999497
0.254815
---
0.999838
0.016396
-0.000680
-0.007348
0.001779
-0.002525
-0.012157
-0.002737
-0.014263
0.025580
-0.001151
-0.032798
-0.999461
0.340425
---
0.999841
0.016442
-0.000762
-0.006904
0.001614
0.001291
-0.011177
0.017482
-0.007525
0.078122
-0.001316
-0.032889
-0.999458
0.357549
---
0.999845
0.016437
-0.000872
-0.006269
0.002349
-0.002607
-0.010200
-0.003502
-0.012984
0.083032
-0.001558
-0.032880
-0.999458
0.373670
---
0.999849
0.016635
-0.001057
-0.004930
0.001948
0.006764
-0.014093
0.043573
-0.008359
0.135707
-0.001958
-0.033275
-0.999444
0.407907
---
0.999849
0.016635
-0.001057
-0.004930
0.001948
0.006764
-0.014093
0.043573
-0.008359
0.135707
-0.001958
-0.033275
-0.999444
0.407907
---
0.999849
0.016866
-0.001105
-0.003956
0.001826
0.006304
-0.014077
-0.001509
-0.002236
0.099216
-0.002081
-0.033736
-0.999429
0.425029
---
0.999854
0.016853
-0.001064
-0.002686
-0.002044
-0.003434
-0.009195
-0.001106
-0.006973
0.126732
-0.002044
-0.033708
-0.999430
0.442152
---
0.999853
0.017042
-0.001078
-0.001619
0.001800
0.004002
-0.014065
0.018431
-0.000013
0.123508
-0.002106
-0.034084
-0.999417
0.459274
---
0.999852
0.017171
-0.001078
-0.000863
-0.004090
-0.002112
-0.013080
0.003240
0.013554
0.080033
-0.002137
-0.034338
-0.999408
0.476397
---
0.999852
0.017173
-0.001007
0.000000
-0.003974
-0.002115
-0.013080
0.001956
0.007638
0.126116
-0.002021
-0.034342
-0.999408
0.493517
---
0.999858
0.016730
-0.000922
0.001965
-0.000958
-0.005131
-0.013110
-0.035534
0.004322
0.084881
-0.001934
-0.033452
-0.999439
0.526758
---
0.999861
0.016482
-0.000938
0.002414
-0.000989
-0.004634
-0.013127
-0.030304
-0.003173
0.053016
-0.001966
-0.032954
-0.999455
0.544459
---
0.999861
0.016383
-0.000889
0.002886
-0.000900
-0.000530
-0.009227
-0.009352
0.010797
0.091023
-0.001876
-0.032757
-0.999462
0.561580
---
0.999856
0.016285
-0.000880
0.004623
0.001974
0.000647
-0.014116
0.000287
-0.000683
0.093223
-0.001932
-0.032556
-0.999468
0.594816
---
0.999855
0.016064
-0.000800
0.005528
-0.003760
-0.005749
-0.011201
-0.025423
0.008037
0.123809
-0.001806
-0.032116
-0.999483
0.611941
---
0.999850
0.015961
-0.000782
0.006714
-0.000821
0.003249
-0.013161
0.004931
0.004559
0.142442
-0.001798
-0.031908
-0.999489
0.629063
---
0.999801
0.016291
-0.000532
0.011491
0.004405
-0.001312
-0.010211
-0.001382
-0.004342
0.038956
-0.001455
-0.032562
-0.999469
0.713663
---
0.999798
0.016325
-0.000573
0.011750
0.000402
-0.000402
-0.015091
0.002949
-0.002652
0.019125
-0.001551
-0.032628
-0.999466
0.730791
---
0.999792
0.016378
-0.000598
0.012178
0.000382
-0.000510
-0.015088
0.018930
0.019551
0.036621
-0.001571
-0.032736
-0.999463
0.747909
---
0.999788
0.016514
-0.000457
0.012276
-0.006265
0.003126
-0.012150
0.012535
0.012219
-0.010596
-0.001382
-0.033007
-0.999454
0.765046
---
0.999800
0.016823
-0.000122
0.010837
-0.003605
-0.002386
-0.014082
-0.003094
0.005347
-0.055854
-0.000676
-0.033636
-0.999434
0.850642
---
0.999806
0.016788
-0.000000
0.010299
-0.003441
-0.002320
-0.014085
-0.003703
0.001815
-0.064079
-0.000511
-0.033570
-0.999436
0.866757
---
0.999813
0.016630
-0.000000
0.009854
-0.000360
-0.004936
-0.014095
-0.016281
0.016483
-0.065868
-0.000360
-0.033256
-0.999447
0.883879
---
0.999821
0.016510
0.000000
0.009248
-0.000198
-0.000787
-0.014103
-0.004867
0.009876
-0.061096
-0.000198
-0.033014
-0.999455
0.901001
---
0.999829
0.016438
0.000000
0.008493
-0.000173
-0.000646
-0.014108
-0.003610
-0.001230
-0.088952
-0.000173
-0.032872
-0.999460
0.918123
---
0.999839
0.016275
0.000000
0.007577
-0.001153
-0.004226
-0.009236
-0.025927
-0.000481
-0.129149
-0.000176
-0.032547
-0.999470
0.935247
---
0.999848
0.016160
0.000122
0.006559
0.001836
-0.003020
-0.013150
-0.011950
-0.005049
-0.121095
-0.000117
-0.032317
-0.999478
0.952369
---
0.999857
0.016058
0.000000
0.005258
0.001824
-0.002816
-0.013156
0.010600
-0.002317
-0.132477
-0.000129
-0.032112
-0.999484
0.969488
---
0.999861
0.016120
0.000000
0.004278
-0.002887
0.004872
-0.010222
0.009447
0.002049
-0.125393
0.000042
-0.032237
-0.999480
0.986612
---
0.999864
0.016161
0.000000
0.003197
-0.000840
-0.000091
-0.017056
0.009078
0.006517
-0.115116
0.000136
-0.032317
-0.999478
1.002728
---
0.999865
0.016192
0.000000
0.002855
-0.000753
-0.000152
-0.017054
0.012247
0.011101
-0.043948
0.000224
-0.032379
-0.999476
1.019846
---
0.999865
0.016258
0.000244
0.002484
-0.001564
0.000693
-0.014120
0.002685
0.002234
-0.013787
0.000389
-0.032511
-0.999471
1.036968
---
0.999863
0.016260
-0.000000
0.003223
0.005750
0.000687
-0.011190
0.003871
-0.013736
0.039644
-0.000110
-0.032516
-0.999471
1.088338
---
0.999862
0.016258
-0.000173
0.003461
-0.001272
-0.000286
-0.008260
0.003397
-0.004795
0.017291
-0.000296
-0.032513
-0.999471
1.105459
---
0.999862
0.016277
-0.000211
0.003327
-0.001470
-0.000323
-0.008259
0.000907
-0.020879
0.000430
-0.000493
-0.032550
-0.999470
1.122579
---
0.999862
0.016274
-0.000299
0.003197
0.007034
-0.000313
-0.012165
-0.004157
-0.016463
-0.021431
-0.000779
-0.032539
-0.999470
1.138693
---
0.999861
0.016474
-0.000423
0.002361
-0.001932
0.002215
-0.018012
0.016565
-0.012846
-0.044803
-0.000955
-0.032942
-0.999457
1.172939
---
0.999861
0.016549
-0.000457
0.002043
0.001890
0.000111
-0.018007
0.008087
-0.008370
-0.038410
-0.001040
-0.033092
-0.999452
1.190063
---
0.999862
0.016551
-0.000473
0.001651
-0.002959
-0.002824
-0.012147
-0.003381
0.002879
-0.057119
-0.001006
-0.033097
-0.999452
1.207185
---
0.999863
0.016485
-0.000457
0.001455
-0.002910
-0.002692
-0.012151
-0.016251
0.000871
-0.018598
-0.000957
-0.032965
-0.999456
1.224307
---
0.999864
0.016402
-0.000423
0.001348
-0.001825
-0.003503
-0.013133
-0.008751
-0.001453
-0.008748
-0.000848
-0.032800
-0.999462
1.241429
---
0.999865
0.016391
-0.000423
0.001444
0.002986
0.000425
-0.008251
0.000939
-0.002630
0.024562
-0.000921
-0.032778
-0.999462
1.258547
---
0.999865
0.016325
-0.000405
0.001678
0.002954
0.000560
-0.008256
-0.014020
-0.004169
0.037832
-0.000952
-0.032643
-0.999467
1.274665
---
0.999866
0.016247
-0.000488
0.001991
0.002829
-0.003191
-0.012167
-0.007807
-0.007950
0.048753
-0.001078
-0.032488
-0.999472
1.291789
---
0.999866
0.016192
-0.000585
0.002408
0.002675
-0.003083
-0.012170
-0.008590
-0.006985
0.025274
-0.001231
-0.032380
-0.999475
1.308912
---
0.999865
0.016203
-0.000646
0.002821
0.009323
0.002761
-0.008263
0.004839
-0.018379
0.067296
-0.001419
-0.032395
-0.999474
1.326032
---
0.999863
0.016260
-0.000846
0.003035
0.008953
0.002645
-0.008259
0.005078
-0.016664
0.029153
-0.001789
-0.032511
-0.999470
1.343155
---
0.999861
0.016414
-0.000791
0.002925
-0.006608
0.004291
-0.008249
0.021650
0.005573
-0.048025
-0.001726
-0.032818
-0.999460
1.360278
---
0.999859
0.016606
-0.000722
0.002444
-0.001528
0.002928
-0.014096
0.019050
0.005418
-0.064975
-0.001528
-0.033205
-0.999447
1.377399
---
0.999858
0.016724
-0.000701
0.001911
-0.001506
0.002691
-0.014088
0.013289
-0.017943
-0.051270
-0.001506
-0.033442
-0.999440
1.394519
---
0.999857
0.016841
-0.000791
0.001534
0.006157
0.001482
-0.009197
0.015479
-0.011443
-0.046009
-0.001656
-0.033674
-0.999432
1.410638
---
0.999857
0.016887
-0.000854
0.001029
-0.005673
-0.002519
-0.013100
0.001506
-0.003909
-0.070127
-0.001767
-0.033769
-0.999428
1.427760
---
0.999857
0.016894
-0.000819
0.000323
-0.005568
-0.002534
-0.013100
-0.001008
-0.005152
-0.049924
-0.001662
-0.033784
-0.999428
1.444882
---
0.999857
0.016906
-0.000872
-0.000122
0.005085
0.001348
-0.009192
0.002652
-0.007628
-0.044028
-0.001751
-0.033809
-0.999427
1.462002
---
0.999856
0.016942
-0.000953
-0.000405
0.002990
0.001276
-0.013096
0.005186
-0.003315
-0.032779
-0.001893
-0.033881
-0.999424
1.479125
---
0.999854
0.017015
-0.001064
-0.000646
0.002777
0.001129
-0.013091
0.014280
-0.012369
-0.022947
-0.002106
-0.034028
-0.999419
1.496250
---
0.999855
0.016961
-0.001071
-0.001099
-0.001130
-0.004624
-0.006258
-0.005165
0.001756
-0.051548
-0.002106
-0.033921
-0.999422
1.513373
---
0.999856
0.016907
-0.001057
-0.001408
0.000831
-0.002562
-0.011145
-0.003937
-0.005022
-0.041706
-0.002099
-0.033812
-0.999426
1.530494
---
0.999856
0.016846
-0.001119
-0.001573
0.000728
-0.002440
-0.011149
-0.006653
-0.012870
-0.023047
-0.002202
-0.033690
-0.999430
1.547612
---
0.999856
0.016845
-0.001177
-0.001847
0.002569
0.000491
-0.014078
0.002016
-0.010535
-0.037411
-0.002314
-0.033689
-0.999430
1.563725
---
0.999855
0.016836
-0.001227
-0.002300
-0.001389
-0.000472
-0.012125
0.005536
-0.004047
-0.039239
-0.002366
-0.033675
-0.999430
1.580850
---
0.999853
0.016861
-0.001227
-0.002727
0.002513
-0.000522
-0.014077
-0.002883
-0.003034
-0.015324
-0.002370
-0.033725
-0.999428
1.615093
---
0.999854
0.016768
-0.001215
-0.002993
-0.003306
-0.006194
-0.011153
-0.017963
0.003221
-0.036787
-0.002329
-0.033538
-0.999435
1.632219
---
0.999856
0.016620
-0.001125
-0.003200
-0.003133
-0.005898
-0.011164
-0.017684
0.014169
-0.031185
-0.002156
-0.033242
-0.999445
1.649337
---
0.999859
0.016486
-0.000977
-0.003183
-0.008696
-0.004655
-0.010197
-0.019996
0.019602
0.014582
-0.001860
-0.032976
-0.999454
1.666459
---
0.999860
0.016457
-0.000938
-0.002942
0.003086
0.001264
-0.010199
-0.003877
0.000795
0.028100
-0.001797
-0.032915
-0.999457
1.683582
---
0.999860
0.016442
-0.000953
-0.002786
0.003088
0.001292
-0.010200
-0.005915
0.009631
0.017324
-0.001794
-0.032888
-0.999457
1.700063
---
0.999862
0.016413
-0.000905
-0.002481
-0.001730
-0.000600
-0.013131
-0.006811
0.002336
0.034015
-0.001730
-0.032826
-0.999460
1.717186
---
0.999864
0.016348
-0.000897
-0.002156
0.000222
-0.003400
-0.011183
-0.002031
-0.000101
0.027217
-0.001731
-0.032697
-0.999464
1.735038
---
0.999864
0.016332
-0.000880
-0.001938
0.000256
-0.003366
-0.011184
0.007553
-0.002307
0.026652
-0.001697
-0.032663
-0.999465
1.751154
---
0.999864
0.016337
-0.000846
-0.001922
-0.000654
0.001508
-0.012160
-0.007511
-0.002612
-0.006312
-0.001630
-0.032672
-0.999465
1.768278
---
0.999864
0.016328
-0.000872
-0.001995
0.001253
-0.001408
-0.014114
-0.000291
-0.004047
-0.010592
-0.001677
-0.032658
-0.999465
1.785400
---
0.999864
0.016307
-0.000897
-0.002264
-0.000760
-0.003317
-0.013138
-0.004081
-0.001567
-0.021915
-0.001736
-0.032614
-0.999467
1.802522
---
0.999864
0.016245
-0.000897
-0.002663
-0.000747
-0.003193
-0.013143
-0.007181
-0.001281
-0.046083
-0.001724
-0.032489
-0.999471
1.819643
---
0.999863
0.016203
-0.000810
-0.003248
-0.004479
-0.002132
-0.010216
-0.002505
0.007796
-0.089021
-0.001549
-0.032405
-0.999474
1.835759
---
0.999861
0.016151
-0.000722
-0.004131
-0.008185
-0.003983
-0.013149
-0.009329
0.010398
-0.103801
-0.001349
-0.032304
-0.999477
1.852881
---
0.999858
0.016059
-0.000585
-0.005011
-0.007858
-0.003799
-0.013155
-0.005085
0.010542
-0.080775
-0.001022
-0.032120
-0.999484
1.870003
---
0.999856
0.015985
-0.000503
-0.005622
-0.002840
-0.000721
-0.010231
-0.013191
0.001224
-0.047699
-0.000886
-0.031971
-0.999488
1.887126
---
0.999855
0.015973
-0.000488
-0.005925
0.003102
0.000279
-0.007302
-0.001328
-0.009098
-0.031822
-0.000804
-0.031948
-0.999489
1.904247
---
0.999854
0.015973
-0.000488
-0.006116
0.003073
0.000279
-0.007302
0.001182
-0.003700
-0.027356
-0.000833
-0.031947
-0.999489
1.921369
---
0.999851
0.016075
-0.000546
-0.006229
0.001064
0.003003
-0.007295
0.004479
0.003452
0.009142
-0.000889
-0.032153
-0.999483
1.938489
---
0.999850
0.016097
-0.000559
-0.006328
-0.002855
-0.000947
-0.017059
0.006509
0.001946
-0.011918
-0.000902
-0.032197
-0.999481
1.955615
---
0.999850
0.016111
-0.000532
-0.006325
-0.002788
-0.000976
-0.017058
0.001528
0.008137
-0.012638
-0.000835
-0.032226
-0.999480
1.971730
---
0.999850
0.016120
-0.000488
-0.006357
-0.002756
-0.000990
-0.013152
0.000215
-0.001894
0.003528
-0.000802
-0.032240
-0.999480
1.988848
---
0.999851
0.016007
-0.000405
-0.006391
-0.001667
-0.005647
-0.011206
-0.014097
0.007447
-0.000928
-0.000691
-0.032014
-0.999487
2.005974
---
0.999853
0.015947
-0.000423
-0.006326
-0.001645
-0.005528
-0.011210
-0.000141
-0.004077
0.013455
-0.000669
-0.031895
-0.999491
2.023094
---
0.999853
0.015934
-0.000440
-0.006283
0.000273
0.000357
-0.007304
0.001244
-0.002564
0.008423
-0.000704
-0.031869
-0.999492
2.040218
---
0.999854
0.015928
-0.000366
-0.006240
-0.004444
0.001345
-0.017070
0.002900
0.003669
0.001859
-0.000538
-0.031858
-0.999492
2.057339
---
0.999854
0.015943
-0.000299
-0.006208
-0.004351
0.001317
-0.017070
-0.006083
0.001572
0.005579
-0.000445
-0.031886
-0.999491
2.074461
---
0.999854
0.015927
-0.000244
-0.006152
0.000580
-0.002557
-0.010235
-0.005908
0.002526
0.001922
-0.000397
-0.031854
-0.999493
2.091585
---
0.999854
0.015988
-0.000244
-0.006057
0.003521
0.003181
-0.014137
0.007856
0.000516
0.024951
-0.000386
-0.031975
-0.999489
2.107700
---
0.999854
0.016055
-0.000299
-0.005897
-0.001393
0.000116
-0.007297
0.004064
0.004312
0.013207
-0.000417
-0.032110
-0.999484
2.124821
---
0.999855
0.016099
-0.000273
-0.005582
-0.001344
0.000031
-0.007294
0.006131
-0.001326
0.037399
-0.000367
-0.032196
-0.999481
2.141944
---
0.999856
0.016170
-0.000345
-0.005205
0.004368
0.002819
-0.014125
0.014168
-0.003406
0.048596
-0.000515
-0.032337
-0.999477
2.159066
---
0.999856
0.016231
-0.000323
-0.004872
-0.003421
-0.000236
-0.012168
0.001153
0.002793
0.034854
-0.000491
-0.032463
-0.999473
2.176189
---
0.999857
0.016279
-0.000323
-0.004464
-0.003421
-0.000330
-0.012165
0.005679
-0.000878
0.043874
-0.000491
-0.032557
-0.999470
2.193310
---
0.999858
0.016299
-0.000299
-0.004225
-0.002410
0.000606
-0.007281
0.005497
0.007338
0.023504
-0.000457
-0.032597
-0.999469
2.210431
---
0.999858
0.016367
-0.000173
-0.004026
-0.001276
0.005358
-0.009230
0.018243
0.009257
0.017921
-0.000300
-0.032728
-0.999464
2.227555
---
0.999856
0.016477
-0.000122
-0.004080
-0.001209
0.005135
-0.009223
0.020881
0.004576
-0.007523
-0.000233
-0.032951
-0.999457
2.243669
---
0.999855
0.016525
-0.000173
-0.003986
0.004625
-0.000821
-0.014102
0.008537
-0.000708
0.019637
-0.000257
-0.033048
-0.999454
2.260791
---
0.999855
0.016593
-0.000299
-0.003731
0.008318
0.003925
-0.006285
0.009369
-0.015189
0.020934
-0.000471
-0.033184
-0.999449
2.277913
---
0.999854
0.016694
-0.000405
-0.003648
0.008099
0.003722
-0.006278
0.013348
-0.008794
0.004168
-0.000690
-0.033388
-0.999442
2.295033
---
0.999851
0.016846
-0.000503
-0.003594
0.002037
0.005371
-0.010174
0.018363
-0.006374
0.006950
-0.000892
-0.033692
-0.999432
2.312157
---
0.999849
0.016966
-0.000559
-0.003578
-0.002026
0.000247
-0.012119
0.013334
-0.006743
-0.001462
-0.001050
-0.033932
-0.999424
2.329279
---
0.999848
0.017044
-0.000622
-0.003500
-0.002089
0.000093
-0.012114
0.010248
-0.011551
0.013743
-0.001112
-0.034087
-0.999418
2.346402
---
0.999847
0.017134
-0.000669
-0.003374
0.005618
0.000890
-0.010154
0.009388
-0.009060
0.004295
-0.001218
-0.034266
-0.999412
2.363525
---
0.999847
0.017148
-0.000646
-0.003370
-0.003149
-0.004024
-0.005270
-0.003019
0.006067
0.033790
-0.001196
-0.034298
-0.999411
2.380648
---
0.999849
0.017089
-0.000646
-0.003136
-0.003123
-0.003904
-0.005274
-0.012587
0.012304
0.026225
-0.001170
-0.034178
-0.999415
2.396761
---
0.999851
0.017009
-0.000546
-0.002751
-0.001051
-0.003743
-0.011140
-0.009390
0.004123
0.049023
-0.001051
-0.034017
-0.999421
2.413883
---
0.999854
0.016944
-0.000546
-0.002323
-0.000047
-0.002637
-0.009191
-0.005776
0.003487
0.049442
-0.001024
-0.033887
-0.999425
2.431008
---
0.999855
0.016899
-0.000488
-0.001922
0.000002
-0.002544
-0.009194
-0.007033
0.006402
0.048058
-0.000975
-0.033794
-0.999428
2.448126
---
0.999856
0.016885
-0.000423
-0.001563
-0.003782
-0.000563
-0.005289
-0.003133
0.008271
0.037234
-0.000852
-0.033766
-0.999429
2.465250
---
0.999858
0.016802
-0.000366
-0.001450
-0.009512
-0.005281
-0.013107
-0.013843
0.009947
0.016901
-0.000723
-0.033601
-0.999435
2.482371
---
0.999859
0.016725
-0.000299
-0.001434
0.002356
0.003663
-0.011159
-0.005708
0.010396
0.007989
-0.000574
-0.033446
-0.999440
2.499493
---
0.999858
0.016769
-0.000273
-0.001332
0.002408
0.003575
-0.011156
0.005101
0.008997
0.008419
-0.000522
-0.033534
-0.999437
2.517257
---
0.999857
0.016853
-0.000211
-0.001202
0.002496
0.001453
-0.010174
0.010994
-0.002477
0.013082
-0.000433
-0.033703
-0.999432
2.533373
---
0.999857
0.016886
-0.000244
-0.001145
0.002451
0.001386
-0.010172
0.001734
-0.003700
0.007690
-0.000479
-0.033771
-0.999430
2.551349
---
0.999857
0.016871
-0.000273
-0.000984
-0.000478
-0.004441
-0.008220
-0.000590
-0.004264
0.022078
-0.000478
-0.033738
-0.999431
2.567465
---
0.999858
0.016814
-0.000211
-0.000782
0.003452
-0.002375
-0.010177
-0.004994
0.000948
0.012846
-0.000454
-0.033625
-0.999434
2.584647
---
0.999860
0.016747
-0.000244
-0.000546
0.004415
0.000689
-0.014087
-0.004000
-0.003437
0.023689
-0.000468
-0.033491
-0.999439
2.600671
---
0.999859
0.016756
-0.000244
-0.000518
0.004280
0.000671
-0.014087
-0.004123
-0.007199
0.006418
-0.000603
-0.033509
-0.999438
2.617700
---
0.999859
0.016797
-0.000273
-0.000503
-0.002496
0.001565
-0.011154
0.003607
0.000617
0.006767
-0.000543
-0.033591
-0.999436
2.634824
---
0.999858
0.016846
-0.000273
-0.000440
0.003294
0.003423
-0.010175
0.011478
-0.010211
0.006459
-0.000612
-0.033686
-0.999432
2.652434
---
0.999857
0.016920
-0.000323
-0.000405
0.003257
0.003275
-0.010169
0.012164
-0.000444
-0.001254
-0.000649
-0.033835
-0.999427
2.669558
---
0.999857
0.016891
-0.000299
-0.000457
-0.000631
-0.004481
-0.013101
-0.001826
0.003127
-0.017429
-0.000631
-0.033778
-0.999429
2.685640
---
0.999857
0.016875
-0.000323
-0.000503
0.000274
-0.004451
-0.014079
-0.006258
-0.013800
-0.001604
-0.000703
-0.033748
-0.999430
2.703648
---
0.999858
0.016840
-0.000345
-0.000573
0.000268
-0.004380
-0.014081
-0.008399
-0.006364
-0.006569
-0.000709
-0.033677
-0.999433
2.719976
---
0.999859
0.016756
-0.000345
-0.000646
0.000256
-0.003235
-0.013110
-0.010048
-0.000064
-0.008445
-0.000721
-0.033509
-0.999438
2.737098
---
0.999859
0.016746
-0.000405
-0.000701
0.003069
0.000689
-0.014087
0.000510
-0.001810
-0.001485
-0.000837
-0.033490
-0.999439
2.754678
---
0.999859
0.016746
-0.000440
-0.000819
0.003001
0.000695
-0.014087
-0.004608
-0.007435
-0.014588
-0.000905
-0.033485
-0.999439
2.770793
---
0.999860
0.016699
-0.000473
-0.000800
0.001037
-0.003122
-0.013114
-0.007927
-0.007894
0.019616
-0.000916
-0.033396
-0.999442
2.788525
---
0.999862
0.016596
-0.000532
-0.000701
0.002885
-0.003893
-0.008238
-0.012326
-0.001787
0.017279
-0.001021
-0.033190
-0.999449
2.806656
---
0.999863
0.016542
-0.000546
-0.000488
0.002829
-0.003782
-0.008241
-0.011981
-0.006633
0.030240
-0.001077
-0.033079
-0.999452
2.821703
---
0.999864
0.016488
-0.000585
-0.000273
0.004658
-0.002697
-0.013128
-0.005218
-0.002429
0.011628
-0.001202
-0.032970
-0.999456
2.838852
---
0.999866
0.016359
-0.000634
-0.000211
-0.001272
-0.007325
-0.010206
-0.013197
-0.002257
0.003668
-0.001272
-0.032715
-0.999464
2.855979
---
0.999868
0.016224
-0.000691
-0.000244
-0.001359
-0.007053
-0.010215
-0.015102
-0.012635
0.001469
-0.001359
-0.032443
-0.999473
2.873099
---
0.999869
0.016156
-0.000732
-0.000345
0.005388
-0.003989
-0.010219
-0.013345
-0.005012
-0.003375
-0.001448
-0.032310
-0.999477
2.890220
---
0.999869
0.016133
-0.000810
-0.000423
0.001343
0.003870
-0.016080
0.002646
-0.014159
-0.008363
-0.001587
-0.032263
-0.999478
2.907342
---
0.999869
0.016148
-0.000819
-0.000680
0.001298
0.003841
-0.016079
-0.001810
-0.004701
-0.028138
-0.001632
-0.032292
-0.999477
2.924465
---
0.999869
0.016163
-0.000837
-0.000905
0.003227
-0.001076
-0.008265
0.003060
-0.004485
-0.019953
-0.001656
-0.032326
-0.999476
2.941587
---
0.999868
0.016201
-0.000897
-0.001092
0.001176
0.003733
-0.008263
0.011672
-0.007418
-0.016662
-0.001754
-0.032400
-0.999473
2.957640
---
0.999866
0.016276
-0.000889
-0.001239
0.001210
0.003582
-0.008258
0.008796
-0.001902
-0.017380
-0.001720
-0.032550
-0.999469
2.974671
---
0.999865
0.016316
-0.001036
-0.001455
0.006755
0.000571
-0.011184
-0.000357
-0.019236
-0.035480
-0.002034
-0.032632
-0.999465
2.991824
---
0.999866
0.016212
-0.001112
-0.001722
0.002718
-0.008985
-0.012167
-0.013190
-0.008284
-0.020250
-0.002164
-0.032423
-0.999472
3.008942
---
0.999867
0.016158
-0.001119
-0.001859
-0.002181
0.002842
-0.011194
-0.000016
0.001390
-0.018811
-0.002181
-0.032314
-0.999475
3.025945
---
0.999866
0.016198
-0.001145
-0.001976
-0.002228
0.002760
-0.011191
0.003455
-0.007034
-0.013673
-0.002228
-0.032396
-0.999473
3.043189
---
0.999867
0.016134
-0.001202
-0.002104
0.002537
-0.004923
-0.007289
-0.005114
-0.001105
-0.005698
-0.002346
-0.032266
-0.999477
3.060649
---
0.999867
0.016105
-0.001280
-0.002128
-0.000524
0.001967
-0.009244
0.001582
0.001153
-0.010573
-0.002478
-0.032213
-0.999478
3.077647
---
0.999867
0.016105
-0.001286
-0.002039
-0.000579
0.001969
-0.009244
-0.000820
-0.004157
0.016278
-0.002532
-0.032211
-0.999478
3.094037
---
0.999868
0.016078
-0.001320
-0.001887
0.002305
-0.001882
-0.013151
-0.008088
0.002109
0.012387
-0.002577
-0.032155
-0.999480
3.111071
---
0.999868
0.016112
-0.001315
-0.001843
-0.003566
0.000979
-0.016079
0.009077
0.004664
-0.001571
-0.002589
-0.032225
-0.999477
3.128160
---
0.999867
0.016131
-0.001280
-0.001851
-0.003490
0.000941
-0.016078
0.005280
0.004299
-0.002327
-0.002513
-0.032262
-0.999476
3.145462
---
0.999867
0.016156
-0.001274
-0.001903
-0.001497
-0.000086
-0.009240
0.002490
-0.000359
-0.003808
-0.002474
-0.032313
-0.999475
3.163412
---
0.999867
0.016158
-0.001239
-0.001987
0.002442
-0.003996
-0.007287
-0.004063
-0.001676
-0.011074
-0.002441
-0.032316
-0.999475
3.179469
---
0.999867
0.016119
-0.001215
-0.002054
0.002507
-0.003919
-0.007290
0.005590
-0.006273
0.007098
-0.002376
-0.032239
-0.999477
3.196646
---
0.999867
0.016147
-0.001257
-0.001983
0.007298
0.002863
-0.013147
0.000526
-0.008311
-0.003131
-0.002467
-0.032293
-0.999475
3.212760
---
0.999866
0.016174
-0.001315
-0.001930
-0.001607
0.000853
-0.009239
0.003489
-0.010003
0.002096
-0.002584
-0.032350
-0.999473
3.230467
---
0.999866
0.016207
-0.001332
-0.001855
-0.001639
0.000786
-0.009237
0.008325
-0.004846
0.010847
-0.002615
-0.032417
-0.999471
3.247528
---
0.999865
0.016305
-0.001386
-0.001731
0.001193
0.002546
-0.015089
0.008990
-0.000663
0.012216
-0.002714
-0.032611
-0.999464
3.265231
---
0.999865
0.016294
-0.001418
-0.001615
0.000148
-0.002317
-0.009231
0.002778
-0.000893
0.015743
-0.002781
-0.032590
-0.999465
3.281341
---
0.999865
0.016318
-0.001408
-0.001520
0.000159
-0.002363
-0.009229
0.007392
-0.003041
0.017323
-0.002771
-0.032636
-0.999463
3.298680
---
0.999864
0.016377
-0.001424
-0.001485
-0.003763
0.002401
-0.012155
0.008256
-0.000489
0.002296
-0.002787
-0.032756
-0.999460
3.315131
---
0.999862
0.016464
-0.001413
-0.001434
0.002088
0.005158
-0.007266
0.015694
-0.005299
0.008109
-0.002794
-0.032928
-0.999454
3.332252
---
0.999861
0.016564
-0.001413
-0.001326
0.002095
0.004960
-0.007260
0.006262
-0.000161
0.011547
-0.002788
-0.033126
-0.999447
3.349650
---
0.999861
0.016602
-0.001376
-0.001215
-0.003682
-0.002930
-0.010187
0.007285
0.007130
0.019866
-0.002705
-0.033203
-0.999445
3.366436
---
0.999860
0.016634
-0.001381
-0.001105
0.005089
0.002867
-0.009208
-0.000515
0.004310
0.016848
-0.002723
-0.033266
-0.999443
3.383954
---
0.999860
0.016650
-0.001354
-0.000800
-0.001710
-0.004000
-0.012137
-0.004986
-0.000623
0.032552
-0.002687
-0.033297
-0.999442
3.400069
---
0.999860
0.016641
-0.001332
-0.000657
-0.001668
-0.003983
-0.012138
0.001222
-0.004642
0.020392
-0.002645
-0.033280
-0.999443
3.417283
---
0.999861
0.016629
-0.001309
-0.000473
-0.003572
-0.002005
-0.011162
0.001446
0.008416
0.011927
-0.002596
-0.033255
-0.999444
3.434406
---
0.999861
0.016634
-0.001298
-0.000440
-0.003556
-0.002015
-0.011162
0.005935
-0.000952
0.004682
-0.002579
-0.033265
-0.999443
3.451558
---
0.999860
0.016666
-0.001251
-0.000366
-0.003471
0.002806
-0.012137
0.002048
0.001274
-0.000639
-0.002494
-0.033327
-0.999441
3.468438
---
0.999861
0.016633
-0.001274
-0.000122
0.003319
-0.002015
-0.013115
-0.010288
0.002123
0.021173
-0.002540
-0.033265
-0.999443
3.485681
---
0.999861
0.016662
-0.001078
-0.000000
0.002741
0.002809
-0.008231
0.008363
0.026573
0.018119
-0.002141
-0.033324
-0.999442
3.502682
---
0.999860
0.016714
-0.001164
0.000122
0.002542
0.002708
-0.008228
0.009322
-0.037020
0.023655
-0.002341
-0.033424
-0.999439
3.518796
---
0.999859
0.016752
-0.001485
0.000244
-0.006884
0.000682
-0.051192
0.005947
-0.033311
0.011314
-0.002978
-0.033498
-0.999434
3.535920
---
0.999859
0.016750
-0.001078
0.000423
0.002698
-0.003222
0.004470
0.001856
0.061494
0.018187
-0.002185
-0.033495
-0.999437
3.553650
---
0.999859
0.016736
-0.000880
0.000598
0.003098
-0.003194
0.004468
-0.003027
0.002775
0.026248
-0.001785
-0.033468
-0.999438
3.569769
---
0.999857
0.016832
-0.001320
0.000634
-0.002678
0.008332
-0.032633
0.011905
-0.047966
0.001600
-0.002678
-0.033660
-0.999430
3.586800
---
0.999856
0.016902
-0.001315
0.000691
0.007122
0.002335
-0.007238
0.000514
0.029003
0.016466
-0.002644
-0.033798
-0.999425
3.603950
---
0.999854
0.017029
-0.001014
0.000800
0.007728
0.002081
-0.007230
0.002912
0.006032
0.012011
-0.002038
-0.034052
-0.999418
3.621651
---
0.999854
0.017051
-0.001196
0.000810
0.001487
-0.001868
-0.011134
0.002761
-0.040144
-0.004577
-0.002419
-0.034094
-0.999416
3.637766
---
0.999853
0.017071
-0.001348
0.000772
-0.002735
-0.001907
-0.008203
0.005357
-0.003264
-0.003798
-0.002735
-0.034134
-0.999414
3.655316
---
0.999853
0.017096
-0.001208
0.000732
-0.002454
-0.001961
-0.008202
0.000303
0.031397
-0.009354
-0.002454
-0.034188
-0.999412
3.672437
---
0.999853
0.017092
-0.001021
0.000573
-0.008929
0.000001
-0.011132
0.002799
0.005002
-0.015919
-0.002093
-0.034178
-0.999414
3.689532
---
0.999853
0.017105
-0.001057
0.000559
-0.002126
-0.001003
-0.008202
0.001771
-0.004350
-0.010533
-0.002126
-0.034206
-0.999413
3.705644
---
0.999853
0.017084
-0.001057
0.000503
-0.002154
-0.000958
-0.008203
-0.003183
0.003871
-0.007454
-0.002154
-0.034161
-0.999414
3.722677
---
0.999853
0.017079
-0.000984
0.000559
0.002893
-0.000949
-0.015040
0.000581
0.005350
0.017318
-0.001990
-0.034152
-0.999415
3.739825
---
0.999854
0.017061
-0.000930
0.000752
-0.002845
-0.001889
-0.008205
-0.003577
0.002978
0.028758
-0.001868
-0.034116
-0.999416
3.757681
---
0.999854
0.017051
-0.000961
0.000930
-0.002930
-0.001870
-0.008206
-0.003710
-0.006580
0.012502
-0.001953
-0.034096
-0.999417
3.773797
---
0.999853
0.017089
-0.000897
0.001050
-0.005733
0.000983
-0.014063
0.005971
0.013078
0.012863
-0.001827
-0.034174
-0.999414
3.791591
---
0.999853
0.017092
-0.000828
0.001196
0.000248
-0.000975
-0.010157
0.002312
0.004287
0.017419
-0.001705
-0.034178
-0.999414
3.807708
---
0.999852
0.017111
-0.000800
0.001286
0.000285
-0.001011
-0.010155
0.004143
-0.007148
0.005002
-0.001668
-0.034214
-0.999413
3.825652
---
0.999853
0.017092
-0.000782
0.001309
-0.002593
-0.001950
-0.014063
-0.004388
0.002239
0.004533
-0.001616
-0.034177
-0.999415
3.841765
---
0.999853
0.017048
-0.000791
0.001337
0.001284
-0.006746
-0.010160
-0.005812
-0.002991
0.010946
-0.001646
-0.034089
-0.999417
3.858830
---
0.999854
0.016998
-0.000762
0.001354
-0.002557
0.001169
-0.008210
-0.002382
0.004952
-0.002622
-0.001581
-0.033988
-0.999421
3.875977
---
0.999855
0.016974
-0.000701
0.001354
-0.002475
0.001216
-0.008212
-0.005974
-0.000381
-0.002745
-0.001498
-0.033940
-0.999423
3.893560
---
0.999854
0.017030
-0.000762
0.001309
0.003303
0.002079
-0.008208
0.000951
-0.010459
-0.001475
-0.001580
-0.034054
-0.999419
3.909674
---
0.999853
0.017050
-0.000810
0.001326
0.000284
0.003018
-0.011136
0.002217
-0.004931
0.005227
-0.001669
-0.034091
-0.999417
3.926795
---
0.999853
0.017096
-0.000819
0.001386
0.000266
0.002921
-0.011133
0.001934
-0.005862
0.007455
-0.001687
-0.034189
-0.999414
3.943918
---
0.999853
0.017093
-0.000828
0.001370
-0.003668
-0.000978
-0.011133
-0.000261
-0.001366
-0.006642
-0.001715
-0.034181
-0.999414
3.961648
---
0.999853
0.017049
-0.000782
0.001332
-0.001625
-0.004795
-0.009183
-0.005876
0.001054
-0.007943
-0.001625
-0.034092
-0.999417
3.977978
---
0.999854
0.017005
-0.000752
0.001158
-0.001584
-0.004708
-0.009186
-0.001925
-0.000568
-0.020820
-0.001584
-0.034005
-0.999420
3.995343
---
0.999855
0.017002
-0.000772
0.001021
-0.001575
-0.000796
-0.006257
-0.002743
-0.001824
-0.012701
-0.001575
-0.033999
-0.999421
4.012651
---
0.999856
0.016937
-0.000732
0.000961
0.001394
-0.004570
-0.009191
-0.005499
0.001859
-0.005707
-0.001535
-0.033867
-0.999425
4.029651
---
0.999857
0.016886
-0.000732
0.000598
0.001420
-0.004472
-0.009194
-0.001142
-0.001357
-0.036408
-0.001510
-0.033769
-0.999429
4.046650
---
0.999857
0.016877
-0.000800
0.000323
0.007170
-0.000546
-0.006265
-0.007318
-0.006516
-0.029940
-0.001619
-0.033749
-0.999429
4.063316
---
0.999858
0.016825
-0.000905
-0.000122
0.000157
-0.001419
-0.010174
-0.010340
-0.004961
-0.052772
-0.001796
-0.033645
-0.999432
4.080651
---
0.999858
0.016814
-0.000946
-0.000423
0.000074
-0.001399
-0.010175
-0.009067
-0.012171
-0.066795
-0.001879
-0.033626
-0.999433
4.097651
---
0.999858
0.016801
-0.000953
-0.000922
-0.000916
-0.001373
-0.008223
-0.005103
-0.005858
-0.036604
-0.001893
-0.033599
-0.999434
4.114650
---
0.999858
0.016779
-0.001007
-0.001208
0.004844
0.003553
-0.004318
-0.003738
-0.004447
-0.039546
-0.001992
-0.033557
-0.999435
4.131651
---
0.999858
0.016782
-0.001036
-0.001402
0.002823
-0.004264
-0.014083
-0.009118
-0.003012
-0.009308
-0.002059
-0.033561
-0.999435
4.148621
---
0.999858
0.016758
-0.001071
-0.001500
0.002774
-0.004218
-0.014084
-0.006499
0.000943
-0.005435
-0.002108
-0.033515
-0.999436
4.165132
---
0.999858
0.016737
-0.001105
-0.001665
0.005649
-0.002221
-0.011156
0.001385
-0.002521
-0.020560
-0.002163
-0.033471
-0.999437
4.182254
---
0.999858
0.016700
-0.001171
-0.001777
-0.002293
-0.001174
-0.009205
0.001104
-0.007074
-0.021984
-0.002293
-0.033401
-0.999439
4.199682
---
0.999858
0.016682
-0.001227
-0.001879
-0.002387
-0.001138
-0.009206
-0.001257
-0.008017
-0.004916
-0.002387
-0.033365
-0.999440
4.216529
---
0.999859
0.016606
-0.001263
-0.002039
0.002411
-0.005869
-0.011164
-0.011609
0.000446
-0.021361
-0.002471
-0.033213
-0.999445
4.233682
---
0.999860
0.016560
-0.001245
-0.002163
-0.000471
-0.001870
-0.009214
-0.009349
0.002032
-0.021974
-0.002424
-0.033120
-0.999448
4.249706
---
0.999860
0.016526
-0.001245
-0.002257
-0.000457
-0.001804
-0.009216
-0.007918
-0.000301
-0.008966
-0.002410
-0.033054
-0.999451
4.267716
---
0.999861
0.016480
-0.001233
-0.002316
0.000540
0.000241
-0.009219
-0.002908
0.001398
-0.003954
-0.002389
-0.032963
-0.999454
4.284440
---
0.999861
0.016478
-0.001202
-0.002280
0.001574
-0.001708
-0.009220
-0.003616
0.011599
0.000583
-0.002332
-0.032958
-0.999454
4.301471
---
0.999861
0.016453
-0.001239
-0.002332
0.001509
-0.001658
-0.009221
0.000167
-0.008372
-0.004922
-0.002397
-0.032908
-0.999456
4.318532
---
0.999860
0.016524
-0.001221
-0.002303
0.006405
0.006014
-0.009217
0.009244
-0.007652
-0.004651
-0.002384
-0.033048
-0.999451
4.334676
---
0.999859
0.016576
-0.001286
-0.002293
0.003365
0.000051
-0.012143
0.006465
0.003770
-0.008539
-0.002495
-0.033152
-0.999447
4.351799
---
0.999859
0.016594
-0.001332
-0.002401
0.003282
0.000012
-0.012141
0.003770
-0.004903
-0.008561
-0.002577
-0.033191
-0.999446
4.368919
---
0.999858
0.016602
-0.001386
-0.002546
0.003168
-0.000978
-0.010187
0.004904
-0.011144
-0.022573
-0.002692
-0.033205
-0.999445
4.386990
---
0.999857
0.016626
-0.001460
-0.002743
-0.000888
0.001902
-0.008232
0.003403
-0.007777
-0.030728
-0.002841
-0.033254
-0.999443
4.403135
---
0.999856
0.016631
-0.001544
-0.002930
-0.001025
0.001889
-0.008231
-0.003802
-0.006857
-0.016052
-0.002978
-0.033267
-0.999442
4.420653
---
0.999855
0.016677
-0.001592
-0.003005
0.001802
-0.000155
-0.014087
0.004648
-0.007529
-0.004114
-0.003081
-0.033359
-0.999439
4.436769
---
0.999854
0.016714
-0.001601
-0.003078
-0.004092
-0.000228
-0.005296
0.006082
-0.002079
-0.011490
-0.003115
-0.033431
-0.999436
4.454652
---
0.999854
0.016729
-0.001596
-0.003017
-0.004073
-0.000261
-0.005295
0.003581
-0.000292
0.016193
-0.003096
-0.033464
-0.999435
4.470768
---
0.999854
0.016729
-0.001568
-0.002963
0.001856
0.000716
-0.012131
0.004603
0.002040
0.005361
-0.003027
-0.033464
-0.999435
4.488530
---
0.999854
0.016736
-0.001510
-0.002988
-0.010749
-0.002226
-0.009201
-0.002264
0.010022
-0.016002
-0.002937
-0.033476
-0.999435
4.505653
---
0.999855
0.016722
-0.001402
-0.003054
-0.010532
-0.002199
-0.009202
-0.002865
0.002302
-0.000582
-0.002720
-0.033449
-0.999437
4.521737
---
0.999853
0.016787
-0.001370
-0.003160
0.003221
0.004507
-0.011151
0.005428
0.004480
-0.018568
-0.002639
-0.033579
-0.999433
4.538858
---
0.999852
0.016817
-0.001402
-0.003257
0.001207
-0.002387
-0.011149
0.005297
-0.004828
-0.023001
-0.002700
-0.033637
-0.999430
4.556686
---
0.999851
0.016838
-0.001460
-0.003438
0.001107
-0.002432
-0.011147
0.003882
-0.005714
-0.014649
-0.002799
-0.033682
-0.999429
4.572801
---
0.999851
0.016846
-0.001397
-0.003578
-0.001703
-0.001471
-0.009194
0.002622
0.002736
-0.028539
-0.002680
-0.033698
-0.999429
4.590561
---
0.999851
0.016817
-0.001359
-0.003762
-0.007484
-0.006297
-0.011149
-0.004803
0.009305
-0.009031
-0.002602
-0.033641
-0.999431
4.606677
---
0.999851
0.016753
-0.001298
-0.003885
0.000452
-0.006167
-0.012131
-0.010146
-0.002789
-0.014442
-0.002478
-0.033511
-0.999435
4.624563
---
0.999852
0.016713
-0.001298
-0.003935
0.000455
-0.006088
-0.012133
-0.006232
0.008370
-0.006329
-0.002475
-0.033432
-0.999438
4.640676
---
0.999853
0.016661
-0.001292
-0.003952
0.003384
-0.001100
-0.009207
-0.009244
0.003598
0.004739
-0.002476
-0.033327
-0.999442
4.657741
---
0.999853
0.016643
-0.001326
-0.003929
0.003338
-0.001063
-0.009208
0.002823
0.002613
-0.004061
-0.002521
-0.033290
-0.999443
4.674893
---
0.999853
0.016586
-0.001274
-0.004028
-0.004383
-0.002904
-0.006282
-0.010312
0.015229
-0.010106
-0.002429
-0.033177
-0.999447
4.692655
---
0.999854
0.016507
-0.001274
-0.004255
-0.001439
-0.004700
-0.010194
-0.006262
0.002373
-0.034489
-0.002416
-0.033020
-0.999452
4.708771
---
0.999854
0.016465
-0.001251
-0.004493
0.002494
-0.000710
-0.003361
-0.001739
-0.001823
-0.031317
-0.002388
-0.032936
-0.999455
4.726013
---
0.999853
0.016397
-0.001263
-0.004754
0.002503
-0.000573
-0.003365
-0.010076
0.004134
-0.034607
-0.002380
-0.032799
-0.999459
4.743134
---
0.999852
0.016422
-0.001215
-0.005029
-0.001290
0.001326
-0.011176
0.002609
0.003067
-0.029907
-0.002267
-0.032854
-0.999458
4.760655
---
0.999850
0.016443
-0.001196
-0.005222
0.002654
0.001286
-0.005316
0.004298
-0.005250
-0.023040
-0.002228
-0.032894
-0.999456
4.776771
---
0.999850
0.016478
-0.001233
-0.005213
0.002561
0.001215
-0.005313
0.006682
-0.004286
0.003030
-0.002322
-0.032965
-0.999454
4.794502
---
0.999849
0.016532
-0.001239
-0.005209
-0.003308
0.003061
-0.008239
0.007261
0.001990
0.010232
-0.002331
-0.033072
-0.999450
4.811623
---
0.999849
0.016581
-0.001202
-0.005032
-0.004196
0.001987
-0.009213
-0.002303
0.004106
0.008263
-0.002243
-0.033169
-0.999447
4.828626
---
0.999849
0.016589
-0.001171
-0.004953
-0.004148
0.001972
-0.009212
0.003826
0.004048
0.008683
-0.002195
-0.033185
-0.999447
4.844742
---
0.999850
0.016654
-0.001184
-0.004699
0.005601
0.002817
-0.007255
0.009772
0.001851
0.017370
-0.002212
-0.033315
-0.999442
4.862685
---
0.999849
0.016699
-0.001164
-0.004605
0.005642
0.002729
-0.007252
0.004872
0.003024
0.015712
-0.002170
-0.033403
-0.999440
4.878799
---
0.999849
0.016750
-0.001202
-0.004386
-0.000318
-0.001280
-0.015061
0.012749
-0.000301
0.028168
-0.002271
-0.033507
-0.999436
4.896596
---
0.999849
0.016837
-0.001196
-0.004229
0.005554
0.006359
-0.009196
0.011031
-0.006793
0.010309
-0.002259
-0.033680
-0.999430
4.912643
---
0.999848
0.016895
-0.001177
-0.004199
-0.002235
-0.003521
-0.014075
0.004614
-0.000650
-0.001731
-0.002235
-0.033795
-0.999426
4.929647
---
0.999848
0.016920
-0.001177
-0.004123
-0.002230
-0.003572
-0.014073
0.000816
-0.004173
0.009222
-0.002230
-0.033846
-0.999425
4.946711
---
0.999847
0.016986
-0.001215
-0.004017
0.006498
0.002156
-0.008209
0.010584
0.003863
0.011615
-0.002291
-0.033977
-0.999420
4.964256
---
0.999846
0.017085
-0.001221
-0.003910
-0.000349
0.003912
-0.013085
0.002734
-0.009403
0.011491
-0.002302
-0.034174
-0.999413
4.981654
---
0.999845
0.017156
-0.001257
-0.003782
0.003475
0.002794
-0.007221
0.007849
-0.000854
0.016609
-0.002384
-0.034315
-0.999408
4.998595
---
0.999844
0.017223
-0.001233
-0.003670
0.003526
0.002657
-0.007216
0.012450
0.005195
0.007478
-0.002333
-0.034452
-0.999404
5.015319
---
0.999843
0.017290
-0.001215
-0.003544
0.002573
-0.002357
-0.014048
0.007336
-0.000986
0.015913
-0.002310
-0.034584
-0.999399
5.032441
---
0.999844
0.017302
-0.001245
-0.003448
-0.000422
-0.003358
-0.015023
-0.007331
-0.002578
0.009659
-0.002375
-0.034608
-0.999398
5.050235
---
0.999844
0.017304
-0.001177
-0.003314
-0.000314
-0.003362
-0.015023
-0.002386
0.004636
0.024208
-0.002267
-0.034612
-0.999398
5.066350
---
0.999844
0.017336
-0.001158
-0.003243
-0.001229
0.002436
-0.008185
0.005586
-0.001254
0.006083
-0.002205
-0.034673
-0.999396
5.083381
---
0.999843
0.017391
-0.001171
-0.003164
0.003629
-0.002558
-0.006228
0.007087
0.001187
0.010242
-0.002230
-0.034785
-0.999392
5.100595
---
0.999844
0.017346
-0.001215
-0.003052
0.003538
-0.002466
-0.006231
-0.009950
-0.006082
0.016712
-0.002321
-0.034693
-0.999395
5.117289
---
0.999843
0.017404
-0.001190
-0.002983
-0.004245
0.001323
-0.015993
0.003896
0.000570
0.009361
-0.002292
-0.034810
-0.999391
5.134411
---
0.999843
0.017426
-0.001152
-0.002922
0.000722
-0.001652
-0.013062
-0.004131
0.004061
0.008396
-0.002208
-0.034855
-0.999390
5.152327
---
0.999844
0.017409
-0.001164
-0.002829
0.000692
-0.001615
-0.013063
0.003336
-0.004635
0.002099
-0.002238
-0.034818
-0.999391
5.168440
---
0.999844
0.017400
-0.001177
-0.002759
-0.001279
-0.004527
-0.014040
-0.003109
0.003244
0.008002
-0.002255
-0.034800
-0.999392
5.184653
---
0.999844
0.017394
-0.001208
-0.002713
0.005491
0.000366
-0.006228
-0.001337
-0.009501
0.009602
-0.002322
-0.034790
-0.999392
5.201771
---
0.999844
0.017402
-0.001233
-0.002719
0.005434
0.000349
-0.006227
-0.003871
0.001366
-0.002115
-0.002379
-0.034807
-0.999391
5.219569
---
0.999844
0.017364
-0.001257
-0.002821
-0.000469
-0.003483
-0.013066
-0.006213
-0.004539
-0.013882
-0.002422
-0.034733
-0.999394
5.235679
---
0.999844
0.017379
-0.001326
-0.002960
0.003303
0.002350
-0.010135
-0.006276
-0.017071
-0.008900
-0.002556
-0.034760
-0.999392
5.253654
---
0.999843
0.017406
-0.001320
-0.003066
0.003315
0.002294
-0.010133
0.002967
0.001805
-0.016511
-0.002544
-0.034815
-0.999391
5.269771
---
0.999843
0.017387
-0.001292
-0.003112
0.001425
-0.001573
-0.009158
-0.011649
0.002149
0.001948
-0.002481
-0.034776
-0.999392
5.286802
---
0.999843
0.017391
-0.001298
-0.003153
-0.000557
-0.000604
-0.011111
0.002108
0.004952
-0.004782
-0.002510
-0.034784
-0.999392
5.303953
---
0.999844
0.017349
-0.001292
-0.003146
-0.000531
-0.000523
-0.011113
-0.004013
0.006635
-0.005835
-0.002484
-0.034703
-0.999395
5.321717
---
0.999844
0.017337
-0.001257
-0.003160
-0.005348
-0.005382
-0.009161
0.000982
0.001829
-0.002326
-0.002418
-0.034679
-0.999396
5.337830
---
0.999845
0.017295
-0.001269
-0.003044
0.008313
-0.001389
-0.013070
-0.003258
-0.000250
0.018371
-0.002429
-0.034592
-0.999399
5.354863
---
0.999845
0.017292
-0.001332
-0.002881
0.008183
-0.001383
-0.013070
-0.004286
-0.005658
0.012593
-0.002559
-0.034586
-0.999398
5.372012
---
0.999847
0.017243
-0.001337
-0.002805
0.002313
-0.004216
-0.010144
-0.005365
-0.007225
0.012231
-0.002569
-0.034489
-0.999402
5.389535
---
0.999847
0.017206
-0.001320
-0.002738
0.003307
-0.001211
-0.016006
-0.003028
-0.003607
0.024873
-0.002552
-0.034414
-0.999404
5.405648
---
0.999848
0.017182
-0.001309
-0.002621
0.003332
-0.001161
-0.016008
-0.005415
0.004183
0.007818
-0.002527
-0.034364
-0.999406
5.422709
---
0.999849
0.017164
-0.001309
-0.002444
0.000387
-0.003080
-0.008196
0.002061
-0.001873
0.022917
-0.002542
-0.034330
-0.999407
5.439860
---
0.999849
0.017155
-0.001326
-0.002316
0.001343
-0.002086
-0.012103
-0.007235
-0.001744
0.018370
-0.002563
-0.034312
-0.999408
5.456649
---
0.999850
0.017112
-0.001381
-0.002218
0.001224
-0.001997
-0.012106
0.001059
-0.010665
0.008339
-0.002683
-0.034224
-0.999411
5.473770
---
0.999851
0.017083
-0.001376
-0.002125
-0.001705
-0.003894
-0.013084
-0.009924
0.007661
0.010176
-0.002681
-0.034167
-0.999413
5.491563
---
0.999851
0.017087
-0.001397
-0.002097
0.003133
-0.000970
-0.007225
0.000623
-0.003459
-0.011405
-0.002726
-0.034173
-0.999412
5.508687
---
0.999851
0.017088
-0.001402
-0.002086
-0.003725
-0.001949
-0.007225
-0.000620
0.002318
-0.004558
-0.002748
-0.034175
-0.999412
5.525655
---
0.999851
0.017039
-0.001397
-0.002167
-0.003700
-0.001852
-0.007228
-0.001660
0.002068
-0.013488
-0.002724
-0.034079
-0.999415
5.541770
---
0.999852
0.016995
-0.001337
-0.002290
-0.004550
-0.003718
-0.011138
-0.006983
0.012752
-0.011729
-0.002596
-0.033992
-0.999419
5.558803
---
0.999853
0.016955
-0.001227
-0.002408
0.003476
-0.007542
-0.005281
-0.006970
0.003760
-0.015414
-0.002383
-0.033909
-0.999422
5.575957
---
0.999853
0.016903
-0.001233
-0.002502
0.003477
-0.007439
-0.005285
-0.001952
-0.005655
-0.011779
-0.002383
-0.033807
-0.999426
5.593656
---
0.999853
0.016885
-0.001251
-0.002604
0.001488
-0.001545
-0.012122
-0.003122
0.001585
-0.009461
-0.002419
-0.033771
-0.999427
5.609773
---
0.999854
0.016849
-0.001227
-0.002688
0.004455
0.000481
-0.012125
-0.006623
0.006729
-0.011497
-0.002381
-0.033699
-0.999429
5.627717
---
0.999854
0.016828
-0.001239
-0.002860
0.004438
0.000521
-0.012126
-0.005360
0.000414
-0.026508
-0.002398
-0.033658
-0.999431
5.643834
---
0.999853
0.016843
-0.001315
-0.003069
0.003330
0.000489
-0.015054
0.011302
-0.010971
-0.026937
-0.002529
-0.033691
-0.999429
5.661654
---
0.999852
0.016875
-0.001320
-0.003200
-0.000593
0.004331
-0.009193
0.001087
0.001117
-0.024359
-0.002546
-0.033755
-0.999427
5.677773
---
0.999851
0.016921
-0.001337
-0.003225
-0.000619
0.004240
-0.009189
0.001856
0.000329
0.002679
-0.002572
-0.033846
-0.999424
5.694830
---
0.999851
0.016928
-0.001376
-0.003190
0.005164
-0.003585
-0.014072
0.001926
-0.001503
0.010418
-0.002649
-0.033859
-0.999423
5.712658
---
0.999851
0.016933
-0.001392
-0.003098
-0.000730
-0.001645
-0.013095
0.003670
0.002517
0.021222
-0.002684
-0.033871
-0.999423
5.729655
---
0.999851
0.016945
-0.001376
-0.002958
-0.000710
-0.001667
-0.013094
-0.003811
-0.000049
0.016927
-0.002663
-0.033894
-0.999422
5.745771
---
0.999852
0.016907
-0.001397
-0.002802
-0.002702
-0.007448
-0.011143
-0.003617
0.004031
0.011237
-0.002702
-0.033815
-0.999424
5.763168
---
0.999854
0.016860
-0.001413
-0.002543
-0.002743
-0.001496
-0.012123
-0.004445
-0.008230
0.018320
-0.002743
-0.033722
-0.999427
5.780661
---
0.999854
0.016846
-0.001408
-0.002395
-0.002749
-0.001469
-0.012124
-0.006855
0.004038
0.021759
-0.002749
-0.033695
-0.999428
5.797503
---
0.999855
0.016843
-0.001413
-0.002135
0.003092
0.001471
-0.015054
-0.003732
-0.001558
0.024288
-0.002768
-0.033685
-0.999429
5.814629
---
0.999855
0.016843
-0.001413
-0.001998
-0.001789
-0.000485
-0.017007
-0.005946
-0.004129
0.001644
-0.002766
-0.033688
-0.999429
5.830650
---
0.999855
0.016870
-0.001480
-0.001847
-0.000945
0.001418
-0.007239
0.004292
-0.005038
0.011008
-0.002898
-0.033738
-0.999426
5.848626
---
0.999854
0.016919
-0.001475
-0.001827
-0.000931
0.001317
-0.007236
0.006563
0.008285
0.007035
-0.002884
-0.033840
-0.999423
5.865172
---
0.999854
0.016949
-0.001434
-0.001752
0.002066
-0.000695
-0.008210
0.005450
0.005260
0.009054
-0.002817
-0.033898
-0.999421
5.882536
---
0.999853
0.016986
-0.001480
-0.001687
0.001005
0.002160
-0.012114
0.006517
-0.002464
0.013408
-0.002902
-0.033973
-0.999419
5.898654
---
0.999853
0.017023
-0.001520
-0.001660
0.000925
0.002086
-0.012111
0.006350
-0.003528
0.003902
-0.002981
-0.034047
-0.999416
5.915682
---
0.999853
0.017002
-0.001510
-0.001549
0.006802
-0.004707
-0.007230
-0.010017
0.001801
0.027215
-0.002964
-0.034004
-0.999417
5.932804
---
0.999854
0.016990
-0.001577
-0.001343
0.006661
-0.004682
-0.007230
-0.000263
-0.015856
0.027648
-0.003104
-0.033979
-0.999418
5.949837
---
0.999854
0.016981
-0.001651
-0.001202
0.004551
-0.000759
-0.009183
0.001057
-0.010593
0.022896
-0.003262
-0.033962
-0.999418
5.967140
---
0.999854
0.016955
-0.001691
-0.000946
0.003481
-0.002660
-0.009185
-0.008768
0.008363
0.032699
-0.003355
-0.033910
-0.999419
5.984629
---
0.999855
0.016956
-0.001705
-0.000743
0.000521
-0.002659
-0.011138
-0.000800
-0.013068
0.028883
-0.003385
-0.033909
-0.999419
6.000745
---
0.999855
0.016945
-0.001718
-0.000598
0.000485
-0.002639
-0.011139
-0.009401
-0.002158
0.024563
-0.003421
-0.033889
-0.999420
6.017806
---
0.999855
0.016923
-0.001744
-0.000423
0.000435
-0.003568
-0.013093
0.000564
-0.001409
0.016369
-0.003471
-0.033841
-0.999421
6.034957
---
0.999855
0.016938
-0.001756
-0.000366
-0.001547
-0.000670
-0.015045
0.001492
-0.007128
0.003166
-0.003500
-0.033873
-0.999420
6.052629
---
0.999855
0.016910
-0.001777
-0.000345
-0.001590
-0.000613
-0.015047
-0.005829
-0.001370
0.002670
-0.003543
-0.033816
-0.999422
6.068741
---
0.999856
0.016873
-0.001769
-0.000423
-0.000588
-0.000539
-0.011143
0.002648
0.004519
-0.023367
-0.003518
-0.033742
-0.999424
6.085779
---
0.999855
0.016899
-0.001798
-0.000585
0.003260
0.002337
-0.012118
0.005780
-0.011075
-0.019196
-0.003576
-0.033796
-0.999422
6.102927
---
0.999855
0.016926
-0.001744
-0.000669
0.003356
0.002286
-0.012116
-0.009522
0.008581
-0.005965
-0.003480
-0.033847
-0.999421
6.120660
---
0.999856
0.016899
-0.001731
-0.000701
0.001446
-0.006450
-0.009189
-0.006959
0.000038
0.001524
-0.003437
-0.033794
-0.999423
6.136776
---
0.999855
0.016891
-0.001765
-0.000800
-0.002520
0.003329
-0.011142
0.008711
-0.007400
-0.014565
-0.003496
-0.033780
-0.999423
6.154109
---
0.999855
0.016910
-0.001744
-0.000846
-0.002493
0.003290
-0.011141
0.004443
-0.000429
-0.002245
-0.003469
-0.033819
-0.999422
6.171233
---
0.999855
0.016948
-0.001731
-0.000819
0.000462
0.002239
-0.010162
0.000659
0.007410
0.012632
-0.003444
-0.033894
-0.999420
6.188540
---
0.999854
0.016979
-0.001739
-0.000743
0.001432
-0.001729
-0.011136
0.005383
-0.009182
0.013379
-0.003450
-0.033955
-0.999417
6.204652
---
0.999854
0.017002
-0.001773
-0.000634
0.001352
-0.001775
-0.011134
0.006930
0.003125
0.010249
-0.003531
-0.034002
-0.999416
6.222659
---
0.999853
0.017049
-0.001709
-0.000546
-0.003400
0.000084
-0.009178
0.009241
0.004510
0.015835
-0.003400
-0.034095
-0.999413
6.238783
---
0.999852
0.017106
-0.001713
-0.000323
0.002442
-0.001981
-0.013081
0.002704
-0.006412
0.010720
-0.003418
-0.034207
-0.999409
6.256659
---
0.999853
0.017084
-0.001726
-0.000173
0.002398
-0.001935
-0.013082
-0.003935
0.005385
0.019641
-0.003461
-0.034162
-0.999410
6.272775
---
0.999853
0.017085
-0.001713
-0.000000
0.001457
0.000990
-0.011129
0.000948
0.001419
0.014986
-0.003426
-0.034167
-0.999410
6.290568
---
0.999853
0.017072
-0.001691
0.000000
-0.000465
-0.005818
-0.009177
-0.003098
0.004466
0.009709
-0.003395
-0.034138
-0.999411
6.306682
---
0.999853
0.017072
-0.001752
0.000000
-0.001554
-0.000937
-0.013083
0.002464
-0.004247
0.007277
-0.003507
-0.034140
-0.999411
6.324625
---
0.999853
0.017081
-0.001744
0.000000
-0.001546
-0.000952
-0.013082
0.001183
0.006492
-0.010048
-0.003499
-0.034155
-0.999410
6.340742
---
0.999853
0.017050
-0.001665
-0.000000
-0.003334
-0.004799
-0.006249
-0.012519
0.007970
-0.014440
-0.003334
-0.034096
-0.999413
6.357776
---
0.999854
0.017020
-0.001651
-0.000000
0.000602
-0.000834
-0.016017
-0.002644
-0.002071
-0.000448
-0.003305
-0.034037
-0.999415
6.374926
---
0.999854
0.017020
-0.001619
-0.000000
0.000653
-0.000831
-0.016017
0.003448
0.005053
0.008342
-0.003253
-0.034034
-0.999415
6.392660
---
0.999853
0.017054
-0.001610
-0.000000
0.002613
0.002030
-0.008202
0.000848
0.013485
0.014677
-0.003247
-0.034103
-0.999413
6.408772
---
0.999853
0.017091
-0.001629
0.000000
-0.000332
0.000981
-0.007223
0.004059
-0.004164
0.001423
-0.003262
-0.034175
-0.999411
6.425987
---
0.999852
0.017129
-0.001633
0.000122
-0.000342
0.000901
-0.007220
0.006405
-0.000333
0.015114
-0.003272
-0.034255
-0.999408
6.443110
---
0.999852
0.017133
-0.001669
0.000211
0.000541
-0.004964
-0.012103
0.004262
0.000942
0.013851
-0.003366
-0.034260
-0.999407
6.460660
---
0.999852
0.017147
-0.001683
0.000345
-0.001420
0.001844
-0.008195
0.001671
0.000717
0.019749
-0.003374
-0.034289
-0.999406
6.476776
---
0.999851
0.017165
-0.001660
0.000405
-0.001393
0.001809
-0.008194
0.002806
0.011431
0.007450
-0.003346
-0.034324
-0.999405
6.493838
---
0.999851
0.017187
-0.001638
0.000457
-0.000366
-0.000187
-0.012099
0.000507
0.006779
0.009002
-0.003295
-0.034367
-0.999404
6.510901
---
0.999851
0.017152
-0.001592
0.000546
-0.007109
-0.005979
-0.016008
0.000589
0.001812
0.004411
-0.003203
-0.034299
-0.999407
6.528658
---
0.999852
0.017129
-0.001549
0.000559
-0.007039
-0.005932
-0.016010
-0.002548
-0.001447
0.003334
-0.003133
-0.034253
-0.999408
6.544776
---
0.999852
0.017128
-0.001510
0.000610
0.001825
-0.001045
-0.011128
-0.000070
0.007180
0.008591
-0.003058
-0.034248
-0.999409
6.561802
---
0.999852
0.017123
-0.001480
0.000680
0.001895
-0.000059
-0.011128
-0.000810
0.001946
0.007814
-0.002988
-0.034239
-0.999409
6.578839
---
0.999852
0.017131
-0.001450
0.000722
0.001957
-0.000076
-0.011128
0.004027
-0.003157
-0.004118
-0.002926
-0.034256
-0.999409
6.596415
---
0.999852
0.017128
-0.001439
0.000701
-0.003889
0.001884
-0.008198
-0.003354
0.001433
-0.007938
-0.002912
-0.034249
-0.999409
6.613657
---
0.999852
0.017130
-0.001376
0.000680
-0.002792
-0.000075
-0.013081
0.002460
-0.002736
0.008784
-0.002792
-0.034254
-0.999409
6.630661
---
0.999852
0.017144
-0.001359
0.000691
-0.002735
-0.000101
-0.013080
0.003449
0.002080
0.001705
-0.002735
-0.034280
-0.999408
6.646774
---
0.999852
0.017142
-0.001326
0.000712
0.000256
-0.003027
-0.014057
0.002236
-0.000421
0.001153
-0.002674
-0.034277
-0.999409
6.664080
---
0.999852
0.017140
-0.001354
0.000800
0.003122
0.000884
-0.015034
-0.009204
-0.002565
0.006192
-0.002737
-0.034272
-0.999409
6.681662
---
0.999851
0.017171
-0.001354
0.000837
0.003124
0.000821
-0.015032
0.004684
0.000502
0.014130
-0.002735
-0.034336
-0.999407
6.698414
---
0.999851
0.017176
-0.001348
0.000977
0.000192
0.001789
-0.009172
-0.001464
-0.007771
0.019294
-0.002738
-0.034344
-0.999406
6.715691
---
0.999851
0.017191
-0.001337
0.001119
0.000231
-0.004103
-0.006241
0.002857
0.009604
0.011555
-0.002699
-0.034376
-0.999405
6.732657
---
0.999851
0.017151
-0.001298
0.001263
0.002257
0.000861
-0.012104
-0.000942
0.008504
0.018693
-0.002626
-0.034295
-0.999408
6.748958
---
0.999850
0.017189
-0.001315
0.001359
0.002204
0.000788
-0.012101
0.005053
-0.009994
0.020018
-0.002679
-0.034368
-0.999406
6.766078
---
0.999850
0.017212
-0.001309
0.001450
0.002202
-0.001212
-0.009170
0.001883
0.004198
0.010021
-0.002681
-0.034415
-0.999404
6.783143
---
0.999850
0.017222
-0.001348
0.001465
-0.005687
0.002677
-0.008192
0.003539
0.003301
-0.007159
-0.002758
-0.034432
-0.999403
6.800417
---
0.999849
0.017278
-0.001326
0.001434
-0.005631
0.002562
-0.008188
0.005779
0.004073
-0.000944
-0.002701
-0.034548
-0.999399
6.817690
---
0.999849
0.017290
-0.001286
0.001386
0.003227
0.001561
-0.011118
0.001537
0.003672
-0.010965
-0.002633
-0.034572
-0.999399
6.833806
---
0.999849
0.017298
-0.001274
0.001365
-0.004546
-0.004313
-0.014047
-0.000473
-0.000953
-0.015501
-0.002593
-0.034586
-0.999398
6.850988
---
0.999848
0.017324
-0.001227
0.001320
-0.004452
-0.004367
-0.014045
0.001902
-0.003411
-0.009993
-0.002499
-0.034640
-0.999397
6.868110
---
0.999849
0.017299
-0.001196
0.001326
-0.005371
-0.001388
-0.016977
-0.005079
0.004812
-0.001216
-0.002441
-0.034591
-0.999399
6.884654
---
0.999849
0.017293
-0.001119
0.001337
-0.004261
-0.001374
-0.016978
-0.001221
0.019868
-0.001760
-0.002308
-0.034577
-0.999399
6.901777
---
0.999848
0.017321
-0.001105
0.001381
-0.004202
-0.001430
-0.016976
0.006055
0.001727
0.009197
-0.002249
-0.034633
-0.999398
6.918838
---
0.999848
0.017325
-0.001043
0.001510
-0.005072
-0.004367
-0.009163
0.003455
0.005209
0.022928
-0.002142
-0.034641
-0.999398
6.935989
---
0.999849
0.017280
-0.001021
0.001735
0.000838
-0.003303
-0.012096
-0.004116
-0.001247
0.022361
-0.002092
-0.034553
-0.999401
6.953812
---
0.999848
0.017272
-0.001036
0.001899
0.000784
-0.003283
-0.012097
-0.005950
-0.002788
0.014100
-0.002146
-0.034533
-0.999401
6.969929
---
0.999849
0.017254
-0.001029
0.002054
-0.001166
-0.005201
-0.009168
-0.002196
-0.000617
0.025708
-0.002143
-0.034498
-0.999403
6.986961
---
0.999848
0.017243
-0.001014
0.002167
0.000815
-0.003226
-0.011122
-0.000187
0.004304
0.017241
-0.002115
-0.034476
-0.999403
7.004111
---
0.999849
0.017176
-0.000992
0.002224
0.000852
-0.003095
-0.011127
0.000335
0.003070
0.004453
-0.002077
-0.034345
-0.999408
7.021630
---
0.999849
0.017182
-0.000946
0.002190
-0.000991
-0.000175
-0.012103
0.001527
0.001113
-0.015820
-0.001967
-0.034355
-0.999408
7.037745
---
0.999851
0.017143
-0.000922
0.002075
-0.001924
-0.003026
-0.011129
-0.007967
0.001786
-0.015351
-0.001924
-0.034276
-0.999411
7.054810
---
0.999851
0.017140
-0.000922
0.001926
-0.001919
-0.003021
-0.011129
-0.004872
-0.004388
-0.017243
-0.001919
-0.034271
-0.999411
7.071956
---
0.999851
0.017135
-0.000938
0.001806
0.000989
-0.003012
-0.008200
-0.002391
0.000580
-0.010065
-0.001940
-0.034262
-0.999411
7.089907
---
0.999851
0.017134
-0.000961
0.001700
0.000942
-0.000079
-0.010153
-0.001494
-0.006084
-0.017750
-0.001987
-0.034259
-0.999411
7.106021
---
0.999852
0.017117
-0.001021
0.001629
0.000840
-0.000046
-0.010154
0.002559
-0.012977
0.001022
-0.002090
-0.034226
-0.999412
7.123053
---
0.999851
0.017142
-0.001036
0.001601
0.004694
-0.001073
-0.011129
0.002516
-0.001672
0.000834
-0.002142
-0.034276
-0.999410
7.140202
---
0.999852
0.017114
-0.001043
0.001624
0.000774
-0.000039
-0.008201
0.002207
0.001537
-0.007430
-0.002156
-0.034219
-0.999412
7.157661
---
0.999851
0.017138
-0.001029
0.001558
0.000796
-0.000085
-0.008200
0.000435
0.009545
-0.009626
-0.002134
-0.034265
-0.999411
7.173777
---
0.999851
0.017189
-0.001071
0.001480
-0.002205
0.004693
-0.012102
0.006412
-0.005136
-0.012033
-0.002205
-0.034369
-0.999407
7.191572
---
0.999851
0.017178
-0.001036
0.001413
-0.005050
-0.009935
-0.015033
0.001966
0.003225
-0.013995
-0.002120
-0.034349
-0.999408
7.207682
---
0.999852
0.017147
-0.000999
0.001298
0.000876
-0.002063
-0.013082
-0.001392
0.001404
-0.019048
-0.002054
-0.034289
-0.999410
7.225479
---
0.999852
0.017116
-0.000999
0.001202
0.000880
-0.001998
-0.013084
0.002416
0.002682
-0.011379
-0.002050
-0.034224
-0.999412
7.242601
---
0.999852
0.017122
-0.000999
0.001139
0.001857
-0.002984
-0.013084
-0.000093
-0.002165
-0.001271
-0.002049
-0.034234
-0.999412
7.258627
---
0.999852
0.017112
-0.001007
0.001119
0.000861
-0.003943
-0.012108
-0.002106
-0.008463
-0.008365
-0.002069
-0.034216
-0.999412
7.275778
---
0.999853
0.017096
-0.000992
0.001245
0.000898
-0.003911
-0.012109
0.003476
0.009685
0.014062
-0.002032
-0.034185
-0.999414
7.293571
---
0.999852
0.017117
-0.001014
0.001332
-0.003065
0.001907
-0.014060
0.003431
-0.002207
0.022301
-0.002089
-0.034225
-0.999412
7.309687
---
0.999852
0.017139
-0.001036
0.001475
-0.002119
-0.000089
-0.012106
0.003879
-0.004187
0.012973
-0.002119
-0.034269
-0.999410
7.327020
---
0.999851
0.017140
-0.001064
0.001647
-0.002181
-0.000094
-0.012105
0.001415
0.004501
0.011878
-0.002181
-0.034274
-0.999410
7.344143
---
0.999851
0.017123
-0.001043
0.001823
-0.001183
-0.001036
-0.015036
-0.005081
0.005554
0.015597
-0.002159
-0.034239
-0.999411
7.361659
---
0.999851
0.017116
-0.001071
0.001995
-0.005132
-0.003950
-0.012107
-0.000302
-0.004867
0.016899
-0.002203
-0.034224
-0.999412
7.378695
---
0.999851
0.017120
-0.001014
0.002111
-0.005047
-0.003957
-0.012107
0.008347
0.004711
0.013534
-0.002117
-0.034230
-0.999412
7.395478
---
0.999851
0.017089
-0.000999
0.002293
0.001809
-0.003896
-0.013086
-0.010066
0.002088
0.015728
-0.002097
-0.034169
-0.999414
7.412663
---
0.999850
0.017106
-0.001029
0.002358
0.006641
0.000954
-0.016014
0.001847
-0.001525
0.012543
-0.002148
-0.034202
-0.999413
7.429660
---
0.999849
0.017126
-0.001021
0.002584
0.006664
0.000913
-0.016013
0.004256
0.000993
0.016164
-0.002125
-0.034243
-0.999411
7.445777
---
0.999849
0.017137
-0.001036
0.002740
-0.001180
-0.003013
-0.017965
0.000350
0.001773
0.014701
-0.002157
-0.034263
-0.999411
7.462990
---
0.999848
0.017147
-0.001050
0.002919
0.001693
0.001850
-0.011128
0.002026
-0.001055
0.025914
-0.002214
-0.034283
-0.999410
7.480114
---
0.999847
0.017173
-0.001036
0.003054
0.001708
0.001799
-0.011127
0.000021
-0.006695
0.013968
-0.002198
-0.034334
-0.999408
7.497325
---
0.999847
0.017169
-0.001078
0.003169
0.002608
-0.004051
-0.007221
0.000048
-0.007783
0.016841
-0.002274
-0.034324
-0.999408
7.514662
---
0.999846
0.017198
-0.001112
0.003345
0.005463
-0.000201
-0.011125
0.001541
-0.007065
0.019958
-0.002350
-0.034381
-0.999406
7.530687
---
0.999845
0.017179
-0.001105
0.003588
0.000580
-0.002117
-0.012103
-0.005287
0.009285
0.020146
-0.002350
-0.034344
-0.999407
7.548632
---
0.999845
0.017182
-0.001112
0.003705
0.000590
-0.002126
-0.012102
0.005774
-0.001621
0.029049
-0.002340
-0.034352
-0.999407
7.564991
---
0.999844
0.017168
-0.001119
0.003967
0.003483
-0.004050
-0.014056
0.000329
0.003601
0.024450
-0.002376
-0.034323
-0.999408
7.582023
---
0.999844
0.017150
-0.001105
0.004100
-0.003336
-0.004988
-0.015034
-0.002532
0.000409
0.021814
-0.002359
-0.034285
-0.999409
7.599327
---
0.999844
0.017115
-0.001105
0.004147
-0.003351
-0.004919
-0.015037
-0.004883
0.000141
0.000115
-0.002375
-0.034216
-0.999412
7.616663
---
0.999844
0.017123
-0.001145
0.004200
0.002449
0.003854
-0.009177
0.003260
-0.002783
0.008404
-0.002434
-0.034232
-0.999411
7.632686
---
0.999844
0.017151
-0.001119
0.004175
0.002493
-0.000106
-0.009175
0.005518
0.002654
-0.004180
-0.002390
-0.034286
-0.999409
7.649807
---
0.999843
0.017183
-0.001139
0.004072
0.002469
-0.000172
-0.009173
0.002909
-0.002643
-0.013880
-0.002414
-0.034351
-0.999407
7.666929
---
0.999844
0.017191
-0.001158
0.003967
0.005357
-0.001162
-0.011125
0.000929
-0.001733
-0.018761
-0.002456
-0.034365
-0.999406
7.684633
---
0.999844
0.017201
-0.001164
0.003878
0.003393
-0.000207
-0.005265
0.004790
-0.001629
-0.008948
-0.002467
-0.034387
-0.999406
7.701328
---
0.999844
0.017214
-0.001177
0.003843
0.003364
-0.000234
-0.005264
-0.002582
-0.006303
-0.000680
-0.002496
-0.034414
-0.999405
7.718448
---
0.999844
0.017211
-0.001221
0.003860
0.002310
-0.002181
-0.013076
-0.002451
0.001934
-0.000808
-0.002572
-0.034408
-0.999405
7.735572
---
0.999844
0.017221
-0.001145
0.003849
-0.000492
-0.003176
-0.009170
-0.000212
0.009575
-0.004103
-0.002445
-0.034426
-0.999404
7.751595
---
0.999844
0.017214
-0.001152
0.003839
-0.000478
-0.003165
-0.009170
0.001026
-0.001579
0.003820
-0.002431
-0.034415
-0.999405
7.768745
---
0.999844
0.017199
-0.001152
0.003854
-0.004387
0.000770
-0.022843
-0.003756
0.003520
-0.001738
-0.002434
-0.034386
-0.999406
7.785779
---
0.999843
0.017247
-0.001158
0.003802
0.002409
0.000678
-0.010145
0.006904
-0.005697
-0.004247
-0.002474
-0.034478
-0.999402
7.802930
---
0.999843
0.017254
-0.001215
0.003784
0.002335
0.000662
-0.010144
-0.001970
-0.008965
-0.005318
-0.002548
-0.034495
-0.999402
7.820633
---
0.999843
0.017303
-0.001227
0.003713
-0.000638
-0.000411
-0.011117
0.007703
-0.004212
-0.007271
-0.002591
-0.034591
-0.999398
7.836748
---
0.999843
0.017294
-0.001239
0.003623
-0.001633
-0.007228
-0.015024
-0.002248
0.000167
-0.004372
-0.002610
-0.034571
-0.999399
7.854082
---
0.999844
0.017258
-0.001251
0.003565
-0.001632
-0.007160
-0.015026
-0.008284
0.000402
-0.011077
-0.002609
-0.034503
-0.999401
7.871204
---
0.999845
0.017214
-0.001227
0.003574
0.003273
-0.005116
-0.012100
-0.003130
-0.000264
-0.006740
-0.002586
-0.034413
-0.999404
7.888542
---
0.999844
0.017265
-0.001184
0.003538
-0.004445
0.004546
-0.009167
0.004476
0.007210
-0.000158
-0.002492
-0.034517
-0.999401
7.904655
---
0.999843
0.017303
-0.001184
0.003517
-0.004455
0.004470
-0.009164
-0.002482
0.002532
-0.011740
-0.002502
-0.034592
-0.999398
7.922601
---
0.999844
0.017271
-0.001171
0.003508
-0.004417
-0.004255
-0.010143
0.000066
0.005148
0.001449
-0.002463
-0.034529
-0.999401
7.938715
---
0.999844
0.017238
-0.001202
0.003561
0.001387
-0.004190
-0.014051
-0.002525
-0.007822
0.004496
-0.002519
-0.034464
-0.999403
7.956664
---
0.999844
0.017252
-0.001227
0.003644
0.003287
0.000666
-0.017956
0.001612
-0.006037
0.025022
-0.002572
-0.034490
-0.999402
7.972777
---
0.999843
0.017260
-0.001251
0.003717
0.003226
0.000652
-0.017956
0.006490
-0.003762
-0.001396
-0.002634
-0.034504
-0.999401
7.990544
---
0.999844
0.017210
-0.001274
0.003745
0.001236
-0.001203
-0.013076
-0.007017
-0.001528
-0.000997
-0.002670
-0.034406
-0.999404
8.006661
---
0.999844
0.017192
-0.001309
0.003733
0.001168
0.000789
-0.011124
-0.000698
-0.001488
0.003924
-0.002739
-0.034367
-0.999406
8.024665
---
0.999844
0.017207
-0.001269
0.003703
0.001221
0.000756
-0.011123
0.004144
-0.001756
-0.003633
-0.002685
-0.034400
-0.999405
8.040781
---
0.999844
0.017253
-0.001257
0.003646
-0.001658
-0.000313
-0.014050
0.012629
0.003050
-0.013175
-0.002635
-0.034493
-0.999402
8.057813
---
0.999844
0.017269
-0.001269
0.003474
-0.001695
-0.000347
-0.014049
-0.000057
-0.005290
-0.021779
-0.002672
-0.034527
-0.999400
8.074962
---
0.999844
0.017318
-0.001263
0.003381
-0.000682
0.002489
-0.013069
0.005948
0.000939
-0.010753
-0.002635
-0.034620
-0.999397
8.092635
---
0.999843
0.017341
-0.001215
0.003332
0.002316
-0.000488
-0.009161
0.004741
-0.000297
-0.015276
-0.002567
-0.034668
-0.999396
8.108749
---
0.999843
0.017376
-0.001227
0.003232
-0.004523
-0.004466
-0.015018
0.000186
-0.005156
-0.020557
-0.002570
-0.034739
-0.999393
8.125993
---
0.999843
0.017376
-0.001221
0.003107
-0.004522
-0.004465
-0.015018
-0.001043
0.000766
-0.012993
-0.002569
-0.034738
-0.999393
8.143114
---
0.999844
0.017351
-0.001233
0.003000
0.004257
-0.003438
-0.006231
-0.000883
-0.007985
-0.015744
-0.002579
-0.034688
-0.999395
8.160666
---
0.999845
0.017341
-0.001233
0.002935
0.002290
0.003418
-0.009161
-0.002642
-0.001099
-0.001564
-0.002593
-0.034668
-0.999396
8.176778
---
0.999844
0.017390
-0.001269
0.002884
0.002252
0.003319
-0.009158
-0.000944
-0.000044
-0.004441
-0.002631
-0.034767
-0.999392
8.193813
---
0.999844
0.017397
-0.001274
0.002786
-0.000697
-0.002557
-0.014040
0.001492
-0.002491
-0.021895
-0.002650
-0.034784
-0.999391
8.210966
---
0.999845
0.017373
-0.001286
0.002655
-0.001687
-0.002507
-0.008182
-0.006861
0.002188
-0.015581
-0.002664
-0.034734
-0.999393
8.228632
---
0.999845
0.017376
-0.001280
0.002555
-0.001671
-0.002514
-0.008182
0.000511
0.001121
-0.010603
-0.002648
-0.034741
-0.999393
8.244751
---
0.999846
0.017359
-0.001245
0.002405
-0.003543
-0.003456
-0.010136
0.000630
0.006955
-0.024684
-0.002567
-0.034706
-0.999394
8.261777
---
0.999846
0.017373
-0.001239
0.002241
-0.001596
0.001400
-0.012089
0.002261
-0.000588
-0.026650
-0.002572
-0.034733
-0.999393
8.278816
---
0.999846
0.017400
-0.001215
0.002111
-0.001520
0.001342
-0.012087
0.008317
0.007524
-0.018526
-0.002497
-0.034790
-0.999391
8.296237
---
0.999846
0.017394
-0.001190
0.002068
-0.000488
-0.000598
-0.009158
0.000963
-0.005896
0.003285
-0.002441
-0.034778
-0.999392
8.313362
---
0.999846
0.017392
-0.001215
0.001934
0.000443
-0.003525
-0.009158
-0.004766
-0.000414
-0.019003
-0.002487
-0.034775
-0.999392
8.330667
---
0.999846
0.017397
-0.001177
0.001895
0.000509
-0.003534
-0.009158
-0.000661
0.010872
-0.007062
-0.002421
-0.034784
-0.999392
8.346692
---
0.999846
0.017394
-0.001177
0.001855
-0.003403
-0.001576
-0.012087
-0.001874
-0.002186
0.002424
-0.002427
-0.034779
-0.999392
8.363901
---
0.999846
0.017424
-0.001227
0.001980
0.006260
-0.001635
-0.013062
-0.000465
-0.005710
0.005557
-0.002529
-0.034838
-0.999390
8.381028
---
0.999845
0.017435
-0.001233
0.002006
0.006254
-0.001659
-0.013061
-0.003442
0.002974
0.005963
-0.002535
-0.034862
-0.999389
8.398237
---
0.999846
0.017402
-0.001208
0.002021
-0.009336
-0.009404
-0.010134
-0.005819
0.002934
-0.002980
-0.002500
-0.034794
-0.999391
8.415363
---
0.999846
0.017390
-0.001171
0.001991
0.001475
-0.002544
-0.015017
-0.001151
-0.000767
-0.007744
-0.002431
-0.034771
-0.999392
8.432697
---
0.999847
0.017326
-0.001139
0.001980
0.001540
-0.002418
-0.015022
-0.005543
0.012050
-0.006069
-0.002366
-0.034644
-0.999397
8.449668
---
0.999848
0.017299
-0.001119
0.001945
-0.002318
-0.003339
-0.012094
-0.005463
-0.004005
-0.006931
-0.002318
-0.034589
-0.999399
8.465901
---
0.999848
0.017302
-0.001092
0.001883
-0.004208
-0.001391
-0.014047
-0.000210
0.006784
-0.012986
-0.002254
-0.034594
-0.999399
8.482937
---
0.999848
0.017309
-0.001043
0.001765
0.003709
0.000547
-0.011117
0.004705
0.005483
-0.014092
-0.002150
-0.034609
-0.999399
8.500087
---
0.999848
0.017300
-0.001021
0.001665
0.003750
0.000564
-0.011118
0.004280
0.005142
-0.013109
-0.002109
-0.034592
-0.999399
8.517209
---
0.999849
0.017274
-0.001043
0.001642
0.002721
-0.003290
-0.008190
-0.004740
-0.005515
-0.000879
-0.002161
-0.034540
-0.999401
8.534332
---
0.999849
0.017291
-0.001071
0.001596
-0.004161
0.002534
-0.013072
0.010753
0.003125
-0.007496
-0.002208
-0.034576
-0.999400
8.551364
---
0.999848
0.017309
-0.001014
0.001539
-0.004035
0.002499
-0.013071
-0.002016
0.004912
-0.004602
-0.002082
-0.034611
-0.999399
8.568511
---
0.999849
0.017306
-0.001014
0.001500
0.002798
-0.000426
-0.010141
-0.000769
0.003873
-0.001841
-0.002085
-0.034605
-0.999399
8.585667
---
0.999849
0.017312
-0.001007
0.001495
-0.000106
-0.000436
-0.009164
-0.003483
0.000576
-0.003559
-0.002059
-0.034615
-0.999399
8.601783
---
0.999848
0.017318
-0.001014
0.001470
-0.000120
-0.000451
-0.009164
0.002630
0.001684
-0.012253
-0.002073
-0.034630
-0.999398
8.618845
---
0.999848
0.017335
-0.001036
0.001465
-0.000177
-0.002436
-0.012092
0.002457
-0.005157
0.008615
-0.002130
-0.034662
-0.999397
8.635997
---
0.999848
0.017344
-0.001007
0.001485
-0.005027
-0.003431
-0.015021
-0.000082
0.003138
-0.001392
-0.002098
-0.034681
-0.999396
8.653576
---
0.999848
0.017346
-0.001036
0.001475
-0.005041
-0.003436
-0.015021
0.002554
-0.002798
0.003693
-0.002111
-0.034686
-0.999396
8.669693
---
0.999848
0.017340
-0.000992
0.001485
-0.003024
0.001460
-0.014045
-0.003572
0.004354
0.000695
-0.002048
-0.034673
-0.999397
8.686753
---
0.999848
0.017322
-0.000969
0.001480
0.001923
-0.005338
-0.019906
-0.004232
0.004793
-0.000584
-0.001984
-0.034635
-0.999398
8.703903
---
0.999849
0.017292
-0.000922
0.001450
0.002017
-0.005282
-0.019908
-0.001887
0.001231
-0.003938
-0.001890
-0.034579
-0.999400
8.721636
---
0.999849
0.017291
-0.000938
0.001365
-0.003893
0.000583
-0.015025
-0.005564
-0.000189
-0.010807
-0.001939
-0.034573
-0.999400
8.737751
---
0.999850
0.017269
-0.000880
0.001221
0.001136
-0.001327
-0.011121
-0.007020
0.003274
-0.017552
-0.001794
-0.034530
-0.999402
8.754786
---
0.999851
0.017229
-0.000863
0.001145
0.001168
-0.001248
-0.011124
-0.004859
-0.003110
-0.007063
-0.001762
-0.034451
-0.999405
8.771933
---
0.999851
0.017222
-0.000863
0.001050
0.000174
-0.007094
-0.010148
0.001331
0.006906
-0.011615
-0.001779
-0.034438
-0.999405
8.789542
---
0.999852
0.017174
-0.000863
0.001036
0.002148
-0.002113
-0.012104
-0.000942
-0.001172
0.002832
-0.001758
-0.034340
-0.999409
8.805660
---
0.999852
0.017134
-0.000889
0.001043
0.002096
-0.002035
-0.012107
-0.006559
-0.005676
0.000552
-0.001811
-0.034261
-0.999411
8.822691
---
0.999853
0.017102
-0.000930
0.001036
0.005911
-0.005876
-0.007226
-0.001539
-0.011632
0.004446
-0.001902
-0.034196
-0.999413
8.839842