---
0.977528
0.021805
-0.001119
-0.209671
0.000096
-0.005995
-0.008812
-0.061340
-0.035677
-0.014280
0.006932
-0.043105
-0.999047
0.000000
---
0.977561
0.020416
-0.000889
-0.209658
0.000008
-0.006105
-0.012837
-0.010161
-0.027009
-0.038761
0.006844
-0.040285
-0.999165
0.051366
---
0.977559
0.020222
-0.000173
-0.209689
0.000241
0.002364
-0.034338
-0.047343
0.083674
0.007104
0.008054
-0.039628
-0.999182
0.068489
---
0.977508
0.018312
-0.000000
-0.210101
-0.000179
0.006178
-0.034486
-0.226341
-0.053577
-0.118311
0.007634
-0.035815
-0.999329
0.085609
---
0.977122
0.016588
-0.000646
-0.212033
0.030200
0.004423
-0.021910
-0.176948
-0.195311
-0.352804
0.005786
-0.032686
-0.999449
0.103555
---
0.976521
0.014996
-0.001239
-0.214894
0.028426
0.007286
-0.022008
-0.179459
-0.109283
-0.346279
0.004012
-0.029823
-0.999547
0.119673
---
0.975866
0.012570
-0.001739
-0.217999
0.018673
0.000093
-0.009444
-0.199996
-0.060683
-0.256608
0.002072
-0.025298
-0.999678
0.136797
---
0.975503
0.015070
-0.001292
-0.219465
-0.031057
0.084286
-0.092316
0.440129
0.258487
-0.170717
0.004100
-0.029972
-0.999542
0.152909
---
0.975381
0.018917
0.000299
-0.219712
-0.026290
0.077481
-0.092058
0.405344
0.267023
-0.022830
0.008866
-0.036777
-0.999284
0.170030
---
0.975495
0.021540
0.003350
-0.218941
-0.044573
0.019991
-0.024440
0.199932
0.334223
0.028039
0.015974
-0.040556
-0.999050
0.187152
---
0.975299
0.017495
0.001359
-0.220191
0.036708
-0.030602
-0.019892
-0.712161
-0.605085
-0.250164
0.010341
-0.033532
-0.999384
0.204276
---
0.973955
0.011012
-0.010758
-0.226220
0.059222
0.031301
-0.017104
0.010576
-0.913635
-0.400658
-0.015973
-0.026316
-0.999526
0.238517
---
0.973444
0.008742
-0.017074
-0.228119
0.028365
0.007415
0.022220
-0.213253
-0.802088
-0.180423
-0.029252
-0.024811
-0.999264
0.255639
---
0.972768
0.005866
-0.024464
-0.230412
0.012724
0.009544
0.022750
-0.048486
-0.955468
-0.402846
-0.044893
-0.022682
-0.998734
0.272763
---
0.971722
0.004381
-0.029715
-0.234211
0.045865
0.023460
-0.001125
-0.026007
-0.549514
-0.481566
-0.055697
-0.022439
-0.998196
0.288883
---
0.972583
-0.006355
-0.019581
-0.231641
-0.093766
-0.076788
-0.019660
-0.674156
0.627581
0.396809
-0.041031
0.003290
-0.999152
0.323120
---
0.972739
-0.017437
-0.017692
-0.230569
0.151875
0.000377
-0.010485
-0.549426
-0.953967
-0.375249
-0.042460
0.025767
-0.998766
0.357363
---
0.972349
-0.022918
-0.019663
-0.231571
-0.070337
-0.022155
0.013543
-0.534758
0.721877
0.111572
-0.048853
0.035462
-0.998176
0.408732
---
0.971845
-0.027440
-0.019020
-0.233246
0.144566
0.051297
0.005159
-0.506425
-0.757600
-0.434787
-0.049769
0.044461
-0.997771
0.425856
---
0.970728
-0.031999
-0.022829
-0.236944
0.134849
0.058144
0.006020
-0.450413
-0.493811
-0.498909
-0.059487
0.051308
-0.996910
0.441968
---
0.967897
-0.042291
-0.023723
-0.246626
0.025012
0.010595
-0.073422
-0.776679
0.049688
-0.549257
-0.066785
0.070165
-0.995297
0.476213
---
0.966110
-0.050595
-0.023074
-0.252071
0.021705
0.026558
-0.071940
-0.859238
-0.162392
-0.521357
-0.070092
0.086128
-0.993815
0.493337
---
0.965034
-0.055863
-0.020620
-0.255270
-0.028280
0.010378
-0.021229
-0.741535
0.288273
-0.488645
-0.068319
0.097292
-0.992908
0.510460
---
0.963430
-0.063918
-0.016739
-0.259688
0.024392
-0.024206
0.006778
-1.161528
-0.022566
-0.407265
-0.065452
0.114465
-0.991269
0.528405
---
0.961635
-0.072666
-0.014867
-0.264116
0.022866
-0.006769
0.009050
-1.232738
-0.141113
-0.537604
-0.066978
0.131903
-0.988997
0.544520
---
0.959901
-0.081831
-0.013596
-0.267785
0.027728
-0.002526
-0.011628
-1.104460
-0.093530
-0.442298
-0.069928
0.149818
-0.986238
0.561644
---
0.957855
-0.089920
-0.011040
-0.272592
-0.004741
0.008039
0.008602
-1.041578
0.224318
-0.583659
-0.070171
0.166242
-0.983585
0.578765
---
0.955391
-0.097016
-0.006856
-0.278870
-0.001784
0.023349
0.011106
-1.003119
0.361474
-0.786608
-0.067213
0.181552
-0.981082
0.594880
---
0.952236
-0.107917
-0.006188
-0.285592
0.056458
0.015468
0.010673
-1.286823
-0.280960
-0.899662
-0.073425
0.201991
-0.976631
0.612002
---
0.947519
-0.121729
-0.008815
-0.295486
0.076395
-0.006950
0.038580
-1.233299
-0.676018
-1.194800
-0.088644
0.225472
-0.970209
0.629124
---
0.943908
-0.128745
-0.011723
-0.303850
0.064669
0.003502
0.042215
-0.429432
-0.081825
-1.072586
-0.100370
0.235923
-0.966574
0.646250
---
0.941369
-0.127952
-0.010988
-0.311980
-0.011660
-0.055018
0.187282
0.290860
0.425893
-1.121669
-0.100527
0.234044
-0.967015
0.663369
---
0.938021
-0.118776
-0.010001
-0.325438
-0.003297
-0.062977
0.351658
0.936523
0.531520
-1.484784
-0.096071
0.216320
-0.971584
0.680489
---
0.935268
-0.108887
-0.009431
-0.336642
0.001818
-0.081969
0.347133
1.214742
0.790778
-1.328594
-0.090955
0.197328
-0.976109
0.697613
---
0.932576
-0.097923
-0.007654
-0.347355
-0.075467
-0.044356
0.139412
1.101850
0.750634
-1.316996
-0.082303
0.177324
-0.980705
0.714734
---
0.930495
-0.086469
0.000173
-0.355952
-0.167529
-0.090854
-0.044617
0.657006
1.125196
-0.841023
-0.061084
0.161099
-0.985046
0.732497
---
0.928429
-0.079033
0.003064
-0.362993
-0.158121
-0.102971
-0.047059
1.008341
0.267554
-1.101433
-0.051676
0.148982
-0.987489
0.748610
---
0.925318
-0.070770
0.002316
-0.372522
-0.066016
-0.030391
-0.018293
0.933340
0.516303
-1.291318
-0.048438
0.132695
-0.989973
0.765733
---
0.921614
-0.061354
0.002329
-0.383221
-0.052501
-0.107783
0.153047
1.078252
0.622813
-1.575281
-0.042736
0.114873
-0.992460
0.782858
---
0.917451
-0.051595
0.003758
-0.394471
-0.093380
-0.139668
0.028790
1.019400
0.748687
-1.325403
-0.033810
0.097637
-0.994648
0.798973
---
0.913409
-0.042287
0.005231
-0.404807
-0.084252
-0.155819
0.027069
0.934957
0.654369
-1.353134
-0.024681
0.081485
-0.996369
0.816093
---
0.907691
-0.034164
0.010004
-0.418127
-0.062168
-0.114184
0.001558
0.454979
0.798748
-1.537187
-0.010410
0.070386
-0.997465
0.833215
---
0.902285
-0.029265
0.009707
-0.430035
0.140789
-0.022823
0.065378
0.721823
-0.114435
-1.886386
-0.007649
0.061161
-0.998099
0.850337
---
0.895332
-0.024849
0.004615
-0.444681
0.134598
-0.035386
0.064754
0.786287
-0.360647
-2.071216
-0.013840
0.048598
-0.998722
0.867458
---
0.885522
-0.023665
-0.009002
-0.463907
0.169132
-0.009407
-0.000671
0.660519
-1.152585
-2.237001
-0.037900
0.033562
-0.998718
0.884584
---
0.876768
-0.023145
-0.018144
-0.480013
0.126629
-0.051051
-0.037333
0.371090
-0.668082
-2.104536
-0.054035
0.023167
-0.998270
0.901703
---
0.869026
-0.022869
-0.022169
-0.493740
0.119549
-0.056363
-0.037034
0.136934
-0.352785
-2.071854
-0.061115
0.017856
-0.997971
0.918825
---
0.861596
-0.020052
-0.022002
-0.506720
0.099966
-0.024855
-0.211118
0.202198
0.230725
-2.168041
-0.058237
0.012254
-0.998228
0.934941
---
0.851367
-0.019815
-0.022523
-0.523712
0.165504
0.037493
-0.260895
-0.144259
-0.323717
-2.242217
-0.059105
0.010149
-0.998200
0.952062
---
0.839180
-0.023879
-0.026033
-0.542705
0.154997
0.039165
-0.260199
-0.180497
-0.468766
-2.236288
-0.069612
0.011822
-0.997504
0.969184
---
0.829983
-0.027042
-0.029258
-0.556364
0.102006
0.043582
-0.165771
-0.202145
-0.602265
-2.158477
-0.078658
0.012332
-0.996825
0.986856
---
0.820178
-0.029840
-0.032333
-0.570414
0.038897
-0.008446
-0.073277
-0.085415
-0.323369
-1.965484
-0.087079
0.012062
-0.996128
1.002971
---
0.810946
-0.030966
-0.033884
-0.583318
0.034894
-0.009814
-0.072934
-0.093056
-0.214191
-1.968226
-0.091082
0.010694
-0.995786
1.020094
---
0.799354
-0.033697
-0.036798
-0.598786
0.064878
-0.019494
-0.093654
-0.135703
-0.424681
-1.875842
-0.099184
0.009803
-0.995021
1.037217
---
0.790469
-0.036134
-0.039378
-0.610167
0.011814
-0.015342
-0.104639
-0.162387
-0.444991
-1.808288
-0.106350
0.009072
-0.994287
1.054950
---
0.781850
-0.037531
-0.040926
-0.620989
0.007556
-0.016556
-0.104185
-0.069351
-0.109379
-1.704963
-0.110608
0.007858
-0.993833
1.071063
---
0.775041
-0.035131
-0.040143
-0.629656
-0.089864
-0.089847
0.051590
0.129338
0.319027
-1.253813
-0.106465
0.003903
-0.994309
1.088183
---
0.769051
-0.031300
-0.034664
-0.637478
-0.141075
-0.121052
0.006316
-0.292352
0.924906
-0.877882
-0.093224
0.003948
-0.995637
1.105306
---
0.762153
-0.023556
-0.024272
-0.646513
-0.111402
-0.061883
-0.007478
0.052208
0.746988
-0.631325
-0.067457
0.004523
-0.997712
1.139550
---
0.757619
-0.020843
-0.022460
-0.651977
-0.044609
-0.066064
0.011643
0.076153
0.154578
-0.636880
-0.061210
0.002296
-0.998122
1.156676
---
0.754398
-0.020239
-0.022249
-0.655728
-0.043511
-0.067002
0.011575
-0.071789
-0.023460
-0.568855
-0.060112
0.001357
-0.998191
1.173796
---
0.751646
-0.020614
-0.021850
-0.658882
-0.043409
-0.066164
0.011570
-0.070337
0.046696
-0.491038
-0.060011
0.002196
-0.998195
1.189908
---
0.749906
-0.018429
-0.019855
-0.660990
-0.087343
-0.081615
0.038577
0.067578
0.476738
-0.314124
-0.054140
0.001393
-0.998532
1.207033
---
0.747422
-0.015874
-0.018934
-0.663890
-0.082585
-0.084419
0.038330
0.317930
-0.214899
-0.764878
-0.049382
-0.001412
-0.998779
1.224155
---
0.742089
-0.015472
-0.022673
-0.669739
0.033516
-0.027913
0.039593
0.209264
-0.279146
-0.843650
-0.054375
-0.007405
-0.998493
1.241278
---
0.739851
-0.013730
-0.024305
-0.672192
-0.048563
-0.070953
-0.055082
0.281856
0.012472
-0.313181
-0.054423
-0.012360
-0.998441
1.258401
---
0.738900
-0.010736
-0.023887
-0.673306
-0.143505
-0.109075
0.021879
-0.025326
0.869707
0.049561
-0.049755
-0.016301
-0.998628
1.275521
---
0.739926
-0.004725
-0.017386
-0.672447
-0.125833
-0.109163
0.021157
0.030757
0.845264
0.130260
-0.032083
-0.016390
-0.999351
1.292645
---
0.738633
-0.002794
-0.017594
-0.673872
-0.016093
-0.060592
-0.018897
0.167268
0.036982
-0.207706
-0.029764
-0.019576
-0.999365
1.309772
---
0.736969
-0.002376
-0.019193
-0.675649
0.026114
-0.058563
-0.133041
0.224874
-0.247398
-0.363919
-0.031504
-0.022430
-0.999252
1.325882
---
0.735188
-0.003234
-0.021134
-0.677526
0.022157
-0.060013
-0.132875
0.003829
-0.227214
-0.309255
-0.035460
-0.023881
-0.999086
1.343010
---
0.736262
-0.004959
-0.021228
-0.676345
-0.108281
-0.158131
-0.198268
-0.197543
-0.106822
0.226994
-0.037969
-0.021412
-0.999050
1.360128
---
0.737375
-0.006082
-0.020101
-0.675157
-0.107194
-0.135359
-0.102634
-0.079956
0.054956
0.126551
-0.037858
-0.018172
-0.999118
1.377247
---
0.738114
-0.005258
-0.020270
-0.674351
-0.106349
-0.136767
-0.102639
0.166851
0.077207
0.148677
-0.037013
-0.019579
-0.999123
1.394368
---
0.737072
-0.001961
-0.017672
-0.675581
-0.066792
-0.021958
0.011374
0.100112
0.461384
-0.239265
-0.028706
-0.020981
-0.999368
1.411490
---
0.734899
0.000173
-0.017251
-0.677957
-0.002649
-0.053933
-0.078506
0.110122
-0.032704
-0.352649
-0.025110
-0.023660
-0.999405
1.428614
---
0.733585
-0.000518
-0.018121
-0.679356
-0.004810
-0.054154
-0.078444
-0.047456
-0.273087
0.131375
-0.027271
-0.023880
-0.999343
1.445737
---
0.734565
-0.003105
-0.018889
-0.678268
-0.136456
-0.181218
-0.177001
-0.229600
-0.278240
0.204615
-0.031964
-0.021061
-0.999267
1.462861
---
0.736576
-0.005324
-0.018665
-0.676076
-0.241730
-0.129698
-0.131082
-0.184668
-0.054969
0.519195
-0.034698
-0.017393
-0.999247
1.478972
---
0.739309
-0.006748
-0.017814
-0.673097
-0.242455
-0.126308
-0.131110
-0.189403
-0.024797
0.523393
-0.035424
-0.014004
-0.999274
1.496095
---
0.741010
-0.003239
-0.010140
-0.671409
-0.204927
-0.040064
-0.057391
-0.259544
0.921156
0.238276
-0.019380
-0.008814
-0.999773
1.513217
---
0.740946
-0.004107
-0.005926
-0.671526
-0.037741
-0.108317
-0.037005
-0.443727
-0.109072
-0.218202
-0.014304
-0.001871
-0.999896
1.530339
---
0.739358
-0.006841
-0.003974
-0.673266
-0.038529
-0.101678
-0.036984
-0.504084
-0.004532
-0.271274
-0.015092
0.004767
-0.999875
1.547461
---
0.737781
-0.010524
-0.000992
-0.674958
-0.054749
-0.136214
-0.051534
-0.494889
-0.067806
-0.182164
-0.015687
0.014177
-0.999776
1.564582
---
0.740302
-0.011868
0.000299
-0.672170
-0.340682
-0.085519
-0.188195
-0.122361
0.062299
0.748762
-0.015487
0.017996
-0.999718
1.581704
---
0.744093
-0.012548
0.001855
-0.667955
-0.272787
-0.062825
-0.136397
-0.197660
0.125536
0.488022
-0.013997
0.021159
-0.999678
1.598827
---
0.746518
-0.013007
0.003841
-0.665227
-0.270360
-0.059453
-0.136351
-0.210445
0.136908
0.435177
-0.011571
0.024531
-0.999632
1.615008
---
0.752005
-0.013997
0.010061
-0.658932
-0.238666
-0.091666
-0.104874
-0.577640
1.409100
1.009029
-0.003315
0.034311
-0.999406
1.649246
---
0.757977
-0.009788
0.023123
-0.651798
-0.363448
-0.071230
-0.108114
-0.580501
1.231739
1.018576
0.022294
0.044981
-0.998739
1.666371
---
0.762898
-0.008847
0.032714
-0.645630
-0.347248
-0.060473
-0.107078
-0.733988
0.857491
1.002334
0.038494
0.055738
-0.997703
1.683492
---
0.767645
-0.008571
0.041842
-0.639451
-0.230903
-0.026103
-0.004164
-0.373076
0.539672
0.509999
0.053277
0.066671
-0.996352
1.700615
---
0.769392
-0.007295
0.046111
-0.637069
-0.222520
-0.022796
-0.003454
-0.127057
0.438385
0.367744
0.061660
0.069977
-0.995641
1.717736
---
0.767728
-0.006062
0.045246
-0.639148
-0.116991
0.042736
0.017840
0.245273
0.013827
-0.475426
0.061719
0.067150
-0.995832
1.734861
---
0.763289
-0.007758
0.042208
-0.644630
0.099355
0.107274
-0.101785
-0.038004
-0.702593
-1.131784
0.054433
0.066258
-0.996317
1.750975
---
0.756573
-0.012205
0.039716
-0.652588
0.089089
0.111322
-0.102016
-0.297762
-0.505832
-1.437095
0.044167
0.070306
-0.996547
1.768096
---
0.751555
-0.018227
0.041041
-0.658140
-0.060937
0.013060
-0.190303
-0.681959
-0.212801
-0.462745
0.037696
0.081420
-0.995967
1.785218
---
0.758097
-0.029339
0.039247
-0.650298
-0.384902
-0.027519
-0.190510
-1.178968
-2.056969
2.763105
0.021348
0.095528
-0.995198
1.802341
---
0.776686
-0.055617
0.026432
-0.626870
-0.434920
-0.003515
-0.187729
-1.019580
-2.395354
3.354706
-0.028670
0.119532
-0.992416
1.819462
---
0.792625
-0.074038
0.015656
-0.604995
-0.375314
0.099202
0.071024
-0.903835
-3.023668
3.105785
-0.064768
0.136312
-0.988547
1.836584
---
0.807045
-0.086676
0.006687
-0.584055
-0.369751
0.052988
0.143045
-0.334538
-1.708665
2.998617
-0.090454
0.147715
-0.984885
1.853709
---
0.820724
-0.096742
-0.001190
-0.563074
-0.390216
0.062718
0.146651
-0.282173
-1.695629
2.979368
-0.110919
0.157444
-0.981279
1.870830
---
0.832993
-0.107991
-0.010186
-0.542546
-0.500360
0.055579
0.153415
-0.270773
-1.726889
2.793792
-0.134149
0.168860
-0.976468
1.886944
---
0.844595
-0.116742
-0.017850
-0.522218
-0.518294
0.065275
0.157778
-0.179871
-1.579065
2.801432
-0.152083
0.178557
-0.972105
1.904067
---
0.858619
-0.126723
-0.027318
-0.495953
-0.500735
0.134853
0.159587
-0.134672
-1.695697
2.946201
-0.172609
0.190517
-0.966390
1.921188
---
0.868575
-0.130977
-0.032601
-0.476822
-0.509663
0.140772
0.162412
0.131785
-1.144677
2.759713
-0.181538
0.196436
-0.963565
1.938311
---
0.878827
-0.134037
-0.037802
-0.456364
-0.464173
0.154213
0.193087
0.275461
-1.021613
2.728750
-0.188782
0.201088
-0.961210
1.955432
---
0.889686
-0.128593
-0.042413
-0.436031
-0.463001
0.144953
0.190967
1.146299
0.337010
0.850806
-0.187610
0.191828
-0.963330
1.973317
---
0.893278
-0.120761
-0.044192
-0.430719
-0.243526
0.129826
0.572135
0.908447
0.139042
0.566346
-0.182979
0.177678
-0.966928
1.990226
---
0.895570
-0.110444
-0.042846
-0.428860
-0.192959
0.175719
0.024161
1.235886
0.911783
0.199146
-0.171474
0.161070
-0.971933
2.006283
---
0.898291
-0.097318
-0.039315
-0.426681
-0.227899
0.159844
0.051330
1.187168
1.059482
0.518902
-0.153680
0.141290
-0.977967
2.023434
---
0.901048
-0.085281
-0.035649
-0.423756
-0.210738
0.142026
0.046384
0.983262
0.821652
0.361928
-0.136519
0.123471
-0.982913
2.040554
---
0.901363
-0.078195
-0.035054
-0.424501
-0.092470
0.111203
-0.006798
0.700277
0.443513
-0.122938
-0.129579
0.111203
-0.985314
2.058441
---
0.901910
-0.071971
-0.033022
-0.424604
-0.190997
0.092016
0.005705
0.680894
0.998017
0.449951
-0.120684
0.101781
-0.987459
2.075348
---
0.905355
-0.061569
-0.025222
-0.419412
-0.167628
0.080562
0.002018
0.643995
1.143349
0.698097
-0.097315
0.090327
-0.991146
2.092351
---
0.908076
-0.053713
-0.019499
-0.414889
-0.147365
0.080394
0.000671
0.556820
0.734360
0.705810
-0.079982
0.081371
-0.993469
2.108466
---
0.909317
-0.050375
-0.020843
-0.412518
0.016236
0.052933
0.045983
0.332452
-0.467610
-0.024289
-0.079468
0.074418
-0.994056
2.125919
---
0.909684
-0.049731
-0.025134
-0.411546
0.009042
0.048306
0.046249
0.240451
-0.203001
0.094843
-0.086661
0.069790
-0.993790
2.142036
---
0.911072
-0.048860
-0.024854
-0.408587
-0.051036
0.009148
-0.022310
0.145556
0.049014
0.492369
-0.085215
0.068718
-0.993990
2.159341
---
0.912395
-0.047641
-0.026528
-0.405662
0.038916
0.031233
-0.011631
0.203873
-0.299717
0.091419
-0.087060
0.065412
-0.994053
2.176739
---
0.913404
-0.046771
-0.029353
-0.403291
0.034630
0.027588
-0.011480
0.242702
-0.173969
0.277748
-0.091347
0.061768
-0.993902
2.193857
---
0.914835
-0.043299
-0.029181
-0.400437
-0.041193
0.049992
0.006429
0.399376
0.341812
0.453539
-0.088068
0.055852
-0.994547
2.209976
---
0.918717
-0.039068
-0.025998
-0.392119
-0.171181
0.021124
-0.014150
0.373748
0.689215
1.785617
-0.078407
0.051397
-0.995596
2.227096
---
0.924711
-0.034076
-0.020829
-0.378568
-0.157095
0.016976
-0.015365
0.409837
0.877581
1.834814
-0.064321
0.047250
-0.996810
2.244220
---
0.928751
-0.023934
-0.011033
-0.369766
-0.033312
0.035321
-0.021072
0.673438
1.830859
1.073053
-0.038195
0.036298
-0.998611
2.261341
---
0.932417
-0.012201
0.001132
-0.361177
-0.041861
0.010873
0.021785
0.987769
1.914124
1.325220
-0.006705
0.023568
-0.999700
2.278462
---
0.937023
0.001998
0.010825
-0.349094
-0.013477
-0.008878
0.021727
1.273873
1.664779
1.602588
0.021679
0.003818
-0.999758
2.295585
---
0.942986
0.013951
0.017616
-0.332074
-0.007314
-0.013635
0.320346
0.544420
0.769529
1.985888
0.042491
-0.014612
-0.998990
2.313318
---
0.946849
0.015757
0.018103
-0.320782
0.049276
-0.022130
-0.129707
-0.032661
-0.184035
1.588824
0.044393
-0.018224
-0.998848
2.329432
---
0.952245
0.016136
0.014444
-0.304565
0.042221
-0.025839
-0.129921
0.118508
-0.299462
2.196649
0.037338
-0.021933
-0.999062
2.346555
---
0.957593
0.016321
0.012918
-0.287372
-0.023496
0.014253
-0.044055
0.007250
-0.092159
2.291685
0.034121
-0.023833
-0.999134
2.363677
---
0.964382
0.015993
0.012965
-0.263709
-0.109137
0.058999
-0.046027
-0.101847
0.081746
2.645190
0.033441
-0.024008
-0.999152
2.381317
---
0.969624
0.015680
0.013752
-0.243709
-0.108267
0.059305
-0.046005
-0.015680
0.091491
2.502553
0.034311
-0.023703
-0.999130
2.397431
---
0.974211
0.015840
0.014327
-0.224625
-0.017703
0.078113
-0.016666
-0.050020
0.096030
2.448661
0.035031
-0.024426
-0.999088
2.415320
---
0.979115
0.015694
0.014920
-0.202153
-0.037680
0.016314
-0.037148
-0.060884
0.072876
2.215195
0.035562
-0.024702
-0.999062
2.431430
---
0.982301
0.015550
0.014630
-0.186091
0.024763
0.004192
-0.044010
-0.032403
-0.078186
1.948777
0.034529
-0.025104
-0.999088
2.449319
---
0.984416
0.015467
0.013594
-0.174645
0.022402
0.003592
-0.044074
-0.002837
-0.168441
1.912143
0.032168
-0.025705
-0.999152
2.465432
---
0.987466
0.015461
0.011282
-0.156669
-0.012915
0.014018
0.003662
0.020523
-0.184731
1.769244
0.027124
-0.026998
-0.999267
2.482465
---
0.989964
0.015961
0.009826
-0.140072
-0.002438
0.039510
0.004609
0.126289
-0.100373
1.893465
0.023930
-0.028849
-0.999297
2.499618
---
0.992156
0.016709
0.008988
-0.123556
-0.004403
0.037425
0.004626
0.067756
-0.045105
1.848007
0.021964
-0.030934
-0.999280
2.517348
---
0.993795
0.017677
0.008098
-0.109510
0.001413
0.040856
-0.035377
0.114861
-0.074946
1.708296
0.019968
-0.033363
-0.999244
2.533462
---
0.995120
0.018558
0.007193
-0.096642
0.010087
0.042580
-0.027528
0.124875
-0.082222
1.613663
0.017900
-0.035545
-0.999208
2.550526
---
0.996399
0.019590
0.006192
-0.082267
0.007749
0.040106
-0.027476
0.091816
-0.076005
1.550878
0.015562
-0.038019
-0.999156
2.567678
---
0.997440
0.019007
0.005966
-0.068678
-0.060679
0.035170
-0.035339
-0.088358
-0.057043
1.455884
0.014516
-0.037096
-0.999206
2.585318
---
0.998134
0.019652
0.004915
-0.057599
0.006219
0.081452
-0.021640
0.251487
-0.086182
1.374457
0.012078
-0.038665
-0.999179
2.601432
---
0.998631
0.021753
0.005032
-0.047303
0.006251
0.077146
-0.021464
0.231769
0.047947
1.241015
0.012111
-0.042971
-0.999003
2.618467
---
0.998920
0.021392
0.004225
-0.041022
0.041447
-0.019928
-0.013698
-0.029176
-0.089188
0.638162
0.010197
-0.042389
-0.999049
2.635617
---
0.999191
0.021593
0.003758
-0.033726
-0.004705
0.015697
-0.013688
0.044018
-0.001000
0.938555
0.008967
-0.042897
-0.999039
2.653349
---
0.999353
0.021922
0.003619
-0.028291
-0.005193
0.014982
-0.013661
0.057136
0.013622
0.919575
0.008479
-0.043612
-0.999013
2.669464
---
0.999573
0.021846
0.004049
-0.018954
-0.030138
-0.005435
-0.005849
-0.037763
0.040182
0.867649
0.008924
-0.043521
-0.999013
2.686497
---
0.999682
0.021933
0.004193
-0.011693
-0.022352
0.027536
-0.012675
0.059170
0.069519
0.920246
0.008898
-0.043753
-0.999003
2.703647
---
0.999730
0.022371
0.005202
-0.003638
-0.020688
0.026597
-0.012617
-0.027074
0.188307
0.826928
0.010562
-0.044692
-0.998945
2.721350
---
0.999728
0.022184
0.006787
0.002339
-0.047077
0.000534
-0.005760
-0.021271
0.201418
0.652025
0.013470
-0.044387
-0.998924
2.737465
---
0.999691
0.022392
0.008011
0.007256
-0.022391
0.026404
-0.010588
0.038036
0.161910
0.639394
0.015695
-0.044885
-0.998869
2.754587
---
0.999649
0.022869
0.008849
0.009981
-0.020847
0.025391
-0.010516
0.018919
0.102927
0.338455
0.017239
-0.045898
-0.998797
2.771711
---
0.999605
0.023220
0.009528
0.012658
-0.024506
0.012906
-0.023154
0.041468
0.045582
0.229784
0.018462
-0.046664
-0.998740
2.789318
---
0.999577
0.023540
0.009664
0.014082
-0.028217
0.009308
-0.023119
0.034342
0.012394
0.055728
0.018658
-0.047333
-0.998705
2.805434
---
0.999578
0.023832
0.009877
0.013376
-0.027766
0.008733
-0.023083
0.088379
-0.024516
-0.369914
0.019109
-0.047908
-0.998669
2.822466
---
0.999603
0.024480
0.010343
0.009317
0.024129
0.032898
-0.001517
0.094632
0.011540
-0.536870
0.020223
-0.049133
-0.998588
2.839714
---
0.999626
0.025385
0.009727
0.003134
0.031982
0.020479
-0.023913
0.071693
-0.115103
-0.793556
0.019287
-0.050810
-0.998522
2.857328
---
0.999620
0.025726
0.009459
-0.002842
0.031752
0.019910
-0.023888
0.011516
0.038753
-0.593637
0.019057
-0.051379
-0.998497
2.873437
---
0.999586
0.025829
0.009893
-0.007977
0.005541
0.008091
-0.004329
0.024588
0.027874
-0.679075
0.020189
-0.051480
-0.998470
2.891351
---
0.999512
0.026023
0.010388
-0.013789
0.000975
0.006860
-0.008195
0.025227
0.043821
-0.766161
0.021483
-0.051734
-0.998430
2.907469
---
0.999394
0.026114
0.011489
-0.019937
-0.022870
0.003924
-0.009114
0.012453
0.161213
-0.549114
0.024005
-0.051740
-0.998372
2.925320
---
0.999254
0.026219
0.013027
-0.025185
-0.019519
0.003921
-0.009028
0.014894
0.170212
-0.686590
0.027356
-0.051743
-0.998286
2.941436
---
0.999108
0.026247
0.014312
-0.029813
-0.032337
0.000165
-0.029463
0.015478
0.076133
-0.669762
0.030163
-0.051593
-0.998213
2.958467
---
0.998912
0.026302
0.014808
-0.035547
-0.031048
0.000263
-0.029428
0.013436
0.025764
-0.668146
0.031452
-0.051495
-0.998178
2.975617
---
0.998643
0.026300
0.015384
-0.042237
-0.020763
-0.003379
-0.027440
0.006931
0.062593
-0.722578
0.032948
-0.051230
-0.998143
2.993352
---
0.998368
0.026386
0.016227
-0.047985
-0.020730
0.000628
-0.013706
0.020511
0.087977
-0.701651
0.034934
-0.051130
-0.998081
3.009466
---
0.998110
0.026433
0.017249
-0.052723
-0.037976
-0.006025
-0.016562
0.002663
0.125113
-0.527660
0.037219
-0.050947
-0.998008
3.026985
---
0.997848
0.026515
0.018331
-0.057092
-0.035584
-0.005900
-0.016477
0.006271
0.087088
-0.457340
0.039611
-0.050822
-0.997922
3.043344
---
0.997593
0.026678
0.019156
-0.061077
-0.030786
-0.002061
-0.016397
0.022338
0.069256
-0.414066
0.041480
-0.050889
-0.997843
3.060525
---
0.997391
0.026836
0.019661
-0.064073
-0.028632
-0.000232
-0.023177
0.029591
0.048554
-0.362913
0.042657
-0.051013
-0.997787
3.077650
---
0.997176
0.027105
0.019934
-0.067144
-0.027893
-0.000598
-0.023127
0.045237
-0.017840
-0.434492
0.043396
-0.051379
-0.997736
3.094772
---
0.996938
0.027286
0.019961
-0.070514
0.002633
0.004073
-0.017245
0.031072
0.002566
-0.445657
0.043648
-0.051591
-0.997714
3.110797
---
0.996595
0.027555
0.020172
-0.075053
0.002351
0.008652
-0.010363
0.035090
0.001976
-0.466961
0.044343
-0.051895
-0.997668
3.128346
---
0.996287
0.027786
0.020308
-0.078911
0.002859
0.008385
-0.010326
0.040547
-0.003360
-0.484394
0.044851
-0.052162
-0.997631
3.145376
---
0.995967
0.028065
0.020252
-0.082779
-0.000912
0.007995
-0.019089
0.048389
-0.025250
-0.493754
0.044987
-0.052552
-0.997604
3.163353
---
0.995550
0.028350
0.020052
-0.087605
0.000948
0.002729
-0.014190
0.037344
-0.019771
-0.490510
0.044894
-0.052935
-0.997588
3.180330
---
0.995283
0.028496
0.019951
-0.090561
0.000931
0.002555
-0.014181
0.038912
-0.025552
-0.490085
0.044877
-0.053109
-0.997580
3.196435
---
0.994844
0.028836
0.019973
-0.095156
-0.006531
0.009904
-0.013164
0.041404
-0.010622
-0.455642
0.045227
-0.053573
-0.997539
3.214319
---
0.994490
0.029075
0.019919
-0.098730
-0.000537
0.003722
-0.018024
0.041563
-0.016346
-0.440632
0.045361
-0.053895
-0.997516
3.230437
---
0.994040
0.029353
0.019848
-0.103100
-0.000385
0.003353
-0.017997
0.032929
-0.020442
-0.427470
0.045513
-0.054264
-0.997489
3.248299
---
0.993676
0.029493
0.019733
-0.106535
0.002532
-0.000697
-0.016036
0.028220
-0.012591
-0.423206
0.045501
-0.054408
-0.997482
3.264419
---
0.993300
0.029670
0.019612
-0.109953
0.006424
0.006894
-0.012119
0.031998
-0.026732
-0.429601
0.045487
-0.054629
-0.997470
3.281438
---
0.992932
0.029843
0.019461
-0.113211
-0.001471
-0.002123
-0.017969
0.019764
-0.017256
-0.388597
0.045404
-0.054857
-0.997461
3.298591
---
0.992495
0.029958
0.019317
-0.116977
-0.001522
-0.002211
-0.017967
0.012777
-0.022732
-0.374654
0.045353
-0.054945
-0.997459
3.316355
---
0.992137
0.030053
0.019222
-0.119963
-0.002500
0.000641
-0.015033
0.025129
-0.019926
-0.373875
0.045352
-0.055023
-0.997455
3.332469
---
0.991756
0.030137
0.019165
-0.123063
0.000510
-0.001349
-0.013074
0.021120
-0.021473
-0.360911
0.045432
-0.055060
-0.997449
3.349529
---
0.991417
0.030190
0.019125
-0.125759
0.000593
-0.001340
-0.013071
0.013499
-0.006634
-0.355299
0.045515
-0.055051
-0.997446
3.366681
---
0.990953
0.030247
0.018963
-0.129375
0.007325
-0.000352
-0.012100
0.011483
-0.031268
-0.373501
0.045411
-0.055040
-0.997451
3.384292
---
0.990569
0.030291
0.018829
-0.132289
-0.003510
-0.002295
-0.016987
0.021417
-0.019915
-0.351991
0.045318
-0.055029
-0.997456
3.400409
---
0.990193
0.030326
0.018758
-0.135078
-0.003486
-0.002255
-0.016988
0.017451
-0.014562
-0.339967
0.045342
-0.054989
-0.997457
3.417711
---
0.989863
0.030368
0.018698
-0.137478
0.001422
-0.000293
-0.012105
0.015527
-0.015925
-0.345794
0.045367
-0.054980
-0.997456
3.434834
---
0.989454
0.030417
0.018610
-0.140387
0.002400
0.006556
-0.013082
0.020515
-0.020541
-0.340796
0.045368
-0.054967
-0.997457
3.450890
---
0.989025
0.030557
0.018498
-0.143367
0.002384
0.006384
-0.013073
0.029678
-0.019035
-0.334194
0.045353
-0.055139
-0.997448
3.468041
---
0.988591
0.030692
0.018423
-0.146309
0.000486
0.000373
-0.012086
0.024424
-0.015185
-0.323399
0.045408
-0.055291
-0.997437
3.485346
---
0.988203
0.030865
0.018266
-0.148893
-0.000604
0.006938
-0.021841
0.055129
-0.030400
-0.328254
0.045295
-0.055562
-0.997427
3.502471
---
0.987560
0.031385
0.017339
-0.153100
-0.002041
0.005821
-0.021843
0.088103
-0.187611
-0.570071
0.043858
-0.056679
-0.997429
3.520293
---
0.986656
0.031452
0.015634
-0.158986
0.043781
0.024938
-0.029759
0.040001
-0.212826
-0.805171
0.040852
-0.057093
-0.997533
3.536406
---
0.985271
0.031273
0.014165
-0.167519
0.096986
0.034918
0.012123
0.031775
-0.178585
-1.208877
0.038392
-0.056879
-0.997643
3.553440
---
0.983459
0.031201
0.013330
-0.177923
0.095916
0.035170
0.012068
0.028776
-0.161160
-1.359208
0.037322
-0.056627
-0.997698
3.570590
---
0.980810
0.030913
0.011543
-0.192152
0.085304
0.034616
-0.031025
0.039346
-0.240019
-1.537097
0.034523
-0.056205
-0.997822
3.588323
---
0.978951
0.030746
0.010792
-0.201477
0.072584
0.029111
0.007983
0.009073
-0.124324
-1.572602
0.033522
-0.055850
-0.997876
3.604437
---
0.975593
0.030288
0.010723
-0.217225
0.073144
0.030522
0.007924
-0.049436
0.016447
-1.571163
0.034081
-0.054439
-0.997935
3.621501
---
0.972688
0.029872
0.010383
-0.229951
0.025150
0.013069
-0.062453
0.017927
-0.102080
-1.598129
0.033939
-0.053337
-0.998000
3.638650
---
0.969266
0.029162
0.010103
-0.244072
-0.013053
-0.023278
0.026319
-0.067601
-0.106965
-1.456191
0.033822
-0.051598
-0.998095
3.656324
---
0.966461
0.028370
0.010321
-0.255034
-0.012457
-0.021252
0.026237
-0.080792
0.024096
-1.367861
0.034418
-0.049572
-0.998177
3.672439
---
0.963700
0.027665
0.010827
-0.265330
-0.017182
-0.022184
0.004695
-0.076101
-0.019281
-1.303480
0.035553
-0.047574
-0.998235
3.690324
---
0.961097
0.027226
0.011539
-0.274622
-0.038059
-0.021579
-0.016806
-0.037153
0.071400
-1.131904
0.037137
-0.045993
-0.998251
3.706439
---
0.958338
0.027065
0.013181
-0.284045
-0.058970
-0.026810
-0.025531
-0.055494
0.170542
-0.868060
0.040639
-0.044388
-0.998187
3.724321
---
0.956523
0.026874
0.014620
-0.290049
-0.056050
-0.025352
-0.025472
-0.054969
0.140372
-0.690424
0.043560
-0.042930
-0.998128
3.740438
---
0.955281
0.026798
0.016193
-0.294037
-0.075373
-0.034840
-0.014641
-0.057755
0.188026
-0.432986
0.046698
-0.041676
-0.998039
3.757500
---
0.954530
0.026800
0.017924
-0.296365
-0.093451
-0.039563
-0.004757
-0.061807
0.214214
-0.191041
0.050103
-0.040539
-0.997921
3.774653
---
0.954286
0.026786
0.019878
-0.297029
-0.089702
-0.038338
-0.004611
-0.057431
0.164867
-0.021652
0.053853
-0.039314
-0.997775
3.792296
---
0.954200
0.026780
0.020864
-0.297238
-0.067309
-0.029914
-0.029922
-0.021004
0.102922
-0.034702
0.055738
-0.038703
-0.997695
3.808407
---
0.953999
0.026831
0.021614
-0.297825
0.012301
0.007580
-0.007392
-0.011851
0.062066
-0.121666
0.057223
-0.038318
-0.997626
3.825622
---
0.953686
0.026890
0.022380
-0.298762
0.013832
0.007981
-0.007318
-0.018352
0.099306
-0.123971
0.058754
-0.037917
-0.997552
3.842687
---
0.953207
0.027054
0.022827
-0.300239
0.007030
0.010958
-0.018978
0.015643
0.038015
-0.165016
0.059764
-0.037870
-0.997494
3.860447
---
0.952892
0.027151
0.022910
-0.301222
0.010214
0.008932
-0.016031
0.018261
-0.001864
-0.186767
0.060018
-0.037943
-0.997476
3.877567
---
0.952289
0.027259
0.022891
-0.303116
0.010317
0.008835
-0.016021
0.009157
0.000399
-0.189156
0.060122
-0.038040
-0.997466
3.893686
---
0.951844
0.027388
0.022950
-0.304495
0.015446
0.012620
-0.013071
0.017349
0.012233
-0.191515
0.060368
-0.038161
-0.997446
3.910746
---
0.951272
0.027539
0.023139
-0.306247
0.014016
0.007677
-0.016944
0.019747
0.018414
-0.202632
0.060891
-0.038222
-0.997412
3.928356
---
0.950825
0.027667
0.023231
-0.307613
0.014323
0.007576
-0.016921
0.016854
0.011894
-0.187143
0.061198
-0.038322
-0.997390
3.945323
---
0.950499
0.027710
0.023152
-0.308621
0.013265
0.011418
-0.019853
0.015960
-0.025489
-0.168671
0.061117
-0.038386
-0.997392
3.961436
---
0.949997
0.027756
0.022987
-0.310172
0.006205
0.006446
-0.020840
0.012398
-0.004990
-0.159427
0.060892
-0.038475
-0.997402
3.978470
---
0.949545
0.027888
0.022966
-0.311542
0.006303
0.006269
-0.020827
0.017559
-0.003547
-0.159064
0.060991
-0.038653
-0.997390
3.995623
---
0.949135
0.027948
0.022788
-0.312797
0.012890
0.003195
-0.011071
0.022250
-0.034080
-0.148046
0.060741
-0.038797
-0.997399
4.013323
---
0.948757
0.028011
0.022533
-0.313956
0.009565
0.003967
-0.015970
0.023043
-0.034752
-0.151417
0.060346
-0.039002
-0.997415
4.029439
---
0.948406
0.028104
0.022180
-0.315032
0.008997
0.003637
-0.015991
0.025853
-0.049971
-0.137346
0.059778
-0.039332
-0.997437
4.046472
---
0.947980
0.028047
0.021866
-0.316336
0.014280
0.008510
-0.013095
0.003695
-0.020172
-0.135979
0.059202
-0.039341
-0.997470
4.064446
---
0.947646
0.028044
0.021906
-0.317334
0.015372
0.005672
-0.013092
0.003116
0.022320
-0.123276
0.059318
-0.039250
-0.997467
4.080683
---
0.947295
0.028184
0.021908
-0.318369
0.015508
0.005475
-0.013076
0.026699
-0.025743
-0.125947
0.059454
-0.039447
-0.997451
4.097805
---
0.946965
0.028171
0.021593
-0.319371
0.001272
-0.003429
-0.014082
0.008726
-0.052137
-0.137344
0.058889
-0.039561
-0.997480
4.114315
---
0.946539
0.028086
0.021293
-0.320659
0.009494
0.007361
-0.026812
0.004011
-0.009151
-0.141334
0.058323
-0.039514
-0.997516
4.131439
---
0.946165
0.028197
0.021375
-0.321744
0.008789
0.003364
-0.009215
0.015395
0.027206
-0.148715
0.058594
-0.039605
-0.997496
4.149325
---
0.945770
0.028326
0.021393
-0.322892
0.008953
0.003204
-0.009199
0.009960
-0.017584
-0.141417
0.058758
-0.039764
-0.997480
4.165441
---
0.945446
0.028315
0.021085
-0.323859
0.010358
0.008945
-0.026804
0.014691
-0.042729
-0.133418
0.058210
-0.039883
-0.997507
4.182470
---
0.945103
0.028293
0.020803
-0.324881
0.012782
0.008865
-0.012182
0.012420
-0.027537
-0.134764
0.057704
-0.039963
-0.997534
4.199623
---
0.944680
0.028446
0.020689
-0.326103
0.012721
0.008577
-0.012174
0.022325
-0.005992
-0.115657
0.057643
-0.040251
-0.997526
4.216653
---
0.944326
0.028527
0.020556
-0.327126
0.008658
0.005469
-0.012176
0.016556
-0.022661
-0.128124
0.057486
-0.040430
-0.997527
4.233803
---
0.944008
0.028527
0.020297
-0.328061
0.012117
0.011216
-0.015127
0.027404
-0.042311
-0.143627
0.057039
-0.040542
-0.997548
4.250439
---
0.943580
0.028799
0.019694
-0.329302
0.011210
0.010380
-0.015144
0.084974
-0.080160
-0.188916
0.056132
-0.041378
-0.997566
4.267561
---
0.942769
0.028978
0.018455
-0.331671
0.008122
0.014245
-0.008382
0.024394
-0.133996
-0.279889
0.054020
-0.042396
-0.997639
4.285323
---
0.942113
0.028663
0.017714
-0.333598
0.041761
0.007616
-0.006518
-0.010275
-0.167689
-0.368198
0.052503
-0.042189
-0.997729
4.301438
---
0.940734
0.028493
0.017269
-0.337505
0.040982
0.007852
-0.006569
0.014909
-0.024570
-0.417603
0.051724
-0.041953
-0.997780
4.318471
---
0.939649
0.028156
0.016747
-0.340568
0.031119
0.000485
-0.008596
-0.013978
-0.107217
-0.363811
0.050650
-0.041507
-0.997854
4.335621
---
0.938714
0.027854
0.016386
-0.343178
-0.008713
0.002897
-0.008654
0.002192
0.031339
-0.224816
0.049881
-0.041048
-0.997911
4.352805
---
0.938267
0.028046
0.016973
-0.344356
-0.007426
0.003006
-0.008593
0.000103
0.087736
-0.119213
0.051168
-0.040940
-0.997851
4.368919
---
0.938028
0.028293
0.017516
-0.344959
-0.020861
-0.001933
-0.018293
0.020285
0.047193
-0.069140
0.052382
-0.040995
-0.997785
4.385953
---
0.937860
0.028448
0.017388
-0.345408
-0.000467
-0.001310
-0.023167
0.025697
-0.043352
-0.062630
0.052267
-0.041349
-0.997777
4.403102
---
0.937641
0.028415
0.017024
-0.346024
-0.001143
-0.001464
-0.023196
0.021116
-0.015817
-0.083550
0.051591
-0.041503
-0.997806
4.420287
---
0.937311
0.028617
0.017241
-0.346890
0.007252
0.012027
-0.017299
0.016156
0.049107
-0.115804
0.052174
-0.041684
-0.997768
4.437409
---
0.937002
0.028807
0.017368
-0.347700
0.005705
0.007899
-0.019221
0.029338
0.006308
-0.123100
0.052580
-0.041906
-0.997737
4.454805
---
0.936629
0.028919
0.017087
-0.348710
0.005302
0.007548
-0.019228
0.023919
-0.047483
-0.127945
0.052177
-0.042256
-0.997743
4.470921
---
0.936119
0.028904
0.016654
-0.350098
0.007473
0.000514
-0.021212
0.017270
-0.029475
-0.176653
0.051418
-0.042455
-0.997774
4.488319
---
0.935544
0.028916
0.016543
-0.351636
0.023946
0.005379
-0.011452
0.002196
-0.010941
-0.209992
0.051290
-0.042473
-0.997780
4.505440
---
0.934900
0.028864
0.016365
-0.353357
0.023655
0.005447
-0.011470
0.014304
-0.042777
-0.252553
0.050998
-0.042405
-0.997798
4.522473
---
0.934120
0.028831
0.016016
-0.355433
0.021123
0.010258
-0.021262
0.015319
-0.047491
-0.272584
0.050419
-0.042476
-0.997825
4.539623
---
0.932993
0.028831
0.015600
-0.358398
0.018528
0.004259
-0.010546
0.008074
-0.048220
-0.312561
0.049778
-0.042616
-0.997851
4.556775
---
0.932273
0.028765
0.015388
-0.360282
0.018170
0.004331
-0.010567
0.010652
-0.047263
-0.342019
0.049420
-0.042544
-0.997872
4.572890
---
0.931109
0.028714
0.015161
-0.363292
0.015893
0.009301
-0.019376
0.011137
-0.018751
-0.320528
0.049096
-0.042456
-0.997891
4.590351
---
0.930174
0.028691
0.015169
-0.365682
0.009166
0.006548
-0.011565
0.004890
-0.001674
-0.264710
0.049205
-0.042280
-0.997894
4.607471
---
0.929373
0.028769
0.015255
-0.367704
-0.000292
-0.000263
-0.019364
0.004172
0.014939
-0.233176
0.049513
-0.042255
-0.997879
4.624503
---
0.928758
0.028816
0.015275
-0.369250
-0.000148
-0.000255
-0.019357
0.012275
-0.015740
-0.199007
0.049657
-0.042247
-0.997873
4.641624
---
0.928178
0.028832
0.015093
-0.370710
0.003499
0.000636
-0.017413
0.018699
-0.021788
-0.201993
0.049398
-0.042333
-0.997882
4.659357
---
0.927585
0.028814
0.015151
-0.372192
0.003661
0.000791
-0.017412
-0.009926
0.007474
-0.186375
0.049559
-0.042177
-0.997880
4.675471
---
0.926963
0.028777
0.015200
-0.373740
0.000862
-0.004879
-0.015460
-0.002162
-0.006279
-0.179675
0.049691
-0.041988
-0.997882
4.693356
---
0.926404
0.028802
0.015127
-0.375124
0.007645
0.005836
-0.019368
0.008658
-0.012451
-0.178098
0.049637
-0.042015
-0.997883
4.709838
---
0.925884
0.028830
0.015038
-0.376406
0.006582
0.008714
-0.014487
0.013463
-0.008494
-0.174061
0.049551
-0.042067
-0.997885
4.726350
---
0.925235
0.028879
0.015026
-0.377994
0.006670
0.008701
-0.014482
0.001079
0.000305
-0.167169
0.049638
-0.042080
-0.997880
4.744296
---
0.924851
0.028931
0.015071
-0.378929
0.000975
0.002827
-0.015450
0.013303
0.003671
-0.152973
0.049803
-0.042095
-0.997872
4.760409
---
0.924342
0.029002
0.014986
-0.380165
0.002880
0.004652
-0.019353
0.017632
-0.008980
-0.134917
0.049755
-0.042223
-0.997869
4.777533
---
0.923893
0.029072
0.014904
-0.381254
0.002831
0.004520
-0.019350
0.011333
-0.004152
-0.159652
0.049706
-0.042355
-0.997865
4.794652
---
0.923280
0.029175
0.014807
-0.382732
0.006707
0.005311
-0.013484
0.014997
-0.009014
-0.171108
0.049676
-0.042540
-0.997859
4.812296
---
0.922725
0.029185
0.014716
-0.384070
0.009537
0.001389
-0.019348
-0.000025
-0.014992
-0.180135
0.049576
-0.042556
-0.997863
4.828409
---
0.922196
0.029175
0.014659
-0.385342
0.009481
0.001432
-0.019352
0.013614
-0.005252
-0.170673
0.049520
-0.042514
-0.997868
4.845442
---
0.921643
0.029206
0.014567
-0.386664
0.006468
0.004305
-0.018377
0.014451
-0.018338
-0.175278
0.049437
-0.042570
-0.997870
4.862500
---
0.920956
0.029183
0.014394
-0.388306
0.011092
0.001372
-0.013507
0.002504
-0.025261
-0.178009
0.049178
-0.042573
-0.997882
4.880357
---
0.920367
0.029153
0.014242
-0.389707
0.010851
0.001384
-0.013520
0.011140
-0.020611
-0.188256
0.048937
-0.042562
-0.997895
4.896471
---
0.919814
0.029070
0.014127
-0.391021
0.013567
0.006399
-0.014512
0.000211
-0.023662
-0.165000
0.048724
-0.042429
-0.997911
4.915334
---
0.919276
0.029109
0.014019
-0.392285
0.004668
0.003379
-0.014514
0.012437
-0.011406
-0.172424
0.048614
-0.042519
-0.997912
4.930441
---
0.918665
0.029086
0.013878
-0.393721
0.003480
-0.001496
-0.014524
0.010536
-0.005358
-0.153214
0.048402
-0.042511
-0.997923
4.948332
---
0.918212
0.029078
0.013792
-0.394779
0.003364
-0.001495
-0.014530
0.003199
-0.007611
-0.135002
0.048286
-0.042510
-0.997929
4.964442
---
0.917843
0.029120
0.013790
-0.395633
-0.002425
0.005306
-0.014525
0.011876
0.001895
-0.110456
0.048357
-0.042545
-0.997924
4.981473
---
0.917478
0.029152
0.013763
-0.396479
-0.001434
0.001367
-0.016476
0.006944
-0.006527
-0.093441
0.048370
-0.042579
-0.997922
4.999357
---
0.917161
0.029222
0.013738
-0.397207
-0.001389
0.001256
-0.016469
0.010476
0.008067
-0.086044
0.048415
-0.042690
-0.997915
5.016328
---
0.916966
0.029282
0.013705
-0.397652
0.002523
0.005049
-0.017441
0.015082
-0.009679
-0.074204
0.048421
-0.042802
-0.997910
5.032441
---
0.916621
0.029328
0.013702
-0.398444
0.000640
0.001097
-0.014506
-0.004212
-0.000024
-0.081431
0.048491
-0.042848
-0.997904
5.049504
---
0.916343
0.029368
0.013694
-0.399081
0.000685
0.001053
-0.014502
0.010723
-0.001604
-0.082520
0.048536
-0.042892
-0.997900
5.066655
---
0.916083
0.029439
0.013690
-0.399671
0.000763
0.004857
-0.016447
0.011902
0.000187
-0.064405
0.048614
-0.042995
-0.997892
5.084327
---
0.915939
0.029479
0.013663
-0.400001
0.000762
0.004780
-0.016443
0.011238
-0.003858
-0.053608
0.048613
-0.043072
-0.997889
5.100440
---
0.915780
0.029530
0.013647
-0.400360
-0.003118
0.000785
-0.013508
0.004811
0.007214
-0.036617
0.048640
-0.043161
-0.997883
5.117504
---
0.915663
0.029604
0.013653
-0.400624
-0.001080
-0.000306
-0.013499
0.012303
0.000602
-0.035490
0.048725
-0.043275
-0.997874
5.134656
---
0.915514
0.029659
0.013599
-0.400961
0.009622
0.003473
-0.018379
0.007925
-0.011213
-0.051418
0.048684
-0.043402
-0.997871
5.152327
---
0.915259
0.029697
0.013559
-0.401541
0.009606
0.003401
-0.018376
0.010221
0.003623
-0.093225
0.048669
-0.043474
-0.997868
5.168440
---
0.914914
0.029657
0.013451
-0.402334
0.015275
0.003431
-0.011551
0.006802
-0.013791
-0.116996
0.048478
-0.043444
-0.997879
5.185474
---
0.914491
0.029592
0.013331
-0.403302
0.008215
0.000574
-0.014495
-0.000987
-0.018644
-0.110329
0.048254
-0.043372
-0.997893
5.202624
---
0.914082
0.029568
0.013267
-0.404233
0.008120
0.000614
-0.014501
0.009109
-0.015696
-0.118371
0.048159
-0.043331
-0.997899
5.220297
---
0.913677
0.029561
0.013195
-0.405149
0.007051
0.001596
-0.013529
0.005199
-0.010305
-0.111025
0.048067
-0.043326
-0.997904
5.236412
---
0.913286
0.029554
0.013133
-0.406033
0.003068
0.001605
-0.011580
0.004565
-0.009538
-0.126069
0.047990
-0.043317
-0.997908
5.253474
---
0.912893
0.029581
0.013080
-0.406917
0.003033
0.001559
-0.011580
0.009316
-0.001978
-0.121221
0.047955
-0.043363
-0.997908
5.270625
---
0.912396
0.029628
0.012986
-0.408029
0.003930
0.004385
-0.013532
0.013126
-0.006224
-0.126074
0.047875
-0.043466
-0.997907
5.288297
---
0.911943
0.029650
0.012877
-0.409041
0.005748
0.002355
-0.014512
0.008819
-0.014642
-0.137761
0.047740
-0.043544
-0.997910
5.304412
---
0.911493
0.029645
0.012767
-0.410048
0.005593
0.002325
-0.014518
0.009271
-0.016534
-0.132277
0.047585
-0.043574
-0.997916
5.321533
---
0.911050
0.029677
0.012694
-0.411030
0.013348
0.006165
-0.014518
0.005654
-0.015386
-0.130278
0.047528
-0.043639
-0.997916
5.339237
---
0.910656
0.029666
0.012626
-0.411905
0.000562
-0.002614
-0.012569
0.005932
-0.010992
-0.119068
0.047437
-0.043630
-0.997921
5.355961
---
0.910263
0.029635
0.012566
-0.412778
0.000468
-0.002561
-0.012576
0.003623
-0.013293
-0.108769
0.047343
-0.043576
-0.997928
5.372076
---
0.909855
0.029693
0.012512
-0.413674
0.004366
0.004172
-0.019408
0.012682
-0.012093
-0.099072
0.047335
-0.043680
-0.997924
5.389319
---
0.909526
0.029746
0.012464
-0.414394
0.008263
0.008955
-0.019404
0.010169
-0.005718
-0.095601
0.047325
-0.043780
-0.997920
5.406445
---
0.909191
0.029779
0.012397
-0.415128
0.006253
-0.001864
-0.011591
0.007061
-0.009333
-0.071310
0.047269
-0.043856
-0.997919
5.424327
---
0.908962
0.029766
0.012297
-0.415633
0.006083
-0.001896
-0.011598
-0.000467
-0.008879
-0.067868
0.047099
-0.043889
-0.997926
5.440443
---
0.908771
0.029754
0.012271
-0.416053
-0.003721
-0.001876
-0.017460
0.008970
-0.007549
-0.057895
0.047060
-0.043869
-0.997928
5.457473
---
0.908605
0.029758
0.012270
-0.416413
-0.003700
-0.001866
-0.017459
0.001376
-0.003145
-0.039512
0.047081
-0.043858
-0.997928
5.474625
---
0.908454
0.029827
0.012262
-0.416740
0.001243
0.003878
-0.018428
0.007463
0.007651
-0.049976
0.047141
-0.043974
-0.997920
5.492327
---
0.908265
0.029865
0.012167
-0.417150
0.006979
0.006682
-0.014522
0.009152
-0.010406
-0.045791
0.047018
-0.044100
-0.997920
5.509328
---
0.908104
0.029891
0.012119
-0.417501
0.004975
-0.002178
-0.019404
-0.001164
-0.009481
-0.042735
0.046967
-0.044171
-0.997919
5.525625
---
0.907950
0.029855
0.012108
-0.417839
0.004942
-0.002105
-0.019409
0.000283
0.002815
-0.042047
0.046934
-0.044097
-0.997924
5.542659
---
0.907757
0.029822
0.012057
-0.418261
0.005821
-0.000111
-0.015509
0.002899
-0.009814
-0.042404
0.046837
-0.044056
-0.997931
5.560265
---
0.907593
0.029818
0.012032
-0.418619
0.004814
0.002822
-0.016487
0.007291
-0.009153
-0.047598
0.046806
-0.044053
-0.997932
5.576384
---
0.907392
0.029798
0.011922
-0.419059
0.004620
0.002789
-0.016495
0.002323
-0.016187
-0.060003
0.046612
-0.044086
-0.997940
5.594328
---
0.907181
0.029757
0.011821
-0.419521
0.010281
-0.000125
-0.017481
0.002472
-0.012374
-0.061653
0.046414
-0.044071
-0.997950
5.610384
---
0.906882
0.029704
0.011702
-0.420174
0.004196
-0.004002
-0.018469
0.002842
-0.012356
-0.070951
0.046188
-0.044041
-0.997961
5.628360
---
0.906664
0.029631
0.011677
-0.420650
0.004111
-0.003867
-0.018479
0.001286
-0.016590
-0.060699
0.046103
-0.043906
-0.997971
5.645328
---
0.906497
0.029559
0.011583
-0.421016
0.006829
0.003037
-0.012633
-0.002229
-0.016194
-0.050725
0.045892
-0.043838
-0.997984
5.662268
---
0.906376
0.029557
0.011543
-0.421278
-0.002024
0.003020
-0.018494
0.003387
-0.006050
-0.026021
0.045828
-0.043855
-0.997986
5.678382
---
0.906300
0.029574
0.011559
-0.421440
-0.001973
0.003012
-0.018491
0.008292
0.009865
-0.020887
0.045879
-0.043863
-0.997984
5.695993
---
0.906235
0.029605
0.011547
-0.421579
0.002923
0.002953
-0.019465
0.002694
-0.007656
-0.001163
0.045892
-0.043922
-0.997980
5.712322
---
0.906219
0.029643
0.011530
-0.421610
0.000971
0.004823
-0.016531
0.004755
0.005004
-0.002866
0.045893
-0.044005
-0.997977
5.729443
---
0.906218
0.029689
0.011556
-0.421609
0.001059
0.004763
-0.016525
-0.002926
0.003774
0.005840
0.045980
-0.044065
-0.997970
5.746475
---
0.906216
0.029790
0.011545
-0.421606
0.005029
0.007500
-0.014560
0.009177
0.001616
0.004917
0.046045
-0.044257
-0.997959
5.764269
---
0.906219
0.029872
0.011570
-0.421594
0.001236
-0.004347
-0.015526
0.007673
0.010552
0.004517
0.046158
-0.044386
-0.997948
5.780293
---
0.906235
0.029885
0.011579
-0.421558
0.001261
-0.004363
-0.015524
0.001479
-0.006712
0.006898
0.046183
-0.044403
-0.997946
5.797413
---
0.906248
0.029875
0.011576
-0.421531
-0.000705
-0.000444
-0.014548
0.001414
-0.004431
-0.006346
0.046170
-0.044389
-0.997947
5.815361
---
0.906244
0.029901
0.011601
-0.421538
-0.002592
-0.002424
-0.015521
0.000257
0.001535
-0.007609
0.046236
-0.044416
-0.997943
5.831476
---
0.906250
0.029919
0.011604
-0.421521
0.002309
0.001453
-0.018448
0.008173
0.007979
-0.003715
0.046255
-0.044446
-0.997940
5.849329
---
0.906232
0.029963
0.011591
-0.421559
0.002324
0.001364
-0.018444
0.004571
0.002755
-0.007784
0.046270
-0.044535
-0.997936
5.865443
---
0.906173
0.029945
0.011586
-0.421686
0.005239
-0.004461
-0.013563
-0.005729
-0.001926
-0.017788
0.046255
-0.044500
-0.997938
5.882478
---
0.906150
0.029896
0.011500
-0.421741
0.005043
-0.004440
-0.013573
0.003553
-0.012327
-0.003145
0.046059
-0.044479
-0.997948
5.899629
---
0.906074
0.029951
0.011431
-0.421903
0.004971
0.005175
-0.014546
0.010803
-0.011086
-0.009983
0.045987
-0.044630
-0.997945
5.916690
---
0.906022
0.029951
0.011356
-0.422016
0.004844
-0.004650
-0.011620
0.005832
-0.005446
-0.015199
0.045859
-0.044689
-0.997948
5.933839
---
0.905938
0.029960
0.011328
-0.422196
0.000899
0.006061
-0.017479
0.006313
0.002329
-0.034176
0.045821
-0.044720
-0.997948
5.950659
---
0.905761
0.029931
0.011304
-0.422579
0.000853
0.006114
-0.017484
-0.004636
-0.006223
-0.065559
0.045775
-0.044667
-0.997953
5.967783
---
0.905426
0.029843
0.011235
-0.423304
0.018268
-0.001562
-0.017498
0.000071
-0.011005
-0.082982
0.045612
-0.044531
-0.997966
5.984293
---
0.905169
0.029789
0.011150
-0.423860
0.000515
-0.001507
-0.015555
0.002526
-0.015173
-0.070969
0.045437
-0.044476
-0.997977
6.001412
---
0.904962
0.029772
0.011136
-0.424304
0.000500
-0.001466
-0.015557
0.002632
-0.000410
-0.053052
0.045422
-0.044435
-0.997979
6.018448
---
0.904755
0.029844
0.011129
-0.424741
-0.004313
0.002326
-0.015549
0.007307
0.002952
-0.043707
0.045491
-0.044549
-0.997971
6.035595
---
0.904610
0.029852
0.011151
-0.425046
0.000631
-0.000584
-0.016524
0.002529
0.007610
-0.043895
0.045553
-0.044529
-0.997969
6.054582
---
0.904485
0.029824
0.011167
-0.425315
0.000648
-0.000507
-0.016526
-0.011122
-0.008295
-0.033670
0.045570
-0.044452
-0.997972
6.069691
---
0.904394
0.029838
0.011177
-0.425507
-0.001264
-0.003443
-0.016524
-0.001419
0.004019
-0.027753
0.045611
-0.044459
-0.997970
6.086722
---
0.904253
0.029876
0.011197
-0.425803
-0.004113
-0.000551
-0.019448
0.009827
0.004943
-0.047344
0.045692
-0.044497
-0.997964
6.103871
---
0.904094
0.029901
0.011242
-0.426138
-0.003994
-0.000540
-0.019444
0.002337
0.007309
-0.030399
0.045810
-0.044486
-0.997959
6.120294
---
0.903960
0.029884
0.011246
-0.426422
0.003825
-0.000493
-0.018469
-0.001842
0.003969
-0.036235
0.045817
-0.044438
-0.997961
6.137414
---
0.903858
0.029869
0.011291
-0.426639
-0.003905
-0.001392
-0.020422
0.000932
0.005412
-0.032887
0.045899
-0.044361
-0.997961
6.154447
---
0.903769
0.029867
0.011314
-0.426828
-0.003858
-0.001358
-0.020421
-0.001364
0.000233
-0.020123
0.045947
-0.044327
-0.997960
6.171596
---
0.903677
0.029891
0.011320
-0.427020
0.002040
0.001543
-0.015535
0.003696
0.001201
-0.026940
0.045985
-0.044356
-0.997957
6.190304
---
0.903594
0.029932
0.011351
-0.427193
-0.002740
-0.001425
-0.019435
0.009236
0.002031
-0.027294
0.046088
-0.044394
-0.997950
6.205417
---
0.903558
0.029948
0.011370
-0.427267
-0.002688
-0.001434
-0.019432
-0.001675
0.009131
-0.010242
0.046140
-0.044402
-0.997948
6.222448
---
0.903518
0.029956
0.011418
-0.427350
-0.000641
-0.000427
-0.020406
-0.008965
0.003989
-0.003245
0.046234
-0.044373
-0.997945
6.239597
---
0.903474
0.029977
0.011508
-0.427439
0.003453
0.004498
-0.014539
0.001289
0.007016
-0.008276
0.046422
-0.044330
-0.997938
6.257328
---
0.903425
0.030008
0.011513
-0.427539
0.003493
0.004453
-0.014536
0.005036
0.002271
-0.020419
0.046462
-0.044375
-0.997934
6.273445
---
0.903395
0.030010
0.011523
-0.427603
0.003518
-0.002375
-0.016488
-0.002614
0.002522
-0.007950
0.046487
-0.044367
-0.997933
6.291329
---
0.903369
0.029998
0.011570
-0.427657
0.005546
-0.000356
-0.016487
-0.004693
0.000358
-0.003833
0.046562
-0.044302
-0.997933
6.308332
---
0.903369
0.029996
0.011563
-0.427657
0.008462
0.000618
-0.017464
0.002729
-0.012782
0.000567
0.046548
-0.044304
-0.997933
6.325302
---
0.903372
0.029928
0.011555
-0.427655
0.008391
0.000734
-0.017473
-0.011852
-0.006479
0.000142
0.046477
-0.044187
-0.997942
6.341416
---
0.903392
0.029932
0.011605
-0.427612
-0.002261
-0.000208
-0.018447
-0.002363
0.016135
-0.001088
0.046567
-0.044154
-0.997939
6.360093
---
0.903395
0.029940
0.011606
-0.427606
-0.002251
-0.000224
-0.018446
-0.000283
0.002116
0.005475
0.046577
-0.044169
-0.997938
6.375142
---
0.903404
0.029937
0.011636
-0.427587
-0.000247
0.000782
-0.019421
0.000934
0.005765
0.011242
0.046628
-0.044139
-0.997937
6.392322
---
0.903377
0.029960
0.011645
-0.427640
0.007602
0.003682
-0.014535
0.002276
-0.003035
-0.009784
0.046665
-0.044170
-0.997934
6.409477
---
0.903365
0.029979
0.011608
-0.427665
-0.000259
-0.000291
-0.023324
0.005114
0.004223
0.003520
0.046616
-0.044236
-0.997933
6.427332
---
0.903365
0.030031
0.011633
-0.427661
-0.000171
-0.000362
-0.023316
-0.005501
0.000115
0.002594
0.046704
-0.044307
-0.997926
6.444332
---
0.903384
0.030016
0.011667
-0.427622
0.003783
-0.001284
-0.019410
0.001748
0.006379
0.006576
0.046752
-0.044253
-0.997926
6.461177
---
0.903413
0.030025
0.011652
-0.427560
0.006689
0.006495
-0.017457
0.004784
-0.001864
0.006340
0.046728
-0.044286
-0.997925
6.477752
---
0.903464
0.030037
0.011627
-0.427451
0.006651
0.006446
-0.017456
-0.005274
-0.006605
0.015727
0.046690
-0.044335
-0.997925
6.494877
---
0.903494
0.030044
0.011635
-0.427388
0.004715
-0.006257
-0.019408
0.005173
-0.007623
0.005047
0.046707
-0.044343
-0.997924
6.510929
---
0.903516
0.030040
0.011610
-0.427343
0.004662
0.002514
-0.016480
0.003154
0.007657
0.005844
0.046654
-0.044361
-0.997926
6.528081
---
0.903543
0.030040
0.011581
-0.427287
0.004608
0.002487
-0.016482
0.003230
-0.008360
0.009675
0.046600
-0.044388
-0.997927
6.545203
---
0.903588
0.030054
0.011544
-0.427191
0.003572
-0.000505
-0.016482
0.001346
-0.006386
0.013893
0.046541
-0.044451
-0.997927
6.563210
---
0.903606
0.030051
0.011522
-0.427154
0.009386
0.006317
-0.011600
0.004990
0.000042
0.003648
0.046496
-0.044464
-0.997928
6.579568
---
0.903631
0.030040
0.011490
-0.427103
0.009319
0.006307
-0.011603
-0.007008
-0.007342
0.003101
0.046428
-0.044475
-0.997931
6.597333
---
0.903643
0.030075
0.011457
-0.427076
0.001473
0.000355
-0.017460
0.002830
-0.007495
0.000815
0.046395
-0.044567
-0.997929
6.614328
---
0.903647
0.030107
0.011428
-0.427065
0.002425
0.000271
-0.024293
0.003573
-0.003672
-0.000005
0.046370
-0.044651
-0.997926
6.630448
---
0.903637
0.030137
0.011380
-0.427085
0.002365
0.000176
-0.024292
0.006065
-0.007514
-0.001257
0.046310
-0.044746
-0.997925
6.648302
---
0.903635
0.030127
0.011368
-0.427091
0.001358
-0.000793
-0.016481
-0.003350
-0.005398
-0.002316
0.046280
-0.044738
-0.997926
6.664417
---
0.903631
0.030100
0.011295
-0.427104
0.008038
-0.001782
-0.013558
-0.001863
-0.006394
-0.008224
0.046124
-0.044750
-0.997933
6.681448
---
0.903600
0.030105
0.011275
-0.427169
-0.000779
-0.001804
-0.012582
0.003002
-0.003386
-0.003907
0.046096
-0.044772
-0.997933
6.698603
---
0.903604
0.030099
0.011228
-0.427162
-0.000868
-0.001835
-0.012584
0.001562
-0.000600
0.002808
0.046007
-0.044804
-0.997936
6.716333
---
0.903612
0.030091
0.011228
-0.427147
0.006936
0.001111
-0.017468
-0.002220
-0.006185
-0.002236
0.045998
-0.044788
-0.997937
6.732449
---
0.903618
0.030103
0.011191
-0.427134
0.001995
0.004961
-0.019422
0.009110
-0.004734
0.001462
0.045940
-0.044843
-0.997937
6.749478
---
0.903636
0.030109
0.011169
-0.427096
0.001962
0.004930
-0.019422
-0.002186
-0.004464
-0.006034
0.045907
-0.044874
-0.997937
6.766628
---
0.903641
0.030098
0.011082
-0.427088
0.013513
0.002922
-0.016497
0.004225
-0.017029
0.000273
0.045739
-0.044930
-0.997943
6.784302
---
0.903640
0.030098
0.011044
-0.427090
0.007583
0.003865
-0.016499
0.008817
0.003324
0.001222
0.045669
-0.044963
-0.997944
6.800418
---
0.903643
0.030100
0.010972
-0.427087
0.007456
0.003802
-0.016502
0.005157
-0.006393
0.004591
0.045542
-0.045026
-0.997947
6.817448
---
0.903653
0.030081
0.010904
-0.427068
0.003409
0.000846
-0.019437
0.003035
-0.010648
0.004583
0.045401
-0.045052
-0.997952
6.834599
---
0.903665
0.030080
0.010918
-0.427044
0.005385
-0.002070
-0.015530
0.006322
0.002374
0.004883
0.045424
-0.045039
-0.997952
6.852306
---
0.903687
0.030043
0.010864
-0.427001
0.005253
-0.002053
-0.015537
-0.006034
-0.013252
0.010382
0.045292
-0.045022
-0.997959
6.868419
---
0.903702
0.030005
0.010832
-0.426972
0.004186
0.002871
-0.016519
-0.001611
-0.005628
0.005441
0.045202
-0.044981
-0.997965
6.885482
---
0.903726
0.029979
0.010837
-0.426922
0.006124
0.002921
-0.010663
0.000255
-0.000527
0.003270
0.045187
-0.044931
-0.997968
6.902632
---
0.903767
0.029968
0.010790
-0.426837
0.006025
0.002895
-0.010666
-0.001582
-0.007346
0.020167
0.045088
-0.044957
-0.997971
6.920333
---
0.903816
0.029929
0.010803
-0.426736
-0.001802
0.000044
-0.019460
-0.008805
-0.004870
0.014680
0.045073
-0.044878
-0.997975
6.936449
---
0.903853
0.029900
0.010791
-0.426661
0.003028
-0.003825
-0.017510
-0.001186
-0.003925
0.013841
0.045020
-0.044841
-0.997979
6.953481
---
0.903914
0.029875
0.010838
-0.426532
0.003088
-0.003747
-0.017511
-0.004763
-0.002765
0.017332
0.045080
-0.044762
-0.997980
6.970631
---
0.904007
0.029805
0.010832
-0.426340
0.000078
-0.006565
-0.014590
-0.014124
0.003062
0.017936
0.044999
-0.044651
-0.997989
6.988334
---
0.904048
0.029798
0.010859
-0.426253
0.004022
0.003231
-0.018496
0.001422
0.003286
0.015791
0.045038
-0.044621
-0.997988
7.004450
---
0.904098
0.029826
0.010892
-0.426144
0.004102
0.003204
-0.018491
0.001019
0.002930
0.017446
0.045117
-0.044647
-0.997984
7.021512
---
0.904159
0.029856
0.010905
-0.426011
0.003165
0.001200
-0.013604
0.003222
0.004313
0.015657
0.045157
-0.044699
-0.997979
7.038663
---
0.904225
0.029840
0.010922
-0.425873
0.005130
-0.001690
-0.018488
-0.004468
0.001365
0.014462
0.045169
-0.044659
-0.997981
7.056343
---
0.904274
0.029798
0.010894
-0.425772
0.005038
-0.001646
-0.018495
-0.005247
-0.004995
0.013920
0.045077
-0.044614
-0.997987
7.073455
---
0.904324
0.029768
0.010860
-0.425669
0.001042
-0.000647
-0.019476
-0.006307
-0.003744
0.017553
0.044988
-0.044593
-0.997992
7.089353
---
0.904329
0.029763
0.010846
-0.425660
0.006870
-0.001628
-0.018501
0.004960
-0.002257
-0.001229
0.044955
-0.044597
-0.997993
7.106389
---
0.904365
0.029714
0.010840
-0.425586
0.006813
-0.001549
-0.018507
-0.012689
-0.004444
0.016877
0.044899
-0.044518
-0.997999
7.124333
---
0.904399
0.029656
0.010848
-0.425518
0.005798
-0.001442
-0.015584
-0.008658
-0.004537
0.008951
0.044861
-0.044410
-0.998006
7.141211
---
0.904411
0.029621
0.010859
-0.425494
0.003834
0.002539
-0.017541
-0.008347
0.006642
-0.002255
0.044849
-0.044336
-0.998009
7.157294
---
0.904416
0.029611
0.010854
-0.425484
-0.003996
0.004502
-0.012659
0.006052
0.008024
0.006128
0.044833
-0.044326
-0.998011
7.175151
---
0.904430
0.029659
0.010867
-0.425450
-0.003935
0.004425
-0.012653
0.003426
0.003071
-0.001224
0.044893
-0.044404
-0.998004
7.191571
---
0.904478
0.029706
0.010931
-0.425345
-0.004758
0.000484
-0.014598
0.001470
0.000067
0.006955
0.045046
-0.044438
-0.997996
7.208847
---
0.904491
0.029746
0.010936
-0.425314
0.002117
0.003344
-0.014593
0.004558
0.002156
0.007541
0.045086
-0.044507
-0.997991
7.225325
---
0.904502
0.029763
0.010978
-0.425287
0.002208
0.003348
-0.014589
-0.001648
0.005760
0.005005
0.045177
-0.044503
-0.997987
7.242360
---
0.904512
0.029804
0.011026
-0.425262
0.002327
-0.001569
-0.015558
0.001656
0.006125
0.000489
0.045296
-0.044538
-0.997980
7.260089
---
0.904557
0.029814
0.011039
-0.425166
0.005284
-0.003536
-0.014580
0.001051
-0.003319
0.015304
0.045323
-0.044552
-0.997978
7.276205
---
0.904603
0.029818
0.011024
-0.425067
0.005256
-0.003558
-0.014580
-0.002691
0.001108
0.010027
0.045295
-0.044574
-0.997979
7.293329
---
0.904622
0.029864
0.011064
-0.425023
-0.000494
0.001272
-0.017503
0.002004
0.004761
0.005442
0.045404
-0.044626
-0.997971
7.310359
---
0.904639
0.029877
0.011098
-0.424984
0.001530
-0.001654
-0.018476
-0.002574
-0.002818
0.008318
0.045475
-0.044622
-0.997968
7.327569
---
0.904648
0.029872
0.011126
-0.424965
0.001577
-0.001622
-0.018476
0.003734
0.003749
-0.005241
0.045522
-0.044590
-0.997968
7.345303
---
0.904649
0.029879
0.011161
-0.424963
0.003600
0.005231
-0.017497
-0.004852
0.004879
-0.003987
0.045592
-0.044574
-0.997965
7.361418
---
0.904655
0.029900
0.011191
-0.424947
0.000739
-0.004547
-0.019446
0.002144
0.002983
0.009771
0.045660
-0.044586
-0.997962
7.378481
---
0.904694
0.029895
0.011230
-0.424862
0.000798
-0.004509
-0.019445
-0.008731
0.001520
0.008826
0.045720
-0.044548
-0.997960
7.395907
---
0.904675
0.029929
0.011236
-0.424901
0.002795
0.007153
-0.014558
0.007540
0.000154
-0.011119
0.045764
-0.044605
-0.997956
7.412327
---
0.904674
0.029964
0.011266
-0.424899
0.001904
-0.005577
-0.014552
0.004531
0.003010
0.003675
0.045849
-0.044639
-0.997951
7.429786
---
0.904659
0.029955
0.011296
-0.424931
0.001952
-0.005534
-0.014552
-0.009549
-0.002364
-0.002946
0.045898
-0.044597
-0.997950
7.445811
---
0.904638
0.029934
0.011303
-0.424978
0.006832
0.000371
-0.019437
-0.003288
0.001247
-0.007466
0.045894
-0.044551
-0.997952
7.463117
---
0.904623
0.029873
0.011310
-0.425014
0.006794
-0.003420
-0.019444
-0.005318
-0.004167
0.001035
0.045856
-0.044435
-0.997959
7.480329
---
0.904623
0.029815
0.011310
-0.425018
0.006745
-0.003313
-0.019451
-0.013523
-0.002369
-0.001297
0.045807
-0.044329
-0.997966
7.497449
---
0.904597
0.029784
0.011260
-0.425076
0.004678
-0.001342
-0.015550
0.000006
-0.003384
-0.011648
0.045694
-0.044311
-0.997972
7.515334
---
0.904577
0.029780
0.011211
-0.425122
0.005565
0.001556
-0.015553
-0.000574
-0.009519
-0.002691
0.045604
-0.044343
-0.997975
7.531451
---
0.904559
0.029821
0.011203
-0.425158
0.008519
0.007334
-0.020431
0.004946
-0.003462
-0.008415
0.045628
-0.044424
-0.997970
7.549305
---
0.904529
0.029846
0.011092
-0.425221
0.008342
0.007198
-0.020433
0.008285
-0.014056
-0.010618
0.045451
-0.044560
-0.997972
7.565421
---
0.904512
0.029900
0.011067
-0.425255
-0.000447
0.005128
-0.015545
0.007572
0.003126
-0.001588
0.045452
-0.044676
-0.997967
7.582482
---
0.904495
0.029928
0.011071
-0.425289
-0.005298
0.002153
-0.017495
-0.000131
0.007338
-0.003569
0.045483
-0.044722
-0.997964
7.599630
---
0.904476
0.030009
0.011065
-0.425324
-0.005236
0.002004
-0.017485
0.011911
-0.001350
0.001801
0.045545
-0.044871
-0.997954
7.616359
---
0.904481
0.030014
0.011083
-0.425312
0.002613
-0.001899
-0.010648
0.004425
0.007808
-0.000121
0.045582
-0.044868
-0.997953
7.633482
---
0.904499
0.030049
0.011147
-0.425270
0.005683
0.003951
-0.017477
-0.000080
0.006189
0.001156
0.045722
-0.044877
-0.997946
7.650512
---
0.904495
0.030041
0.011131
-0.425279
0.005651
0.003951
-0.017478
0.004922
-0.004918
-0.005984
0.045690
-0.044877
-0.997947
7.667666
---
0.904485
0.030055
0.011092
-0.425301
0.007548
-0.000010
-0.018455
-0.004273
0.001961
-0.003594
0.045634
-0.044932
-0.997947
7.685305
---
0.904474
0.030058
0.011078
-0.425325
0.003616
0.000948
-0.012596
0.000596
0.005474
-0.011615
0.045608
-0.044950
-0.997948
7.701422
---
0.904464
0.030047
0.011021
-0.425348
0.003507
0.000924
-0.012600
0.003127
-0.006775
-0.001471
0.045499
-0.044975
-0.997952
7.718453
---
0.904449
0.030023
0.010991
-0.425382
0.006365
-0.001013
-0.017487
-0.003027
-0.003379
-0.003814
0.045427
-0.044958
-0.997956
7.735605
---
0.904415
0.030063
0.011023
-0.425451
0.001574
0.002853
-0.020410
0.005402
-0.000479
-0.006146
0.045519
-0.044998
-0.997949
7.753336
---
0.904380
0.030036
0.010971
-0.425528
0.001464
0.002861
-0.020416
-0.003034
-0.009075
-0.009108
0.045409
-0.044991
-0.997955
7.769452
---
0.904354
0.030039
0.010915
-0.425584
0.006247
0.001834
-0.019441
0.009244
-0.010874
-0.004008
0.045310
-0.045041
-0.997957
7.786514
---
0.904327
0.030069
0.010890
-0.425640
0.001349
-0.006053
-0.014556
0.004823
-0.002184
-0.001884
0.045294
-0.045115
-0.997954
7.803662
---
0.904308
0.030065
0.010885
-0.425681
0.001338
-0.006047
-0.014557
-0.008173
0.001354
0.007305
0.045283
-0.045109
-0.997955
7.821336
---
0.904286
0.030071
0.010847
-0.425728
-0.000677
-0.004135
-0.017487
0.005320
-0.002274
-0.012941
0.045221
-0.045151
-0.997956
7.837452
---
0.904247
0.030083
0.010816
-0.425811
0.003189
0.000706
-0.017487
0.003772
-0.000697
-0.007225
0.045182
-0.045192
-0.997956
7.854817
---
0.904239
0.030065
0.010795
-0.425830
0.003136
0.000721
-0.017490
0.003777
-0.006742
-0.003084
0.045128
-0.045177
-0.997959
7.870932
---
0.904228
0.030065
0.010755
-0.425855
0.004042
0.004594
-0.018469
0.006936
-0.002219
-0.004045
0.045058
-0.045211
-0.997961
7.888330
---
0.904231
0.030066
0.010716
-0.425849
0.004947
-0.003255
-0.020423
0.003782
0.004796
-0.002758
0.044987
-0.045247
-0.997962
7.905450
---
0.904229
0.030047
0.010708
-0.425854
0.004918
-0.003227
-0.020426
0.002149
-0.007711
-0.001237
0.044957
-0.045219
-0.997965
7.922485
---
0.904220
0.030024
0.010675
-0.425877
0.005816
-0.003211
-0.019454
-0.001575
-0.008749
-0.000555
0.044879
-0.045203
-0.997969
7.939634
---
0.904241
0.029960
0.010692
-0.425837
0.002862
-0.000153
-0.014578
0.000882
-0.004895
0.001327
0.044854
-0.045075
-0.997976
7.957334
---
0.904244
0.029952
0.010722
-0.425830
0.002909
-0.000114
-0.014577
-0.002424
0.004102
0.001506
0.044901
-0.045036
-0.997976
7.973450
---
0.904248
0.029943
0.010706
-0.425822
0.000916
-0.003042
-0.017509
-0.003545
-0.010679
0.000440
0.044862
-0.045034
-0.997978
7.991335
---
0.904246
0.029937
0.010710
-0.425827
0.001896
-0.001074
-0.016533
0.006928
0.006901
-0.002715
0.044864
-0.045020
-0.997978
8.007453
---
0.904237
0.029958
0.010702
-0.425845
0.001902
-0.001118
-0.016531
-0.001184
-0.001729
0.001528
0.044871
-0.045063
-0.997976
8.024481
---
0.904214
0.030014
0.010680
-0.425891
0.002888
0.003646
-0.014572
0.006000
-0.001725
-0.008656
0.044880
-0.045183
-0.997970
8.041603
---
0.904214
0.030033
0.010661
-0.425890
0.003848
0.001643
-0.018476
-0.008432
0.004971
0.009713
0.044864
-0.045232
-0.997969
8.059000
---
0.904205
0.030027
0.010652
-0.425909
0.003825
0.001649
-0.018478
-0.005138
-0.003937
-0.001359
0.044841
-0.045226
-0.997970
8.075268
---
0.904207
0.029997
0.010631
-0.425908
0.001808
0.002661
-0.014576
-0.005076
-0.007542
-0.001648
0.044777
-0.045191
-0.997974
8.092326
---
0.904196
0.030036
0.010565
-0.425930
0.003677
-0.000396
-0.019457
0.005825
-0.003607
-0.013553
0.044692
-0.045318
-0.997972
8.109362
---
0.904177
0.030073
0.010549
-0.425967
-0.001199
-0.001451
-0.017500
0.006183
-0.003626
-0.004447
0.044699
-0.045397
-0.997969
8.126635
---
0.904149
0.030100
0.010541
-0.426026
-0.001187
-0.001502
-0.017497
-0.001336
0.000561
-0.005616
0.044712
-0.045447
-0.997966
8.144337
---
0.904126
0.030136
0.010553
-0.426072
0.001794
-0.000579
-0.015539
0.004783
0.007803
-0.016598
0.044763
-0.045501
-0.997961
8.161030
---
0.904070
0.030145
0.010569
-0.426190
0.001837
-0.004483
-0.018467
0.002482
-0.002655
0.001822
0.044805
-0.045498
-0.997959
8.177146
---
0.904038
0.030122
0.010572
-0.426259
0.001825
-0.004434
-0.018470
0.003731
-0.001359
-0.013264
0.044794
-0.045450
-0.997962
8.194360
---
0.904048
0.030106
0.010599
-0.426238
-0.002045
-0.001453
-0.019447
-0.000237
-0.001244
-0.007462
0.044830
-0.045399
-0.997963
8.212307
---
0.904045
0.030114
0.010589
-0.426245
0.002827
0.004383
-0.018470
0.003079
-0.007404
0.003328
0.044820
-0.045422
-0.997962
8.228331
---
0.904034
0.030192
0.010629
-0.426260
0.002966
0.004276
-0.018459
0.011397
0.008504
-0.002332
0.044958
-0.045529
-0.997951
8.245392
---
0.904021
0.030205
0.010645
-0.426288
0.002030
-0.003545
-0.021386
-0.000012
0.001742
-0.006509
0.044999
-0.045538
-0.997949
8.263034
---
0.904037
0.030216
0.010634
-0.426253
0.000066
-0.004551
-0.019432
0.008019
-0.004924
0.010761
0.044988
-0.045567
-0.997948
8.279087
---
0.904068
0.030234
0.010623
-0.426186
0.000057
-0.004595
-0.019431
0.005726
0.003411
0.008908
0.044979
-0.045611
-0.997946
8.296573
---
0.904089
0.030261
0.010612
-0.426140
-0.001895
0.001202
-0.019428
0.006972
-0.002817
0.009530
0.044980
-0.045673
-0.997943
8.314305
---
0.904099
0.030240
0.010595
-0.426120
0.000007
-0.000728
-0.020408
-0.001443
0.005459
0.002816
0.044929
-0.045650
-0.997947
8.330453
---
0.904097
0.030259
0.010608
-0.426123
0.000050
-0.000750
-0.020405
-0.003856
-0.002070
-0.003399
0.044972
-0.045672
-0.997944
8.348308
---
0.904092
0.030298
0.010602
-0.426131
0.003978
0.000148
-0.017470
0.007251
-0.004727
-0.015643
0.044993
-0.045750
-0.997939
8.364421
---
0.904114
0.030298
0.010555
-0.426085
0.007794
-0.001846
-0.021379
0.003400
-0.003482
-0.005668
0.044904
-0.045791
-0.997941
8.381484
---
0.904100
0.030294
0.010509
-0.426117
0.007710
-0.001876
-0.021381
-0.002188
-0.007574
-0.009890
0.044819
-0.045821
-0.997944
8.398636
---
0.904081
0.030291
0.010447
-0.426159
0.005646
0.001986
-0.018454
0.006387
-0.003789
0.004430
0.044709
-0.045866
-0.997947
8.416338
---
0.904055
0.030322
0.010414
-0.426211
-0.004148
0.000928
-0.016499
0.006266
-0.002957
-0.016681
0.044680
-0.045947
-0.997944
8.432455
---
0.904046
0.030339
0.010413
-0.426230
0.004655
-0.003009
-0.016497
0.004944
0.001443
-0.004288
0.044694
-0.045978
-0.997942
8.449514
---
0.904032
0.030385
0.010425
-0.426256
0.004715
-0.003082
-0.016491
0.004734
0.003937
-0.002811
0.044754
-0.046051
-0.997936
8.466668
---
0.904030
0.030369
0.010369
-0.426263
0.002647
-0.001147
-0.016495
-0.003978
-0.008116
-0.005190
0.044639
-0.046069
-0.997940
8.484338
---
0.904029
0.030377
0.010373
-0.426264
-0.002220
-0.007018
-0.013564
-0.006837
-0.000989
0.004998
0.044655
-0.046080
-0.997939
8.500454
---
0.904042
0.030355
0.010390
-0.426237
-0.002208
-0.006964
-0.013566
-0.005615
-0.000927
0.007669
0.044667
-0.046026
-0.997941
8.517486
---
0.904043
0.030348
0.010392
-0.426235
0.008528
0.001838
-0.015520
0.003027
0.003232
-0.007591
0.044661
-0.046014
-0.997942
8.534638
---
0.904049
0.030334
0.010364
-0.426226
0.002608
-0.009879
-0.014546
0.000745
-0.002702
0.005129
0.044600
-0.046012
-0.997945
8.551819
---
0.904067
0.030287
0.010370
-0.426189
0.002572
-0.009793
-0.014552
-0.004098
-0.007506
0.004818
0.044564
-0.045926
-0.997950
8.567934
---
0.904069
0.030281
0.010392
-0.426185
0.001633
-0.002925
-0.015528
-0.006059
0.002300
0.007064
0.044601
-0.045894
-0.997950
8.585330
---
0.904089
0.030255
0.010351
-0.426147
0.006418
0.000990
-0.012603
-0.003664
-0.005665
0.008308
0.044504
-0.045885
-0.997955
8.602453
---
0.904089
0.030218
0.010330
-0.426149
0.006348
0.001041
-0.012609
0.001244
-0.002302
-0.000298
0.044434
-0.045834
-0.997960
8.620309
---
0.904105
0.030248
0.010318
-0.426114
0.003417
-0.000004
-0.018465
0.009789
-0.002338
-0.002237
0.044433
-0.045902
-0.997957
8.636426