---
0.811914
-0.038019
-0.047083
0.580633
-0.021561
0.013873
-0.013183
0.055232
0.268981
-0.130400
-0.032304
0.116412
-0.992676
0.000000
---
0.812999
-0.039983
-0.043214
0.579281
-0.015155
0.000821
-0.009669
0.007897
0.260496
-0.008136
-0.023944
0.115079
-0.993068
0.034244
---
0.813196
-0.040999
-0.041591
0.579053
-0.013326
0.009378
-0.015640
0.021648
0.253220
-0.044683
-0.020162
0.114847
-0.993179
0.051370
---
0.813268
-0.041663
-0.040130
0.579006
-0.010191
0.008769
-0.015769
0.047040
0.190445
0.001571
-0.017027
0.114237
-0.993308
0.068487
---
0.813734
-0.042729
-0.037137
0.578474
-0.016864
0.008013
0.008363
0.088861
0.270107
-0.062949
-0.011004
0.112505
-0.993590
0.084604
---
0.814184
-0.043789
-0.034601
0.577918
-0.026239
0.011689
-0.024044
0.067473
0.352298
-0.070116
-0.005731
0.111299
-0.993771
0.101730
---
0.814273
-0.044723
-0.032547
0.577841
-0.021826
0.010838
-0.024155
0.048016
0.257643
0.003229
-0.001318
0.110447
-0.993881
0.119212
---
0.814337
-0.045653
-0.030770
0.577776
-0.002244
0.002489
-0.019329
0.018365
0.183839
-0.026698
0.002638
0.109911
-0.993938
0.136334
---
0.814331
-0.046253
-0.029681
0.577793
0.002179
-0.004630
-0.006655
0.022423
0.130708
0.028496
0.005109
0.109628
-0.993960
0.153458
---
0.814758
-0.046252
-0.027632
0.577293
0.014234
0.002779
-0.020562
0.038706
-0.119696
0.000225
0.008374
0.107272
-0.994195
0.220939
---
0.814741
-0.045630
-0.028101
0.577344
0.023500
0.000356
-0.016717
0.023730
-0.095429
0.011991
0.006899
0.106801
-0.994257
0.238061
---
0.814688
-0.043817
-0.029683
0.577480
0.039352
0.003138
-0.015882
0.059502
-0.244863
0.031578
0.002242
0.105677
-0.994398
0.255182
---
0.814600
-0.042856
-0.030588
0.577629
0.036785
0.002618
-0.015940
0.035513
-0.212201
0.008321
-0.000325
0.105157
-0.994456
0.272303
---
0.814533
-0.040802
-0.032594
0.577762
0.040925
0.005499
-0.013100
0.049326
-0.313855
0.003619
-0.005950
0.104132
-0.994546
0.289427
---
0.814362
-0.039095
-0.034460
0.578013
0.018366
0.001949
-0.017029
0.024389
-0.242579
0.005304
-0.010931
0.103511
-0.994568
0.306549
---
0.814286
-0.037848
-0.036152
0.578099
-0.006327
-0.008867
-0.004287
-0.023762
-0.065144
-0.039281
-0.015116
0.103438
-0.994521
0.339784
---
0.814795
-0.037278
-0.037076
0.577360
0.018760
0.001998
0.000646
-0.007539
-0.085877
-0.173180
-0.017373
0.103560
-0.994471
0.356911
---
0.815546
-0.037163
-0.037575
0.576274
0.016701
-0.012287
0.028047
-0.035566
-0.038795
-0.153298
-0.018456
0.103924
-0.994414
0.374032
---
0.816728
-0.037212
-0.037846
0.574576
0.016098
-0.011937
0.028095
-0.019878
0.008358
-0.273375
-0.019058
0.104274
-0.994366
0.391428
---
0.819026
-0.037303
-0.036906
0.571351
0.013421
-0.003169
0.050429
0.076028
0.134277
-0.531367
-0.017829
0.103276
-0.994493
0.408551
---
0.821475
-0.037097
-0.035846
0.567907
0.008633
-0.005759
0.044385
0.094202
0.106944
-0.516618
-0.016758
0.101663
-0.994678
0.424667
---
0.824248
-0.036739
-0.034916
0.563956
0.009270
-0.007475
0.044200
0.107710
0.101195
-0.628549
-0.016120
0.099947
-0.994862
0.441786
---
0.827246
-0.035719
-0.034574
0.559636
0.014026
-0.004746
0.016661
0.115105
-0.012549
-0.747432
-0.017224
0.097793
-0.995058
0.458908
---
0.831588
-0.034998
-0.033053
0.553303
-0.017220
0.006895
-0.009037
0.162392
0.206489
-0.775644
-0.016244
0.094785
-0.995365
0.476032
---
0.835431
-0.034571
-0.031447
0.547606
-0.015656
0.004313
-0.009304
0.135009
0.145157
-0.815806
-0.014680
0.092204
-0.995632
0.493156
---
0.839073
-0.034425
-0.029828
0.542108
-0.019568
0.005149
-0.019288
0.100372
0.192683
-0.794250
-0.012732
0.090110
-0.995850
0.510278
---
0.843518
-0.035278
-0.027528
0.535233
-0.044809
0.005976
-0.022363
0.040750
0.471004
-1.006812
-0.008677
0.088983
-0.995995
0.527400
---
0.849567
-0.037070
-0.023948
0.525631
-0.037854
0.005155
-0.022472
-0.038375
0.496094
-1.043631
-0.001721
0.088163
-0.996105
0.544522
---
0.854279
-0.039111
-0.021066
0.517914
-0.041379
-0.007059
-0.014608
-0.023338
0.490776
-1.184155
0.004520
0.088644
-0.996053
0.560635
---
0.858538
-0.040036
-0.019655
0.510807
-0.007496
-0.010784
-0.007740
0.006516
0.202421
-1.036698
0.007152
0.088825
-0.996022
0.577758
---
0.863759
-0.040519
-0.018523
0.501932
-0.005969
-0.011018
-0.007749
0.029477
0.205277
-1.236162
0.008680
0.088592
-0.996030
0.594877
---
0.870269
-0.040771
-0.017800
0.490563
0.003159
-0.014111
-0.010690
0.014365
0.126071
-1.346235
0.009019
0.088428
-0.996042
0.612002
---
0.875614
-0.040437
-0.017938
0.480981
0.010415
-0.005681
-0.038078
0.033599
0.006514
-1.555369
0.007486
0.088069
-0.996086
0.629124
---
0.881253
-0.040251
-0.018406
0.470568
0.008370
-0.005484
-0.038074
-0.060858
0.011126
-1.401446
0.005440
0.088266
-0.996082
0.646245
---
0.886789
-0.040806
-0.018775
0.459987
0.008148
-0.012892
-0.035027
-0.094738
0.088055
-1.591895
0.004241
0.089647
-0.995965
0.663366
---
0.893909
-0.039683
-0.020017
0.446040
0.036722
0.005796
-0.005815
0.064887
-0.072045
-1.750541
-0.000387
0.088803
-0.996049
0.680490
---
0.899903
-0.038180
-0.021214
0.433898
0.032060
0.004118
-0.005950
0.222633
-0.438452
-1.557324
-0.005050
0.087126
-0.996185
0.696605
---
0.905756
-0.034863
-0.023762
0.421694
0.078153
0.010929
0.020162
0.236255
-0.374260
-1.716894
-0.013643
0.083194
-0.996440
0.713729
---
0.911406
-0.032909
-0.025125
0.409421
0.041696
-0.004400
0.035655
0.117917
-0.141208
-1.983187
-0.018851
0.080561
-0.996571
0.730846
---
0.919110
-0.030915
-0.026692
0.391878
0.034733
-0.016977
0.038493
0.050682
-0.133763
-1.840685
-0.024838
0.077749
-0.996664
0.747971
---
0.925357
-0.030033
-0.027710
0.376889
0.030925
-0.018258
0.038496
0.016164
-0.051373
-2.062323
-0.028646
0.076469
-0.996660
0.765094
---
0.931761
-0.029774
-0.027661
0.360790
0.011930
-0.018304
0.031624
-0.006623
0.104853
-2.338077
-0.030062
0.075446
-0.996697
0.782214
---
0.938276
-0.029849
-0.027045
0.343534
0.011748
-0.019153
0.031565
-0.108902
0.336886
-2.367680
-0.030244
0.074597
-0.996755
0.799336
---
0.946673
-0.031184
-0.025000
0.319708
-0.022512
-0.032393
0.025656
-0.083163
0.328407
-2.586334
-0.027395
0.075028
-0.996805
0.816459
---
0.953592
-0.031296
-0.023303
0.298562
-0.023804
-0.017218
0.002068
-0.003688
0.312623
-2.923936
-0.025757
0.073603
-0.996955
0.832577
---
0.959990
-0.031076
-0.022194
0.277419
-0.003886
-0.006146
-0.015638
0.066109
0.144945
-2.595679
-0.025370
0.071979
-0.997083
0.849697
---
0.965926
-0.030561
-0.021662
0.256092
-0.004710
-0.007990
-0.015748
0.043727
0.151760
-2.972762
-0.026194
0.070135
-0.997194
0.867579
---
0.973901
-0.029468
-0.021052
0.224064
-0.011199
-0.005434
-0.023744
0.062317
0.137222
-3.354828
-0.027800
0.066832
-0.997377
0.884397
---
0.979370
-0.028281
-0.020940
0.198986
-0.003394
0.010994
-0.033656
0.154397
0.052465
-3.054216
-0.029761
0.063729
-0.997523
0.901520
---
0.984300
-0.026900
-0.020922
0.173183
-0.005501
0.007469
-0.033810
0.112932
0.087644
-3.287700
-0.031869
0.060203
-0.997677
0.917635
---
0.989136
-0.026131
-0.018999
0.143411
-0.051575
-0.015120
-0.016467
0.099685
0.386877
-4.259626
-0.030091
0.057145
-0.997912
0.934759
---
0.994283
-0.025087
-0.016059
0.102538
-0.045344
-0.022015
-0.002132
0.061472
0.399052
-3.965176
-0.026789
0.053181
-0.998226
0.951880
---
0.997401
-0.024259
-0.013827
0.066426
-0.042914
-0.024966
-0.002347
0.043745
0.227116
-4.037359
-0.024360
0.050229
-0.998441
0.969001
---
0.999106
-0.023617
-0.012879
0.032613
-0.002711
-0.004701
-0.030779
0.009936
0.244073
-5.017419
-0.024195
0.048034
-0.998553
0.986126
---
0.999614
-0.023725
-0.012509
-0.007227
0.008829
-0.019153
-0.039577
-0.154764
0.104333
-4.932802
-0.025351
0.047253
-0.998561
1.003246
---
0.997481
-0.024491
-0.012654
-0.065352
0.005738
-0.019200
-0.039496
-0.128634
0.153518
-5.864818
-0.028441
0.047207
-0.998480
1.020369
---
0.992959
-0.024404
-0.012175
-0.115273
-0.002460
-0.025632
-0.015114
-0.044135
0.253427
-6.645256
-0.029804
0.045657
-0.998513
1.037495
---
0.985551
-0.024302
-0.011665
-0.167222
0.018685
-0.024358
0.026844
-0.110336
0.195114
-6.415024
-0.031120
0.044001
-0.998547
1.053606
---
0.974482
-0.024197
-0.011036
-0.222884
0.017511
-0.026120
0.026805
-0.228834
0.040638
-7.168468
-0.032294
0.042240
-0.998585
1.070729
---
0.956599
-0.025007
-0.011343
-0.290112
0.056560
-0.015379
-0.011187
-0.179477
0.118336
-7.302257
-0.036214
0.041261
-0.998492
1.087850
---
0.938197
-0.024193
-0.010652
-0.345090
0.059017
-0.052779
-0.008368
0.053079
0.380945
-7.336493
-0.036686
0.038041
-0.998603
1.104975
---
0.916858
-0.022450
-0.009542
-0.398468
0.060316
-0.057255
-0.008575
0.010070
0.276028
-7.052727
-0.035387
0.033565
-0.998810
1.122100
---
0.893122
-0.020826
-0.008566
-0.449250
0.074383
-0.058387
0.025428
0.080178
0.430148
-7.123865
-0.034015
0.029504
-0.998986
1.139219
---
0.859603
-0.018065
-0.006585
-0.510600
0.078628
-0.057700
0.023200
0.043456
0.453938
-6.969561
-0.029771
0.024331
-0.999261
1.156338
---
0.830408
-0.015685
-0.004667
-0.556915
0.083172
-0.061181
0.022997
0.020878
0.422578
-6.711133
-0.025226
0.020850
-0.999464
1.173459
---
0.799253
-0.013280
-0.002592
-0.600842
0.106837
-0.071738
0.020874
-0.003444
0.433746
-6.629873
-0.020116
0.018106
-0.999634
1.189577
---
0.766461
-0.011449
-0.000743
-0.642188
0.125740
-0.069354
0.004170
-0.038131
0.413924
-6.589629
-0.015862
0.016584
-0.999737
1.206697
---
0.725786
-0.010151
0.001376
-0.687844
0.101310
-0.063456
0.001186
-0.107568
0.235824
-6.242115
-0.011971
0.016623
-0.999790
1.223823
---
0.690076
-0.009360
0.003093
-0.723670
0.104005
-0.062683
0.001171
-0.118215
0.238507
-6.177090
-0.009276
0.017395
-0.999806
1.240942
---
0.654531
-0.008658
0.006199
-0.755960
0.079008
-0.096477
0.038313
-0.257758
0.388572
-5.970137
-0.004976
0.020711
-0.999773
1.258064
---
0.618392
-0.007987
0.009126
-0.785776
0.082721
-0.084175
0.028614
-0.207413
0.331090
-5.728885
-0.001264
0.024223
-0.999706
1.275185
---
0.571651
-0.006973
0.012560
-0.820371
0.086902
-0.079816
0.028733
-0.217348
0.356488
-5.718340
0.002918
0.028582
-0.999587
1.292309
---
0.532278
-0.006341
0.014249
-0.846426
0.113808
-0.048229
0.022947
-0.140064
0.286438
-5.911612
0.004433
0.030873
-0.999514
1.309430
---
0.492498
-0.006082
0.015964
-0.870146
0.112561
-0.062909
0.015232
-0.179379
0.205067
-5.634000
0.005139
0.033771
-0.999416
1.326552
---
0.451782
-0.006194
0.017861
-0.891928
0.112511
-0.059221
0.015363
-0.192334
0.162586
-5.651178
0.005089
0.037459
-0.999285
1.342669
---
0.402757
-0.006891
0.019827
-0.915066
0.103944
-0.047028
0.001858
-0.248124
0.122147
-5.709117
0.003358
0.041839
-0.999119
1.359790
---
0.360389
-0.008100
0.021207
-0.932526
0.117366
-0.014180
-0.023383
-0.187922
0.004273
-5.638232
0.000178
0.045391
-0.998969
1.376909
---
0.317151
-0.009876
0.022079
-0.948067
0.112467
-0.011442
-0.023244
-0.140306
-0.100547
-5.605572
-0.004720
0.048129
-0.998830
1.394034
---
0.275871
-0.011092
0.021658
-0.960887
0.030673
-0.048937
0.011926
0.000162
-0.063679
-5.369295
-0.009366
0.047742
-0.998816
1.411156
---
0.226029
-0.012468
0.021187
-0.973810
-0.019589
-0.060521
-0.025159
-0.050296
0.026005
-4.954432
-0.014707
0.046901
-0.998791
1.428280
---
0.196263
-0.012912
0.021180
-0.980237
-0.021883
-0.060830
-0.025137
-0.089555
0.044608
-5.000044
-0.017000
0.046592
-0.998769
1.445399
---
0.146095
-0.014088
0.022362
-0.988917
0.011873
-0.033687
-0.020087
-0.242913
0.060836
-5.094283
-0.021330
0.048344
-0.998603
1.462521
---
0.059419
-0.017133
0.026850
-0.997725
0.027595
-0.041065
-0.032151
-0.158478
0.024163
-4.753248
-0.030998
0.055615
-0.997971
1.495759
---
0.021036
-0.018125
0.027123
-0.999246
0.037183
-0.098353
0.056816
-0.096526
-0.003337
-4.747071
-0.035083
0.054968
-0.997872
1.512880
---
0.017232
0.020333
-0.028497
0.999238
0.052132
-0.037502
0.022959
-0.306985
-0.198581
-4.731616
-0.041618
0.056248
-0.997549
1.530004
---
0.055989
0.023024
-0.030082
0.997712
0.044437
-0.036303
0.023378
-0.252843
-0.232999
-4.797647
-0.049313
0.057447
-0.997130
1.547125
---
0.104288
0.026958
-0.031014
0.993698
0.037611
-0.021134
0.009237
-0.139301
-0.273993
-4.792278
-0.060045
0.056014
-0.996623
1.564246
---
0.141069
0.029977
-0.031937
0.989030
0.025443
-0.072237
0.038017
-0.201433
-0.266371
-4.584310
-0.068307
0.054716
-0.996163
1.581370
---
0.176533
0.032189
-0.032351
0.983236
0.019030
-0.074701
0.038345
-0.050579
0.094525
-4.376725
-0.074720
0.052252
-0.995835
1.598490
---
0.212867
0.031799
-0.031619
0.976052
-0.060888
-0.077791
-0.022345
-0.091831
0.207737
-4.275285
-0.075536
0.048185
-0.995978
1.614610
---
0.250380
0.029738
-0.029591
0.967238
-0.078205
-0.065071
-0.011128
0.037420
0.453038
-4.253675
-0.072346
0.042351
-0.996480
1.631732
---
0.283182
0.029283
-0.028838
0.958185
0.045714
-0.066790
-0.000528
-0.183391
-0.139558
-4.175288
-0.072450
0.038679
-0.996622
1.648852
---
0.315170
0.031305
-0.029486
0.948060
0.040220
-0.069293
-0.000207
-0.150343
-0.239235
-4.137394
-0.077944
0.036176
-0.996301
1.665974
---
0.345159
0.033165
-0.031309
0.937435
0.010934
-0.108726
-0.054433
-0.320388
-0.267292
-3.887880
-0.083793
0.035805
-0.995840
1.683096
---
0.382601
0.035583
-0.032323
0.922662
-0.070864
-0.051566
-0.061785
0.068665
-0.081533
-4.060881
-0.090395
0.032419
-0.995378
1.700219
---
0.414852
0.036897
-0.030815
0.908618
-0.073086
-0.058600
-0.061784
0.018888
0.022260
-4.083000
-0.092617
0.025384
-0.995378
1.717344
---
0.442048
0.035653
-0.030903
0.895750
-0.044318
-0.079675
-0.016056
-0.262626
0.203093
-3.988525
-0.091193
0.023841
-0.995548
1.734463
---
0.469798
0.033534
-0.030771
0.881600
-0.061674
-0.126667
0.015862
-0.298072
0.353382
-3.752016
-0.088041
0.022747
-0.995857
1.750577
---
0.496647
0.031039
-0.029966
0.866880
-0.057213
-0.128290
0.015442
-0.162526
0.366635
-3.798900
-0.083580
0.021124
-0.996277
1.767698
---
0.528971
0.029562
-0.027809
0.847669
-0.038522
-0.080809
0.028685
-0.126785
0.326128
-3.938438
-0.079538
0.015871
-0.996706
1.784821
---
0.555762
0.028173
-0.026559
0.830440
-0.074360
-0.064352
-0.057549
-0.045780
0.179473
-3.935203
-0.076313
0.012796
-0.997002
1.801945
---
0.580679
0.028041
-0.025695
0.813244
-0.073497
-0.067920
-0.057654
-0.077655
0.055858
-3.733434
-0.075450
0.009228
-0.997107
1.820348
---
0.604634
0.019590
-0.023194
0.795925
-0.201809
-0.184034
0.021375
-0.450124
0.979610
-3.477815
-0.059231
0.013231
-0.998157
1.836462
---
0.630689
0.015557
-0.017992
0.775671
-0.271440
-0.248548
0.197421
0.419012
0.519926
-3.354435
-0.046831
0.008288
-0.998869
1.852821
---
0.652160
0.014713
-0.010664
0.757863
-0.260821
-0.259862
0.196949
0.524882
0.644107
-3.462459
-0.036212
-0.003026
-0.999340
1.869945
---
0.670221
0.013524
-0.003703
0.742029
-0.299445
-0.114198
0.148831
0.521286
0.737573
-2.985440
-0.025031
-0.012636
-0.999607
1.887675
---
0.691096
0.004660
0.008366
0.722700
-0.303766
-0.109357
-0.026184
0.157938
1.524082
-2.755629
0.004827
-0.018536
-0.999817
1.903794
---
0.706024
-0.002813
0.015820
0.708006
-0.282268
-0.109249
-0.025851
-0.177143
0.869607
-2.339851
0.026326
-0.018428
-0.999484
1.920913
---
0.718125
-0.008581
0.018506
0.695615
-0.149958
-0.159907
-0.069480
-0.278929
0.625621
-2.095574
0.038518
-0.013423
-0.999168
1.938035
---
0.733204
-0.011506
0.020401
0.679605
-0.111670
-0.055779
-0.013551
0.028265
0.218728
-2.174320
0.045557
-0.010857
-0.998903
1.955768
---
0.745144
-0.010887
0.021074
0.666482
-0.111307
-0.056786
-0.013523
0.285968
-0.185994
-2.194530
0.045919
-0.011864
-0.998875
1.971884
---
0.756520
-0.007775
0.021076
0.653585
-0.156188
-0.023599
0.060580
0.340077
-0.291469
-1.936226
0.042054
-0.015786
-0.998991
1.989708
---
0.766439
-0.005282
0.021552
0.641933
-0.268772
-0.066444
0.065438
0.269905
-0.173669
-1.605522
0.039822
-0.019569
-0.999015
2.005825
---
0.774885
-0.002917
0.021725
0.631721
-0.263427
-0.094217
0.090805
0.244183
-0.122454
-1.392249
0.037354
-0.022928
-0.999039
2.023768
---
0.781705
-0.001392
0.023314
0.623211
-0.262588
-0.098163
0.090935
0.332945
0.118489
-1.359345
0.038194
-0.026874
-0.998909
2.039881
---
0.788729
0.000122
0.026115
0.614186
-0.184529
-0.020537
0.146872
0.400411
0.217319
-1.359257
0.041057
-0.032256
-0.998636
2.057800
---
0.796273
-0.000000
0.032459
0.604065
-0.173695
-0.027234
0.147615
0.465529
0.765708
-1.435526
0.051891
-0.038953
-0.997893
2.073915
---
0.801454
-0.000810
0.037835
0.596858
-0.184467
0.031347
0.015560
0.373989
0.537922
-1.141449
0.061627
-0.043848
-0.997136
2.090944
---
0.807239
-0.000000
0.042781
0.588672
-0.157321
0.022135
-0.014894
0.424335
0.285450
-0.959411
0.069241
-0.050131
-0.996340
2.108067
---
0.811634
0.003995
0.044714
0.582439
0.019102
0.046900
0.040163
0.730725
-0.501069
-0.897542
0.067931
-0.058569
-0.995969
2.125191
---
0.816337
0.010418
0.045972
0.575649
0.014235
0.035532
0.040577
0.776451
-0.284270
-1.058233
0.063063
-0.069937
-0.995556
2.142312
---
0.822652
0.023121
0.045233
0.566271
0.171284
0.151942
-0.009487
1.140387
-0.906951
-1.344526
0.048237
-0.089269
-0.994839
2.159431
---
0.830359
0.031806
0.044253
0.554558
0.161263
0.139308
-0.008708
0.483730
-0.568013
-1.480040
0.038216
-0.101903
-0.994060
2.176555
---
0.836871
0.036511
0.042058
0.544560
0.148795
0.177264
-0.206687
0.273306
-0.561084
-1.434613
0.030631
-0.106916
-0.993796
2.192671
---
0.842758
0.040104
0.039156
0.535367
0.035752
0.105322
-0.254459
0.202284
-0.696502
-1.391951
0.023057
-0.109521
-0.993717
2.209700
---
0.848830
0.044314
0.035459
0.525611
0.084903
0.066205
-0.160550
0.165115
-0.711982
-1.354272
0.013614
-0.112506
-0.993558
2.226763
---
0.856822
0.047145
0.031098
0.512510
0.076255
0.066046
-0.160613
0.011218
-0.593318
-1.705183
0.004966
-0.112665
-0.993621
2.243793
---
0.864171
0.049166
0.028738
0.499965
0.075701
0.130428
-0.214217
0.140962
-0.436985
-1.839137
0.000506
-0.113712
-0.993514
2.260793
---
0.871363
0.050903
0.029006
0.487128
-0.019552
-0.001736
-0.047822
0.240624
-0.101662
-1.822559
0.000956
-0.116970
-0.993135
2.277914
---
0.878653
0.052996
0.030231
0.473547
-0.017575
-0.006528
-0.047243
0.294103
-0.103078
-1.839339
0.002933
-0.121762
-0.992555
2.295372
---
0.886740
0.052933
0.030593
0.458208
-0.138783
-0.019372
-0.099946
-0.123274
-0.163322
-1.692426
0.005749
-0.121911
-0.992524
2.312799
---
0.893976
0.049240
0.029521
0.444422
-0.362079
0.063456
-0.255127
-0.584615
0.036045
-1.846396
0.009015
-0.114279
-0.993408
2.329648
---
0.899852
0.044175
0.030291
0.432893
-0.354826
0.072006
-0.255981
-0.334038
1.090175
-1.635468
0.016268
-0.105728
-0.994262
2.345672
---
0.904933
0.038518
0.038533
0.422051
-0.320195
0.071591
-0.082930
-0.078971
1.161492
-1.531553
0.037227
-0.102237
-0.994063
2.362823
---
0.910747
0.037485
0.043150
0.408990
-0.112220
0.039002
-0.047177
0.194436
-0.050501
-1.627614
0.047936
-0.103576
-0.993466
2.380800
---
0.916835
0.039010
0.040429
0.395294
-0.116863
0.039084
-0.047398
0.092756
-1.056146
-1.806556
0.043294
-0.103494
-0.993687
2.397527
---
0.923218
0.041285
0.032088
0.380701
0.038558
0.219649
-0.266016
-0.194566
-1.310223
-2.097232
0.027816
-0.100663
-0.994532
2.413795
---
0.930091
0.041527
0.022918
0.364253
-0.116527
0.215627
-0.193743
-0.421287
-1.076738
-2.175401
0.012379
-0.093943
-0.995501
2.430915
---
0.938824
0.041746
0.014352
0.341557
-0.165629
0.190130
0.010733
-0.234803
-0.720970
-2.407058
-0.001567
-0.088190
-0.996103
2.448800
---
0.945996
0.042684
0.009998
0.321201
-0.172566
0.191140
0.010680
-0.020498
-0.602430
-2.759358
-0.008504
-0.087181
-0.996156
2.464824
---
0.952960
0.048636
0.006163
0.299106
0.021714
0.157524
-0.052810
0.517852
-0.945937
-3.198965
-0.017349
-0.096382
-0.995193
2.481857
---
0.961101
0.052803
0.000173
0.271104
0.048714
0.068369
-0.197549
-0.155758
-0.942294
-3.379745
-0.028434
-0.101553
-0.994424
2.499010
---
0.967929
0.053337
-0.004163
0.245463
0.042909
0.068711
-0.197401
-0.072051
-0.613029
-3.547620
-0.034240
-0.101211
-0.994276
2.516069
---
0.976159
0.053570
-0.003519
0.210314
-0.346792
-0.080645
0.077053
0.112603
0.138060
-3.625950
-0.029409
-0.103106
-0.994236
2.533864
---
0.981546
0.053798
0.003731
0.183465
-0.385460
-0.085496
-0.022504
0.098693
1.247427
-3.448906
-0.012413
-0.106981
-0.994184
2.550283
---
0.986275
0.052530
0.016078
0.155704
-0.357692
-0.087141
-0.022284
0.063823
1.314872
-3.468659
0.015355
-0.108626
-0.993964
2.567405
---
0.990520
0.054370
0.020494
0.124473
-0.210239
-0.012226
-0.279381
0.228207
0.121107
-3.302787
0.027066
-0.112812
-0.993248
2.584801
---
0.993419
0.054482
0.022164
0.098283
-0.225460
-0.032527
-0.344643
0.033951
-0.059903
-3.347894
0.033329
-0.112605
-0.993081
2.600917
---
0.995720
0.052603
0.023263
0.072348
-0.220073
-0.028045
-0.344946
-0.247779
0.016799
-3.102683
0.038716
-0.108123
-0.993383
2.618195
---
0.997478
0.049980
0.024779
0.043883
-0.419796
-0.007157
-0.211549
-0.230493
0.024936
-2.795458
0.045048
-0.101883
-0.993776
2.635864
---
0.998065
0.047288
0.033508
0.022520
-0.451846
0.010544
-0.111446
-0.225525
1.275973
-2.629702
0.064755
-0.095902
-0.993282
2.652102
---
0.997964
0.045344
0.044778
0.002466
-0.427450
0.015720
-0.110042
-0.116695
1.300667
-2.476003
0.089152
-0.090725
-0.991878
2.669222
---
0.997808
0.042677
0.047693
-0.016829
-0.364325
-0.005437
0.017958
-0.158591
0.223333
-2.433114
0.096613
-0.083562
-0.991808
2.686345
---
0.997266
0.040949
0.049819
-0.036093
-0.286351
0.023484
0.041521
-0.058060
0.114313
-2.438889
0.102321
-0.078078
-0.991682
2.703466
---
0.996361
0.040118
0.050932
-0.055331
-0.282738
0.027256
0.041610
0.049281
0.013417
-2.357628
0.105934
-0.074307
-0.991593
2.719916
---
0.994813
0.040240
0.052229
-0.077463
-0.341023
0.032520
0.058499
0.135118
0.084221
-2.233762
0.110149
-0.071972
-0.991306
2.737038
---
0.993170
0.041395
0.053862
-0.094863
-0.402735
0.025650
0.033644
0.301031
0.159836
-2.027642
0.114843
-0.072006
-0.990771
2.754557
---
0.991273
0.043809
0.055766
-0.111126
-0.397282
0.023195
0.034472
0.416471
0.218913
-1.802217
0.120296
-0.074461
-0.989942
2.770674
---
0.989611
0.045912
0.058066
-0.123246
-0.456764
0.015239
-0.001736
0.346101
0.332332
-1.699540
0.126244
-0.076558
-0.989041
2.787703
---
0.987147
0.048243
0.062314
-0.139033
-0.421177
0.012901
-0.024689
0.249220
0.438659
-1.545393
0.136440
-0.077920
-0.987579
2.804826
---
0.985158
0.049680
0.065832
-0.150540
-0.412949
0.012756
-0.023505
0.165104
0.356903
-1.446565
0.144668
-0.078064
-0.986396
2.821890
---
0.983194
0.050544
0.068654
-0.161435
-0.343797
-0.007887
-0.016714
0.133465
0.277114
-1.312386
0.151320
-0.077223
-0.985464
2.839037
---
0.980882
0.051216
0.071702
-0.173510
-0.325939
-0.005280
-0.002050
0.116820
0.298699
-1.206024
0.158436
-0.075592
-0.984471
2.855796
---
0.978939
0.051985
0.074931
-0.182649
-0.318680
-0.004096
-0.000944
0.114278
0.412564
-1.144414
0.165695
-0.074408
-0.983366
2.872918
---
0.976823
0.053212
0.079047
-0.191671
-0.290993
0.002516
0.064058
0.172411
0.475126
-1.087206
0.174828
-0.073656
-0.981840
2.890711
---
0.974998
0.054469
0.082042
-0.199199
-0.279256
-0.024701
0.057481
0.191985
0.348419
-1.003528
0.181681
-0.073529
-0.980605
2.906826
---
0.972637
0.055871
0.084471
-0.209092
-0.240050
-0.022579
0.033209
0.170320
0.163490
-0.976969
0.187685
-0.073360
-0.979486
2.924406
---
0.970728
0.057063
0.086001
-0.216875
-0.236016
-0.022700
0.034000
0.223035
0.204677
-0.978452
0.191719
-0.073481
-0.978695
2.941526
---
0.968918
0.058613
0.087469
-0.223856
-0.217343
-0.006063
0.092485
0.279288
0.207594
-0.913969
0.195743
-0.074422
-0.977827
2.957584
---
0.966985
0.060979
0.088929
-0.230895
-0.251027
-0.017295
0.083800
0.350676
0.199062
-0.796542
0.200145
-0.076865
-0.976747
2.974734
---
0.964897
0.064393
0.090196
-0.238100
-0.246448
-0.021744
0.085110
0.386236
0.164353
-0.681789
0.204724
-0.081314
-0.975436
2.992651
---
0.963421
0.066944
0.090911
-0.243052
-0.208303
-0.035969
0.056743
0.365745
0.141017
-0.635652
0.207713
-0.084797
-0.974507
3.008765
---
0.961789
0.069563
0.091681
-0.248428
-0.156268
-0.049196
0.026489
0.322953
0.126003
-0.609211
0.210919
-0.088258
-0.973511
3.025796
---
0.960444
0.071594
0.092424
-0.252745
-0.153462
-0.051741
0.027336
0.300656
0.154203
-0.571199
0.213726
-0.090803
-0.972664
3.042949
---
0.958674
0.074182
0.093314
-0.258329
-0.120649
-0.052028
0.011819
0.290754
0.133474
-0.560838
0.217242
-0.094021
-0.971579
3.060803
---
0.957229
0.076063
0.094043
-0.262836
-0.070013
-0.021964
0.018517
0.256965
0.099454
-0.574053
0.220026
-0.096183
-0.970741
3.076919
---
0.955778
0.077881
0.094311
-0.267447
-0.068100
-0.024209
0.019178
0.282941
0.039916
-0.575736
0.221939
-0.098427
-0.970080
3.094436
---
0.953855
0.079228
0.095750
-0.273340
-0.031836
-0.039229
0.004523
0.159912
0.143923
-0.641608
0.225976
-0.098799
-0.969110
3.111804
---
0.952282
0.080340
0.096855
-0.278072
-0.041362
-0.040553
-0.008368
0.164835
0.124997
-0.587509
0.229146
-0.099147
-0.968329
3.128803
---
0.950829
0.081419
0.097474
-0.282478
-0.039149
-0.041168
-0.007779
0.171609
0.057724
-0.546319
0.231359
-0.099762
-0.967740
3.144917
---
0.949387
0.082579
0.098106
-0.286741
-0.065190
-0.036084
-0.024729
0.174893
0.115068
-0.550025
0.233638
-0.100537
-0.967112
3.162832
---
0.947496
0.084206
0.099503
-0.291992
-0.044493
-0.022360
-0.023634
0.183460
0.177854
-0.550128
0.237733
-0.101462
-0.966017
3.179804
---
0.945851
0.085727
0.101104
-0.296301
-0.040166
-0.023153
-0.022475
0.189754
0.227228
-0.537159
0.242060
-0.102255
-0.964858
3.196438
---
0.944252
0.087154
0.102762
-0.300388
-0.043613
-0.021798
-0.027165
0.164166
0.198584
-0.548826
0.246426
-0.102853
-0.963688
3.213556
---
0.942727
0.088361
0.103701
-0.304472
-0.023129
-0.021421
-0.047838
0.193299
0.084405
-0.560290
0.249332
-0.103453
-0.962877
3.229979
---
0.940886
0.089248
0.103673
-0.309870
-0.022061
-0.021662
-0.047534
0.141645
-0.036601
-0.558936
0.250400
-0.103693
-0.962574
3.247773
---
0.939479
0.089752
0.103202
-0.314124
-0.032904
-0.016889
-0.080752
0.158021
-0.049797
-0.527770
0.250299
-0.103803
-0.962588
3.263886
---
0.937968
0.091066
0.103373
-0.318177
-0.069419
-0.025951
-0.027472
0.244064
0.110128
-0.501220
0.251871
-0.105052
-0.962042
3.281009
---
0.936325
0.093082
0.104447
-0.322060
-0.056952
-0.019143
-0.019447
0.259442
0.207587
-0.499128
0.255548
-0.107033
-0.960853
3.298437
---
0.934336
0.095216
0.106391
-0.326543
-0.051505
-0.020554
-0.017824
0.167849
0.247372
-0.489345
0.260995
-0.108444
-0.959230
3.315834
---
0.933269
0.096304
0.106946
-0.329084
-0.039731
-0.025383
-0.088459
0.188916
0.110984
-0.432181
0.263004
-0.109368
-0.958576
3.331948
---
0.931701
0.097482
0.107554
-0.332960
-0.057910
-0.026042
-0.083835
0.118204
0.059629
-0.398279
0.265333
-0.110027
-0.957858
3.348979
---
0.930504
0.098015
0.107910
-0.336022
-0.056550
-0.025903
-0.083474
0.092400
0.025100
-0.405677
0.266692
-0.109887
-0.957497
3.366833
---
0.929076
0.098357
0.107359
-0.340025
-0.035380
-0.011120
-0.071858
0.111076
-0.117916
-0.420508
0.266378
-0.109753
-0.957600
3.383834
---
0.928062
0.098320
0.106548
-0.343048
-0.029699
-0.023454
-0.048782
0.085966
-0.138368
-0.443525
0.265223
-0.109391
-0.957962
3.399948
---
0.926656
0.098200
0.106007
-0.347027
-0.030302
-0.022484
-0.049059
0.072649
-0.050387
-0.464482
0.264620
-0.108421
-0.958238
3.416981
---
0.925137
0.098511
0.106862
-0.350709
-0.044701
-0.006732
-0.008533
0.068620
0.079374
-0.409146
0.266822
-0.107318
-0.957752
3.434134
---
0.923853
0.099057
0.107600
-0.353703
-0.102208
-0.026833
-0.000189
0.086845
0.090025
-0.341297
0.268885
-0.106911
-0.957220
3.451804
---
0.923035
0.099601
0.108128
-0.355519
-0.100662
-0.026909
0.000255
0.105452
0.108288
-0.322679
0.270431
-0.106987
-0.956776
3.467917
---
0.921642
0.100835
0.109567
-0.358336
-0.072452
-0.028242
0.013095
0.110689
0.190340
-0.307000
0.274227
-0.107344
-0.955655
3.484951
---
0.920498
0.101817
0.110896
-0.360581
-0.018312
-0.020556
-0.021077
0.071461
0.151541
-0.308281
0.277587
-0.107470
-0.954671
3.502102
---
0.919177
0.102321
0.112168
-0.363404
-0.015325
-0.019664
-0.020303
0.020170
0.052310
-0.339049
0.280573
-0.106578
-0.953897
3.519774
---
0.918099
0.102139
0.112666
-0.366017
0.022857
-0.014253
-0.036756
0.004543
-0.006955
-0.357961
0.281646
-0.105074
-0.953748
3.535890
---
0.917090
0.101823
0.112776
-0.368591
-0.014961
-0.023547
-0.016327
0.016033
-0.024120
-0.345651
0.281914
-0.103625
-0.953827
3.552951
---
0.916062
0.101757
0.112942
-0.371106
-0.014425
-0.022527
-0.016279
0.053067
0.037937
-0.325417
0.282450
-0.102605
-0.953779
3.570101
---
0.914996
0.102115
0.113398
-0.373492
-0.038469
-0.011342
0.011417
0.079055
0.060086
-0.340315
0.283796
-0.102162
-0.953427
3.587713
---
0.913570
0.102818
0.114033
-0.376583
-0.032565
-0.024828
-0.003631
0.086024
0.065655
-0.322395
0.285794
-0.101976
-0.952850
3.603829
---
0.912450
0.103507
0.114772
-0.378879
-0.030479
-0.024772
-0.003009
0.106592
0.146393
-0.307074
0.287880
-0.101921
-0.952228
3.621804
---
0.911269
0.104637
0.116121
-0.380994
-0.046524
-0.013354
-0.006798
0.114970
0.234078
-0.287813
0.291367
-0.102221
-0.951134
3.637919
---
0.909741
0.106901
0.118942
-0.383141
-0.060069
0.001132
-0.016233
0.124376
0.387940
-0.241383
0.298329
-0.103360
-0.948850
3.655805
---
0.908928
0.108260
0.121196
-0.383980
-0.054942
0.000764
-0.014565
0.067992
0.503845
-0.199132
0.303456
-0.103728
-0.947183
3.671918
---
0.907560
0.110577
0.126140
-0.384963
-0.084343
-0.032302
-0.032590
0.020506
0.547957
-0.146505
0.314095
-0.103591
-0.943723
3.689531
---
0.906840
0.111619
0.129185
-0.385348
-0.043933
-0.027685
-0.021783
-0.035561
0.500613
-0.142421
0.320325
-0.102880
-0.941705
3.705645
---
0.905833
0.112637
0.133452
-0.385966
-0.035539
-0.025849
-0.019085
-0.077308
0.324737
-0.121523
0.328719
-0.101044
-0.939007
3.722676
---
0.905218
0.112734
0.135421
-0.386694
0.001303
-0.024169
-0.023842
-0.055318
0.160887
-0.148819
0.332358
-0.099365
-0.937904
3.739827
---
0.904573
0.112104
0.136037
-0.388168
0.026501
-0.024937
-0.015002
-0.035937
-0.036113
-0.196417
0.333141
-0.097203
-0.937853
3.756891
---
0.903997
0.111489
0.135553
-0.389853
0.051734
-0.002130
0.023523
0.013803
-0.133760
-0.220221
0.332007
-0.095880
-0.938391
3.774043
---
0.903246
0.111096
0.134743
-0.391982
0.050234
-0.001310
0.022910
0.059706
-0.105761
-0.277294
0.330507
-0.095060
-0.939004
3.791225
---
0.902180
0.111454
0.133584
-0.394721
0.038005
-0.001897
0.032213
0.152375
-0.111087
-0.276479
0.329020
-0.095647
-0.939466
3.808344
---
0.901352
0.112031
0.132708
-0.396739
-0.013669
-0.013650
0.001731
0.160903
-0.047144
-0.250565
0.328128
-0.096658
-0.939675
3.825379
---
0.900583
0.112424
0.132286
-0.398511
-0.013923
-0.014053
0.001684
0.101635
-0.044694
-0.243612
0.327874
-0.097060
-0.939722
3.842529
---
0.899659
0.112685
0.132183
-0.400554
-0.000989
-0.006042
-0.041222
0.076555
0.011209
-0.244053
0.328113
-0.096863
-0.939659
3.858586
---
0.898594
0.112975
0.132265
-0.402828
-0.001354
-0.007609
-0.026399
0.049279
0.012077
-0.242986
0.328724
-0.096477
-0.939485
3.875736
---
0.897776
0.113147
0.132429
-0.404546
-0.000748
-0.007147
-0.026234
0.062534
0.004639
-0.239029
0.329330
-0.096014
-0.939320
3.892738
---
0.896942
0.113649
0.132396
-0.406265
-0.010975
-0.000594
-0.025048
0.106382
-0.003812
-0.209105
0.329845
-0.096297
-0.939111
3.909861
---
0.896148
0.113970
0.132195
-0.407988
-0.018704
-0.011440
-0.036727
0.078173
-0.016568
-0.236666
0.329929
-0.096401
-0.939071
3.927684
---
0.895041
0.114140
0.132133
-0.410384
-0.018421
-0.010908
-0.036682
0.073597
-0.001473
-0.267700
0.330212
-0.095869
-0.939026
3.943802
---
0.894151
0.114479
0.132024
-0.412259
-0.005448
0.000813
-0.026819
0.101426
-0.004172
-0.236298
0.330489
-0.095867
-0.938928
3.961805
---
0.893333
0.115067
0.132055
-0.413857
-0.055539
-0.016204
-0.004072
0.097206
0.052990
-0.201203
0.331180
-0.096282
-0.938642
3.977864
---
0.892497
0.115715
0.132563
-0.415314
-0.053979
-0.016363
-0.003504
0.069013
0.112711
-0.190718
0.332740
-0.096441
-0.938074
3.995592
---
0.891677
0.116429
0.133483
-0.416579
-0.054598
-0.017321
-0.011472
0.060165
0.137768
-0.176567
0.335051
-0.096422
-0.937253
4.011708
---
0.890821
0.117244
0.134622
-0.417814
-0.035227
0.000287
-0.028059
0.053014
0.122135
-0.134985
0.337820
-0.096393
-0.936262
4.029042
---
0.890196
0.117770
0.135428
-0.418736
-0.033302
0.000420
-0.027376
0.034455
0.109325
-0.141138
0.339744
-0.096259
-0.935579
4.046079
---
0.889560
0.118132
0.136064
-0.419780
-0.010310
0.006601
-0.027837
0.038501
0.075758
-0.148591
0.341252
-0.095938
-0.935063
4.063224
---
0.888798
0.118703
0.136428
-0.421111
-0.007121
-0.001376
0.002906
0.082910
0.043778
-0.142186
0.342489
-0.096102
-0.934594
4.080348
---
0.888159
0.119428
0.136414
-0.422258
-0.006436
-0.002213
0.003244
0.098106
0.016645
-0.135082
0.343173
-0.096939
-0.934256
4.097467
---
0.887688
0.119929
0.136342
-0.423129
-0.008990
-0.002811
0.011257
0.095472
0.012397
-0.130768
0.343549
-0.097538
-0.934056
4.113583
---
0.887139
0.120313
0.136184
-0.424220
-0.007855
-0.014916
-0.026731
0.052925
-0.001516
-0.128881
0.343707
-0.097924
-0.933957
4.130674
---
0.886565
0.120408
0.136067
-0.425430
-0.011753
-0.006904
-0.022842
0.041459
-0.007530
-0.136358
0.343715
-0.097725
-0.933975
4.147769
---
0.886067
0.120590
0.135836
-0.426488
-0.011888
-0.007017
-0.022880
0.058096
-0.018273
-0.131557
0.343581
-0.097837
-0.934013
4.164828
---
0.885583
0.120728
0.135875
-0.427440
-0.014532
-0.013688
-0.022792
0.013767
0.005173
-0.124163
0.343866
-0.097672
-0.933925
4.182377
---
0.884974
0.120878
0.136168
-0.428564
-0.011827
0.011164
-0.021584
0.041008
0.048936
-0.144504
0.344619
-0.097234
-0.933694
4.199500
---
0.884411
0.121197
0.136455
-0.429544
-0.010962
0.011250
-0.021273
0.063398
0.049192
-0.164595
0.345483
-0.097149
-0.933383
4.215646
---
0.883606
0.121636
0.136257
-0.431137
-0.001978
0.008002
-0.014332
0.068172
-0.042868
-0.136548
0.345678
-0.097466
-0.933277
4.233501
---
0.883244
0.121568
0.135580
-0.432110
-0.007978
-0.018476
-0.031335
0.047393
-0.124111
-0.127105
0.344561
-0.097577
-0.933679
4.249526
---
0.882920
0.121032
0.134486
-0.433263
-0.010182
-0.018086
-0.032186
0.014061
-0.148802
-0.123253
0.342357
-0.097187
-0.934530
4.266676
---
0.882554
0.120221
0.133864
-0.434426
-0.019614
-0.016793
-0.022169
-0.041214
-0.064967
-0.138177
0.340738
-0.095894
-0.935255
4.284805
---
0.882137
0.119651
0.133888
-0.435422
-0.013102
0.000225
0.001985
-0.034465
-0.012686
-0.145288
0.340413
-0.094501
-0.935515
4.300921
---
0.881572
0.119575
0.134189
-0.436493
-0.012534
0.001044
0.002109
0.017567
0.033424
-0.148668
0.340981
-0.093683
-0.935391
4.317953
---
0.881023
0.119794
0.134266
-0.437516
-0.019922
-0.000822
0.024716
0.051864
0.007577
-0.118464
0.341406
-0.093595
-0.935244
4.335104
---
0.880555
0.120158
0.134042
-0.438427
-0.015997
0.000650
0.015983
0.070602
-0.024070
-0.101650
0.341425
-0.094076
-0.935189
4.353202
---
0.880156
0.120444
0.133595
-0.439284
-0.016435
0.000080
0.015881
0.070386
-0.053609
-0.094265
0.340987
-0.094647
-0.935291
4.369318
---
0.879811
0.120435
0.133086
-0.440132
0.003281
-0.001019
-0.012716
0.042883
-0.069321
-0.116244
0.340195
-0.094769
-0.935567
4.387142
---
0.879478
0.120250
0.132650
-0.440978
0.003444
-0.006632
-0.023778
0.016563
-0.040313
-0.100065
0.339382
-0.094523
-0.935888
4.403256
---
0.879100
0.120121
0.132536
-0.441802
0.003226
-0.006196
-0.023901
0.012291
-0.006143
-0.090432
0.339164
-0.094087
-0.936011
4.420806
---
0.878727
0.120236
0.132483
-0.442527
0.001357
0.009461
-0.001413
0.043160
-0.011262
-0.084624
0.339248
-0.094055
-0.935983
4.436921
---
0.878403
0.120513
0.132002
-0.443238
0.004749
0.007837
0.001396
0.093662
-0.056636
-0.094895
0.338733
-0.094702
-0.936104
4.453953
---
0.878044
0.120852
0.131258
-0.444078
0.003851
0.006890
0.001168
0.085356
-0.072279
-0.095180
0.337836
-0.095649
-0.936332
4.471104
---
0.877551
0.121097
0.130585
-0.445182
0.021581
0.005294
-0.010785
0.065709
-0.050788
-0.115448
0.337011
-0.096269
-0.936566
4.489693
---
0.877171
0.121094
0.130126
-0.446066
0.000381
-0.006507
-0.029580
0.037125
-0.068776
-0.112486
0.336318
-0.096351
-0.936807
4.504799
---
0.876902
0.120905
0.129709
-0.446766
-0.000421
-0.006301
-0.029889
0.011315
-0.066009
-0.085671
0.335516
-0.096145
-0.937115
4.521831
---
0.876629
0.120726
0.129399
-0.447440
-0.000056
-0.008954
-0.023300
0.010607
-0.030049
-0.077729
0.334905
-0.095868
-0.937362
4.538981
---
0.876284
0.120845
0.129589
-0.448027
-0.000540
0.001010
-0.003613
0.011513
0.041437
-0.076548
0.335398
-0.095670
-0.937206
4.556776
---
0.875903
0.120976
0.129947
-0.448634
0.000253
0.001350
-0.003363
0.009533
0.039178
-0.091584
0.336191
-0.095329
-0.936957
4.572891
---
0.875419
0.121041
0.130352
-0.449443
0.023552
0.002904
-0.011910
0.011055
0.030323
-0.127170
0.337028
-0.094752
-0.936715
4.589923
---
0.875068
0.121058
0.130379
-0.450113
0.019779
-0.001725
-0.024583
0.025460
-0.027793
-0.081027
0.337162
-0.094498
-0.936692
4.607045
---
0.874737
0.120783
0.130060
-0.450923
0.017128
-0.014911
-0.020000
-0.010676
-0.047864
-0.100640
0.336464
-0.094012
-0.936992
4.624075
---
0.874306
0.120313
0.130044
-0.451888
0.016797
-0.013750
-0.020234
-0.025353
-0.027343
-0.140457
0.336133
-0.092851
-0.937227
4.641228
---
0.873931
0.119998
0.129866
-0.452747
0.032912
0.007463
-0.010713
0.003497
-0.054205
-0.129955
0.335646
-0.092146
-0.937471
4.658260
---
0.873339
0.119774
0.129444
-0.454068
0.011626
0.007955
0.005562
0.027783
-0.063677
-0.124780
0.334868
-0.091654
-0.937797
4.675409
---
0.872984
0.119470
0.128786
-0.455016
0.010336
0.008217
0.005077
0.016532
-0.123125
-0.111949
0.333578
-0.091392
-0.938282
4.693539
---
0.872663
0.119072
0.128251
-0.455887
-0.026968
-0.003969
-0.037380
-0.002436
-0.082539
-0.115929
0.332407
-0.090883
-0.938747
4.708649
---
0.872283
0.118618
0.128048
-0.456789
-0.012972
0.006725
-0.031841
-0.024065
-0.036613
-0.118732
0.331754
-0.089955
-0.939067
4.725677
---
0.871939
0.118367
0.128100
-0.457495
-0.013032
0.007472
-0.031933
-0.000435
-0.003799
-0.097813
0.331695
-0.089208
-0.939160
4.742714
---
0.871516
0.118563
0.128194
-0.458224
-0.030202
0.009458
0.007271
0.038691
0.023425
-0.070803
0.332103
-0.089175
-0.939018
4.759769
---
0.871252
0.118866
0.128281
-0.458622
-0.037558
-0.002545
0.001600
0.024942
0.019209
-0.043741
0.332560
-0.089459
-0.938830
4.776894
---
0.871044
0.118952
0.128461
-0.458944
-0.037142
-0.002398
0.001733
-0.001029
0.025766
-0.050344
0.332975
-0.089312
-0.938696
4.794349
---
0.870816
0.118899
0.128739
-0.459314
-0.019100
0.002006
-0.022563
-0.008807
0.025621
-0.050484
0.333439
-0.088815
-0.938579
4.811808
---
0.870679
0.118759
0.128838
-0.459581
-0.005356
-0.001465
-0.017696
-0.023139
-0.013855
-0.050965
0.333512
-0.088379
-0.938594
4.828593
---
0.870605
0.118350
0.128729
-0.459859
-0.005875
-0.000764
-0.017946
-0.032622
-0.039617
-0.027673
0.332992
-0.087678
-0.938845
4.844710
---
0.870568
0.117954
0.128592
-0.460068
-0.010343
-0.005021
-0.004532
-0.032446
-0.039450
-0.029087
0.332430
-0.087052
-0.939102
4.861832
---
0.870445
0.117726
0.128469
-0.460392
0.001972
0.010024
0.009946
0.005168
0.003576
-0.040228
0.332050
-0.086655
-0.939273
4.879782
---
0.870265
0.117879
0.128528
-0.460677
0.002237
0.009928
0.010049
0.039116
0.021533
-0.054372
0.332315
-0.086751
-0.939170
4.895891
---
0.870004
0.118192
0.128224
-0.461174
0.013766
0.007338
0.017853
0.054562
-0.021478
-0.045385
0.332125
-0.087388
-0.939178
4.913810
---
0.869932
0.118051
0.127785
-0.461469
-0.000748
-0.015190
-0.020524
-0.008860
-0.065268
-0.022999
0.331283
-0.087455
-0.939470
4.930594
---
0.869957
0.117660
0.127510
-0.461598
-0.001552
-0.014735
-0.020849
-0.035845
-0.066731
-0.018291
0.330479
-0.087001
-0.939795
4.946620
---
0.869825
0.117101
0.127642
-0.461953
0.014812
-0.006683
-0.033740
-0.046151
0.015452
-0.048127
0.330242
-0.085785
-0.939990
4.963768
---
0.869676
0.117020
0.127730
-0.462228
0.027613
0.011221
0.005330
0.009856
0.005485
-0.039317
0.330347
-0.085458
-0.939983
4.980801
---
0.869502
0.117093
0.127534
-0.462591
0.027379
0.011047
0.005264
0.031395
-0.033358
-0.043743
0.330114
-0.085633
-0.940049
4.998259
---
0.869317
0.116893
0.127090
-0.463112
0.033333
0.001394
-0.004822
0.005889
-0.068533
-0.061752
0.329231
-0.085520
-0.940369
5.015809
---
0.869165
0.116529
0.126585
-0.463626
0.034153
-0.001206
-0.030638
-0.001783
-0.088188
-0.071289
0.328099
-0.085190
-0.940794
5.032597
---
0.869056
0.115940
0.125939
-0.464154
0.006213
0.003284
-0.027332
-0.018269
-0.087946
-0.059348
0.326525
-0.084607
-0.941394
5.048801
---
0.868994
0.115399
0.125480
-0.464529
0.004983
0.003907
-0.027813
-0.031717
-0.085401
-0.040291
0.325295
-0.083984
-0.941876
5.065925
---
0.868746
0.114825
0.125320
-0.465177
0.016953
0.010834
-0.022298
-0.027516
-0.027093
-0.090633
0.324570
-0.082916
-0.942220
5.083779
---
0.868454
0.114640
0.125283
-0.465778
0.033383
0.022082
0.012755
0.003132
-0.028939
-0.090759
0.324399
-0.082411
-0.942324
5.100258
---
0.868097
0.114596
0.124831
-0.466575
0.032651
0.022018
0.012508
0.049277
-0.080295
-0.088640
0.323666
-0.082474
-0.942570
5.117322
---
0.867850
0.114406
0.123803
-0.467355
0.017134
0.014801
-0.000785
0.046557
-0.154396
-0.090155
0.321822
-0.082855
-0.943168
5.134472
---
0.867573
0.113973
0.122635
-0.468282
0.033399
0.017682
-0.019137
0.035610
-0.173731
-0.133566
0.319532
-0.082904
-0.943942
5.150497
---
0.867161
0.113374
0.121365
-0.469520
0.030816
0.017926
-0.020029
0.029924
-0.166634
-0.144752
0.316949
-0.082660
-0.944834
5.167649
---
0.866783
0.112555
0.119992
-0.470766
0.015160
0.009652
-0.021062
-0.005252
-0.162838
-0.101631
0.313988
-0.082145
-0.945867
5.185473
---
0.866560
0.111569
0.119335
-0.471578
-0.045372
-0.032959
-0.033537
-0.082836
-0.089830
-0.098130
0.312050
-0.080811
-0.946623
5.201587
---
0.866415
0.110668
0.119436
-0.472030
-0.045982
-0.031163
-0.033889
-0.104122
-0.009711
-0.074195
0.311440
-0.079015
-0.946975
5.218650
---
0.866213
0.110168
0.120060
-0.472359
-0.038513
-0.010053
0.005251
-0.074457
0.069131
-0.064458
0.312073
-0.077436
-0.946897
5.235801
---
0.865910
0.110289
0.121000
-0.472646
-0.023107
0.003458
0.046774
-0.004702
0.079413
-0.039618
0.313807
-0.076620
-0.946390
5.252954
---
0.865684
0.110787
0.121195
-0.472894
-0.022300
0.002890
0.047088
0.070413
0.014349
-0.023919
0.314614
-0.077188
-0.946076
5.270075
---
0.865437
0.111269
0.120519
-0.473406
-0.010265
-0.004264
0.021585
0.086232
-0.053642
-0.060019
0.313954
-0.078483
-0.946189
5.287686
---
0.865228
0.111619
0.119902
-0.473862
0.013464
0.023997
-0.001994
0.117521
-0.064897
-0.074647
0.313269
-0.079519
-0.946329
5.303801
---
0.864770
0.112381
0.119130
-0.474712
0.012933
0.022253
-0.002021
0.147176
-0.019900
-0.063403
0.312737
-0.081263
-0.946357
5.320954
---
0.864503
0.113151
0.118484
-0.475177
-0.005966
0.018525
-0.010770
0.108442
-0.039359
-0.024982
0.312393
-0.083038
-0.946317
5.338075
---
0.864337
0.113519
0.118135
-0.475478
-0.008144
0.001064
-0.077174
0.011095
0.001108
-0.024777
0.312169
-0.083897
-0.946315
5.355998
---
0.864245
0.113379
0.118478
-0.475593
-0.007681
0.001682
-0.077076
-0.050944
0.051548
-0.028542
0.312632
-0.083279
-0.946217
5.372107
---
0.864150
0.113213
0.119379
-0.475581
0.004436
0.010655
-0.064027
-0.041358
0.079611
0.008648
0.314006
-0.082119
-0.945863
5.389688
---
0.864162
0.113424
0.119701
-0.475428
0.004185
0.024231
-0.005184
0.019837
0.036712
0.027661
0.314732
-0.082215
-0.945613
5.405802
---
0.864155
0.113625
0.119488
-0.475446
0.042096
0.034428
-0.004218
0.053159
-0.062531
-0.009757
0.314557
-0.082759
-0.945624
5.423719
---
0.863986
0.113656
0.118404
-0.476016
0.040341
0.033517
-0.004720
0.063223
-0.105675
-0.066118
0.312802
-0.083670
-0.946126
5.439833
---
0.863728
0.113540
0.117496
-0.476736
0.043647
0.021363
-0.032545
0.044811
-0.121061
-0.073829
0.311225
-0.084106
-0.946607
5.456865
---
0.863557
0.113356
0.116902
-0.477236
-0.000449
0.000762
-0.040719
0.004910
-0.048750
-0.040083
0.310098
-0.084199
-0.946969
5.474018
---
0.863637
0.112992
0.116783
-0.477206
-0.000990
0.001251
-0.040939
-0.054056
0.014431
0.014731
0.309557
-0.083710
-0.947189
5.491959
---
0.863773
0.112687
0.117167
-0.476939
-0.037756
-0.019433
-0.041874
-0.068873
0.029888
0.040786
0.309901
-0.082910
-0.947147
5.508779
---
0.863988
0.112284
0.117661
-0.476521
0.006615
-0.008646
-0.020339
-0.096547
0.034282
0.039985
0.310326
-0.081888
-0.947096
5.524802
---
0.864094
0.111825
0.118366
-0.476263
0.007364
-0.007266
-0.020212
-0.093830
0.050284
0.007101
0.311075
-0.080508
-0.946969
5.541836
---
0.864111
0.110982
0.118641
-0.476360
0.048078
0.000333
-0.003855
-0.074852
-0.047726
-0.038974
0.310773
-0.078769
-0.947215
5.559780
---
0.864021
0.110156
0.118503
-0.476750
0.042234
-0.008026
0.003527
-0.071629
-0.086817
-0.058500
0.309812
-0.077362
-0.947645
5.575894
---
0.863886
0.109247
0.118306
-0.477252
0.041104
-0.006496
0.003034
-0.077498
-0.070418
-0.072698
0.308682
-0.075832
-0.948138
5.593720
---
0.863751
0.108502
0.118186
-0.477696
0.026579
-0.004212
0.006560
-0.069006
-0.062095
-0.062731
0.307829
-0.074524
-0.948519
5.609745
---
0.863642
0.107789
0.118076
-0.478081
0.000375
-0.010783
0.013035
-0.052911
-0.049282
-0.046683
0.307015
-0.073283
-0.948879
5.627506
---
0.863520
0.107222
0.117992
-0.478451
-0.000263
-0.009769
0.012751
-0.048264
-0.046740
-0.059945
0.306378
-0.072269
-0.949163
5.643621
---
0.863252
0.106675
0.117958
-0.479064
0.008988
-0.005726
0.017384
-0.032942
-0.024378
-0.077503
0.305863
-0.071156
-0.949413
5.660775
---
0.862950
0.106395
0.118019
-0.479656
0.000091
0.002831
0.031942
-0.005714
0.001601
-0.090800
0.305755
-0.070411
-0.949503
5.679485
---
0.862589
0.106383
0.118070
-0.480295
0.000218
0.003128
0.031961
0.021951
-0.014545
-0.084079
0.305882
-0.070114
-0.949484
5.694589
---
0.862277
0.106465
0.117498
-0.480976
-0.007454
0.006572
0.026844
0.049955
-0.090346
-0.072412
0.305046
-0.070577
-0.949719
5.711774
---
0.862144
0.106284
0.116770
-0.481432
0.000947
0.001436
-0.011661
0.033497
-0.142790
-0.075687
0.303682
-0.070830
-0.950137
5.729505
---
0.861842
0.105525
0.115169
-0.482524
-0.002383
0.001517
-0.012725
0.033538
-0.203242
-0.103978
0.300351
-0.070749
-0.951201
5.745986
---
0.861572
0.104793
0.113369
-0.483591
0.016431
0.006224
-0.006043
0.059884
-0.214737
-0.097189
0.296705
-0.070925
-0.952332
5.763442
---
0.861378
0.104430
0.111609
-0.484424
-0.016119
0.009280
-0.000151
0.081351
-0.188572
-0.078558
0.293452
-0.071775
-0.953276
5.780780
---
0.861204
0.104190
0.110621
-0.485011
-0.017970
0.008901
-0.000690
0.046779
-0.155969
-0.090284
0.291601
-0.072153
-0.953815
5.796893
---
0.860918
0.104349
0.109522
-0.485732
-0.012784
0.031218
-0.009897
0.091667
-0.070743
-0.054990
0.289950
-0.073275
-0.954233
5.814812
---
0.860714
0.104981
0.108522
-0.486183
-0.037280
0.011719
0.018252
0.122683
-0.073251
-0.023898
0.288892
-0.075195
-0.954404
5.830925
---
0.860680
0.105428
0.107863
-0.486292
-0.037964
0.010340
0.018155
0.078039
-0.020892
-0.002855
0.288208
-0.076574
-0.954501
5.848811
---
0.860631
0.105717
0.107542
-0.486388
-0.040178
-0.013876
0.004467
0.053925
0.003657
-0.013004
0.287947
-0.077353
-0.954517
5.864924
---
0.860543
0.106201
0.107402
-0.486468
0.002043
-0.006996
0.004612
0.072045
0.024822
0.004034
0.288175
-0.078285
-0.954372
5.881958
---
0.860453
0.106879
0.107447
-0.486470
0.001783
-0.012006
-0.001916
0.060830
0.042232
0.005234
0.288893
-0.079389
-0.954064
5.899109
---
0.860310
0.107433
0.107345
-0.486622
0.002149
-0.012995
-0.001722
0.052393
0.000207
-0.026292
0.289259
-0.080378
-0.953871
5.916841
---
0.860161
0.107542
0.106955
-0.486949
0.035802
-0.008578
-0.035045
0.033513
-0.050357
-0.044141
0.288732
-0.080844
-0.953991
5.932958
---
0.860024
0.107526
0.106547
-0.487282
0.027315
0.006778
-0.041086
0.030418
-0.046928
-0.027723
0.288057
-0.081113
-0.954172
5.950078
---
0.859966
0.107542
0.106278
-0.487441
0.026890
0.006534
-0.041193
0.022162
-0.017230
-0.001633
0.287632
-0.081357
-0.954279
5.967841
---
0.859927
0.107900
0.106269
-0.487431
-0.002084
0.002011
-0.024441
0.037647
0.018260
0.006418
0.287955
-0.081974
-0.954129
5.984811
---
0.859835
0.108201
0.106158
-0.487552
0.016579
0.002405
-0.035101
0.029826
0.002191
-0.018814
0.288064
-0.082556
-0.954046
6.000928
---
0.859756
0.108233
0.106228
-0.487668
0.016740
0.002460
-0.035057
-0.017805
0.019854
-0.012750
0.288224
-0.082501
-0.954002
6.017959
---
0.859790
0.108127
0.106759
-0.487516
0.007757
0.004097
-0.058315
-0.062942
0.064203
0.022416
0.289007
-0.081840
-0.953822
6.035110
---
0.859993
0.108008
0.107884
-0.486937
-0.015895
0.005231
-0.045187
-0.075946
0.121485
0.053106
0.290745
-0.080707
-0.953391
6.052812
---
0.860173
0.108148
0.108869
-0.486369
-0.014149
0.005787
-0.044700
-0.034631
0.098858
0.052831
0.292492
-0.080150
-0.952903
6.068928
---
0.860264
0.108476
0.109571
-0.485976
0.033212
0.023377
0.007507
-0.001674
0.104403
0.035814
0.293954
-0.080139
-0.952454
6.085990
---
0.860294
0.108484
0.109788
-0.485872
0.057015
0.017686
-0.004113
-0.016028
-0.042276
-0.015532
0.294320
-0.079971
-0.952355
6.103139
---
0.860192
0.107988
0.109307
-0.486272
0.055769
0.018181
-0.004539
-0.022322
-0.129400
-0.060243
0.293074
-0.079475
-0.952781
6.120782
---
0.859988
0.107270
0.108511
-0.486970
0.046970
0.012978
-0.012031
-0.008704
-0.134725
-0.094443
0.291111
-0.078819
-0.953437
6.136898
---
0.859708
0.106792
0.107900
-0.487704
0.007465
0.005610
0.015821
0.004957
-0.092569
-0.077593
0.289692
-0.078374
-0.953906
6.153959
---
0.859519
0.106529
0.107485
-0.488186
0.006557
0.005802
0.015530
-0.008560
0.006336
-0.036439
0.288783
-0.078183
-0.954197
6.171111
---
0.859382
0.106668
0.107685
-0.488353
-0.050576
-0.010779
0.008839
0.016852
0.038501
-0.023521
0.289268
-0.078162
-0.954052
6.188723
---
0.859308
0.107027
0.107697
-0.488401
-0.020912
-0.000615
0.020716
0.067086
0.025961
0.001648
0.289635
-0.078740
-0.953893
6.204835
---
0.859128
0.107729
0.107325
-0.488645
-0.020852
-0.002094
0.020858
0.082826
-0.027977
-0.021215
0.289695
-0.080219
-0.953752
6.221900
---
0.858977
0.107864
0.106631
-0.489033
0.010364
0.014689
-0.014537
0.052337
-0.095697
-0.052031
0.288685
-0.081014
-0.953991
6.239052
---
0.858655
0.107723
0.105482
-0.489878
0.013250
-0.004499
-0.043406
0.058253
-0.135304
-0.091225
0.286687
-0.081648
-0.954539
6.256812
---
0.858346
0.107098
0.104476
-0.490771
0.011036
-0.004158
-0.044097
-0.029563
-0.137028
-0.106551
0.284473
-0.081306
-0.955230
6.272927
---
0.858285
0.105773
0.103562
-0.491360
-0.021994
-0.013388
-0.065549
-0.108194
-0.204408
-0.055093
0.281717
-0.079794
-0.956174
6.289928
---
0.858380
0.104162
0.103416
-0.491568
-0.077476
-0.038087
-0.060426
-0.168589
-0.109273
-0.009849
0.279946
-0.077150
-0.956911
6.307049
---
0.858825
0.102578
0.102860
-0.491241
-0.067268
0.000061
0.044158
-0.069406
-0.178235
0.079653
0.277458
-0.075134
-0.957795
6.324080
---
0.859385
0.101978
0.101954
-0.490575
-0.069435
-0.000048
0.043541
0.003834
-0.109431
0.120452
0.275291
-0.075244
-0.958412
6.341232
---
0.859881
0.101897
0.101287
-0.489861
-0.023832
-0.001787
0.054956
0.032724
-0.036669
0.109556
0.274019
-0.076006
-0.958716
6.358265
---
0.860240
0.102383
0.100886
-0.489211
0.042301
0.007523
0.027649
0.068254
0.015006
0.097100
0.273746
-0.077438
-0.958679
6.375417
---
0.860586
0.103389
0.100800
-0.488406
0.043041
0.005473
0.028028
0.076256
0.040208
0.100249
0.274486
-0.079488
-0.958300
6.393271
---
0.860899
0.103946
0.100764
-0.487744
0.055167
-0.003532
-0.003982
0.030288
0.021678
0.098431
0.274893
-0.080681
-0.958084
6.409385
---
0.861353
0.103797
0.100517
-0.487026
0.070163
0.002105
-0.069573
-0.032348
-0.072111
0.107272
0.274265
-0.080903
-0.958245
6.426507
---
0.861746
0.103014
0.099963
-0.486610
0.068439
0.002750
-0.070119
-0.066617
-0.125975
0.033869
0.272540
-0.080258
-0.958791
6.442622
---
0.861994
0.101927
0.098897
-0.486617
0.097821
0.020139
-0.035832
-0.038392
-0.181699
-0.006482
0.269696
-0.079470
-0.959661
6.459744
---
0.862074
0.101057
0.097471
-0.486945
0.081902
0.036899
0.015012
0.021540
-0.155121
-0.026155
0.266472
-0.079311
-0.960574
6.476866
---
0.861938
0.100819
0.096517
-0.487424
0.080097
0.036501
0.014546
0.055013
-0.081427
-0.063587
0.264668
-0.079710
-0.961040
6.494082
---
0.861558
0.100945
0.095690
-0.488232
0.052518
0.035708
0.017209
0.055578
-0.062982
-0.083405
0.263455
-0.080502
-0.961307
6.511783
---
0.861281
0.101028
0.095341
-0.488773
0.022756
0.022689
-0.007305
0.045690
-0.040961
-0.083669
0.262990
-0.080826
-0.961407
6.527895
---
0.861003
0.101063
0.095080
-0.489306
0.022396
0.022532
-0.007390
0.016057
0.022076
-0.046939
0.262630
-0.080984
-0.961492
6.544930
---
0.860956
0.101122
0.095138
-0.489365
-0.034084
0.016647
-0.026876
0.005118
0.002492
0.007005
0.262791
-0.081009
-0.961446
6.562811
---
0.860918
0.101415
0.095453
-0.489310
-0.044016
0.016449
-0.011012
0.027980
0.067051
-0.016207
0.263601
-0.081208
-0.961208
6.579783
---
0.860690
0.102079
0.095828
-0.489499
-0.042725
0.015754
-0.010598
0.060742
0.077105
-0.034277
0.264892
-0.081902
-0.960794
6.596082
---
0.860441
0.102906
0.096026
-0.489725
-0.007397
0.008760
0.016184
0.082494
0.067300
-0.029600
0.266040
-0.083037
-0.960379
6.613816
---
0.860222
0.103594
0.096386
-0.489895
-0.021736
-0.003711
-0.012691
0.033105
0.081750
-0.025790
0.267327
-0.083789
-0.959956
6.630418
---
0.859998
0.104052
0.097043
-0.490060
-0.020165
-0.003778
-0.012246
0.000592
0.092268
-0.010844
0.268898
-0.083856
-0.959511
6.647784
---
0.859958
0.104440
0.097455
-0.489966
-0.025941
0.000832
-0.041221
0.020218
0.066865
0.016281
0.269958
-0.084128
-0.959190
6.663809
---
0.860016
0.104814
0.097997
-0.489676
-0.038362
-0.006186
-0.037923
-0.005746
0.092005
0.031307
0.271208
-0.084311
-0.958821
6.680840
---
0.860062
0.105028
0.098682
-0.489413
-0.037020
-0.005943
-0.037563
-0.028989
0.073887
0.020152
0.272550
-0.084068
-0.958462
6.698080
---
0.860180
0.104890
0.099111
-0.489148
0.010426
0.001473
-0.041358
-0.044337
0.020136
0.028557
0.273121
-0.083488
-0.958350
6.715816
---
0.860352
0.104574
0.099227
-0.488889
-0.000446
0.003018
-0.033632
-0.045753
-0.011338
0.034457
0.272991
-0.082919
-0.958436
6.731928
---
0.860459
0.104305
0.099298
-0.488743
-0.000596
0.003500
-0.033716
-0.027323
-0.017271
0.010683
0.272841
-0.082437
-0.958521
6.748961
---
0.860456
0.104088
0.099310
-0.488794
0.030472
0.017569
-0.000599
-0.013564
-0.004463
-0.021357
0.272659
-0.082040
-0.958606
6.766112
---
0.860433
0.103781
0.099026
-0.488956
0.040454
0.026643
-0.002792
-0.007116
-0.063389
-0.003236
0.271899
-0.081755
-0.958847
6.783785
---
0.860427
0.103522
0.098787
-0.489070
0.011491
0.003442
-0.001041
-0.024328
-0.034972
-0.015707
0.271257
-0.081519
-0.959049
6.799898
---
0.860365
0.103334
0.098885
-0.489200
0.011490
0.003899
-0.001080
-0.024668
0.020410
-0.014220
0.271256
-0.081062
-0.959088
6.817601
---
0.860312
0.103405
0.099175
-0.489219
0.007171
0.019701
0.001994
-0.004433
0.053554
-0.016817
0.271819
-0.080885
-0.958943
6.833717
---
0.860239
0.103654
0.099668
-0.489194
0.009218
0.018788
-0.007473
-0.003480
0.054864
-0.002345
0.272890
-0.080821
-0.958644
6.850717
---
0.860208
0.103644
0.099774
-0.489230
0.009393
0.018923
-0.007434
-0.017885
-0.018011
-0.016951
0.273065
-0.080687
-0.958606
6.867839
---
0.860127
0.103133
0.099626
-0.489511
0.024304
0.010941
-0.026259
-0.037334
-0.044443
-0.044150
0.272351
-0.079880
-0.958877
6.884870
---
0.860052
0.102643
0.099371
-0.489796
0.018547
0.006723
0.008594
-0.015403
-0.062379
-0.033507
0.271477
-0.079214
-0.959180
6.902019
---
0.859904
0.102458
0.099019
-0.490165
0.017807
0.006801
0.008378
0.023446
-0.015145
-0.044275
0.270736
-0.079136
-0.959395
6.919785
---
0.859706
0.102712
0.099066
-0.490450
-0.008210
0.001624
0.023150
0.037263
0.045669
-0.042770
0.271087
-0.079431
-0.959272
6.935900
---
0.859439
0.103274
0.099491
-0.490715
-0.003022
0.018761
0.006948
0.049888
0.089144
-0.031363
0.272369
-0.079872
-0.958872
6.952931
---
0.859241
0.103718
0.099755
-0.490913
-0.002130
0.018338
0.007237
0.029010
0.044322
-0.025761
0.273261
-0.080295
-0.958583
6.970081
---
0.859129
0.103866
0.099875
-0.491055
-0.005678
0.005556
-0.025857
-0.005621
0.015111
-0.032838
0.273619
-0.080381
-0.958474
6.987663
---
0.858962
0.103637
0.100054
-0.491358
0.007130
-0.004519
-0.025880
-0.032379
0.002301
-0.042318
0.273731
-0.079715
-0.958497
7.003778
---
0.858859
0.103485
0.100162
-0.491548
0.007184
-0.004094
-0.025900
-0.015700
-0.004234
-0.015530
0.273785
-0.079289
-0.958517
7.020809
---
0.858809
0.103489
0.100220
-0.491623
0.000456
-0.003042
0.001469
0.008265
0.013855
-0.006509
0.273894
-0.079214
-0.958492
7.037959
---
0.858662
0.103808
0.100436
-0.491769
0.000165
0.002542
0.000711
0.026625
0.043887
-0.019222
0.274579
-0.079489
-0.958273
7.055784
---
0.858457
0.104066
0.100540
-0.492051
0.000616
0.002301
0.000860
0.013485
0.011648
-0.051942
0.275030
-0.079731
-0.958124
7.071901
---
0.858269
0.103928
0.100569
-0.492401
0.023027
0.008534
-0.014810
-0.020870
-0.008556
-0.040136
0.274980
-0.079356
-0.958169
7.089694
---
0.858179
0.103646
0.100655
-0.492600
0.002412
0.000374
-0.029541
-0.033760
-0.014691
-0.033539
0.274872
-0.078727
-0.958252
7.105810
---
0.858090
0.103394
0.100759
-0.492788
0.002362
0.000966
-0.029604
-0.020207
0.006608
-0.018299
0.274823
-0.078136
-0.958315
7.123787
---
0.858091
0.103343
0.100698
-0.492808
-0.001694
0.011738
-0.003282
0.003331
-0.022363
0.001357
0.274673
-0.078105
-0.958360
7.139899
---
0.858107
0.103477
0.100579
-0.492776
-0.011535
-0.002290
0.007468
0.022661
0.003259
-0.001622
0.274598
-0.078462
-0.958353
7.156932
---
0.858006
0.103765
0.100641
-0.492880
-0.011145
-0.002684
0.007612
0.033003
0.031848
-0.016671
0.274988
-0.078855
-0.958208
7.173988
---
0.857924
0.104214
0.100867
-0.492881
0.004318
0.017295
0.001054
0.025755
0.047919
-0.001994
0.275802
-0.079385
-0.957931
7.190989
---
0.857851
0.104443
0.101105
-0.492910
0.005920
0.011298
-0.019262
0.009630
0.033285
-0.013464
0.276428
-0.079522
-0.957739
7.208114
---
0.857764
0.104543
0.101208
-0.493019
0.022803
0.003458
-0.026015
-0.008754
-0.007257
-0.018333
0.276709
-0.079550
-0.957655
7.226119
---
0.857719
0.104303
0.101132
-0.493165
0.022458
0.003832
-0.026146
-0.026149
-0.032543
-0.019935
0.276364
-0.079176
-0.957786
7.242238
---
0.857703
0.104053
0.101230
-0.493225
-0.003004
0.001444
-0.030117
-0.034453
0.003868
-0.007924
0.276293
-0.078634
-0.957851
7.259814
---
0.857711
0.103803
0.101501
-0.493209
-0.008645
-0.000796
-0.013509
-0.033763
0.020110
0.011673
0.276511
-0.077944
-0.957845
7.275932
---
0.857755
0.103720
0.101628
-0.493124
-0.008519
-0.000553
-0.013492
-0.002786
0.001211
0.006579
0.276638
-0.077702
-0.957828
7.293266
---
0.857681
0.103828
0.101568
-0.493241
-0.000693
0.011936
0.002154
0.028512
0.008203
-0.024919
0.276651
-0.077908
-0.957807
7.310392
---
0.857485
0.104089
0.101530
-0.493535
0.026864
0.018386
0.007129
0.044129
0.005628
-0.044046
0.276864
-0.078293
-0.957714
7.328334
---
0.857223
0.104403
0.101414
-0.493947
0.027008
0.017872
0.007213
0.029528
-0.004822
-0.038412
0.277008
-0.078808
-0.957630
7.344447
---
0.857080
0.104516
0.101534
-0.494147
-0.012700
-0.001663
-0.022964
0.000996
0.011564
-0.020457
0.277339
-0.078812
-0.957534
7.361816
---
0.857088
0.104507
0.101654
-0.494111
-0.015440
-0.004467
-0.027802
-0.016687
0.015920
0.012697
0.277529
-0.078685
-0.957490
7.377934
---
0.857095
0.104455
0.101940
-0.494049
-0.015011
-0.004110
-0.027707
-0.022436
0.030135
0.001334
0.277957
-0.078329
-0.957395
7.394993
---
0.857002
0.104528
0.102043
-0.494174
0.017471
0.019350
-0.008103
0.020529
0.019308
-0.029603
0.278213
-0.078306
-0.957322
7.412817
---
0.856795
0.104823
0.102039
-0.494471
0.016799
0.012108
0.006667
0.038893
0.016468
-0.031862
0.278517
-0.078712
-0.957200
7.429325
---
0.856645
0.104978
0.101917
-0.494724
0.016764
0.011805
0.006682
0.025188
-0.010232
-0.040138
0.278483
-0.079016
-0.957185
7.446360
---
0.856589
0.105037
0.101712
-0.494850
0.004769
0.012514
-0.013884
0.008062
-0.024375
0.003518
0.278207
-0.079283
-0.957244
7.463815
---
0.856686
0.104835
0.101688
-0.494731
-0.020869
-0.004786
-0.031557
-0.034226
-0.003229
0.016020
0.277959
-0.079005
-0.957338
7.480785
---
0.856721
0.104674
0.101759
-0.494690
-0.020907
-0.004455
-0.031596
-0.024017
0.003032
0.007479
0.277921
-0.078673
-0.957377
7.496899
---
0.856754
0.104789
0.101886
-0.494582
-0.002037
0.022787
-0.020754
0.014322
0.035341
-0.000642
0.278236
-0.078775
-0.957277
7.514695
---
0.856666
0.104989
0.102227
-0.494621
0.004596
0.011090
-0.006858
-0.004253
0.046912
-0.007543
0.279010
-0.078754
-0.957054
7.530808
---
0.856619
0.105101
0.102607
-0.494600
0.004365
0.001513
-0.019351
-0.022056
0.035026
0.003675
0.279756
-0.078565
-0.956851
7.548786
---
0.856676
0.105038
0.102851
-0.494464
0.004704
0.001822
-0.019277
-0.027109
0.018738
0.012441
0.280095
-0.078256
-0.956777
7.564900
---
0.856728
0.104878
0.103041
-0.494368
0.002910
0.005185
-0.013407
-0.029840
0.009541
0.009835
0.280254
-0.077823
-0.956766
7.581933
---
0.856776
0.104891
0.103092
-0.494271
0.001046
0.004206
0.003221
0.009521
-0.001679
0.011529
0.280343
-0.077825
-0.956740
7.599082
---
0.856831
0.105007
0.102907
-0.494190
0.000838
0.003796
0.003194
0.030353
-0.002804
0.015001
0.280135
-0.078236
-0.956767
7.616816
---
0.856803
0.105231
0.102761
-0.494222
0.006669
0.009140
0.003228
0.030619
0.001043
-0.011454
0.280107
-0.078751
-0.956733
7.632933
---
0.856679
0.105403
0.102802
-0.494392
0.028403
0.014806
-0.008402
0.010208
0.013220
-0.030830
0.280357
-0.078944
-0.956644
7.650146
---
0.856561
0.105383
0.102904
-0.494579
0.028575
0.015005
-0.008368
-0.004931
-0.000695
-0.013426
0.280529
-0.078745
-0.956610
7.667268
---
0.856544
0.105257
0.102979
-0.494620
-0.001691
-0.001295
-0.018156
-0.015720
-0.008527
0.002146
0.280536
-0.078443
-0.956633
7.684817
---
0.856563
0.105080
0.102939
-0.494633
0.005885
0.002873
-0.019224
-0.016999
-0.018186
0.003997
0.280299
-0.078182
-0.956724
7.700934
---
0.856579
0.104870
0.102972
-0.494643
0.005740
0.003264
-0.019298
-0.028855
-0.003205
-0.014257
0.280154
-0.077791
-0.956798
7.718025
---
0.856502
0.104805
0.103139
-0.494756
0.021594
0.019205
-0.006561
-0.017948
0.029771
-0.026343
0.280383
-0.077474
-0.956757
7.735147
---
0.856259
0.104904
0.103500
-0.495080
0.029164
0.016580
0.005348
0.009441
0.028099
-0.045705
0.281117
-0.077170
-0.956566
7.752787
---
0.856105
0.105082
0.103405
-0.495328
0.029198
0.016266
0.005384
0.028156
-0.012195
-0.029699
0.281151
-0.077484
-0.956530
7.768905
---
0.855967
0.105038
0.103155
-0.495627
0.009231
0.000560
-0.008410
0.012258
-0.041909
-0.050222
0.280715
-0.077565
-0.956652
7.785966
---
0.855773
0.104781
0.102769
-0.496097
0.020091
0.012473
-0.018442
0.003112
-0.038724
-0.044416
0.279857
-0.077371
-0.956919
7.803115
---
0.855663
0.104639
0.102662
-0.496338
0.019795
0.012683
-0.018546
-0.006683
0.018418
-0.030033
0.279560
-0.077161
-0.957023
7.820787
---
0.855612
0.104693
0.102962
-0.496353
-0.020660
0.003135
-0.016447
-0.016947
0.047189
-0.003459
0.280121
-0.076943
-0.956876
7.836902
---
0.855563
0.104858
0.103475
-0.496296
-0.006946
0.011174
-0.010306
-0.011968
0.064552
-0.001679
0.281140
-0.076717
-0.956595
7.853936
---
0.855548
0.104950
0.103786
-0.496237
-0.006339
0.011316
-0.010139
-0.011203
0.028850
0.014777
0.281747
-0.076575
-0.956428
7.871083
---
0.855581
0.104986
0.103881
-0.496153
-0.011032
0.005465
-0.016920
-0.000842
0.008708
-0.002021
0.281937
-0.076566
-0.956373
7.888697
---
0.855551
0.105031
0.103929
-0.496185
-0.002117
0.012284
-0.016881
0.003664
0.016387
-0.011506
0.282063
-0.076583
-0.956334
7.904811
---
0.855490
0.105054
0.104035
-0.496263
-0.001909
0.012379
-0.016828
0.001771
0.004349
-0.003574
0.282270
-0.076488
-0.956281
7.921873
---
0.855373
0.105068
0.104097
-0.496450
0.004085
0.014433
-0.017773
-0.001907
0.020998
-0.017378
0.282405
-0.076387
-0.956249
7.939025
---
0.855306
0.105120
0.104315
-0.496507
-0.004281
0.005798
-0.010824
-0.002824
0.038411
-0.008995
0.282828
-0.076233
-0.956136
7.956787
---
0.855320
0.105210
0.104584
-0.496407
-0.003750
0.005887
-0.010674
-0.003679
0.038795
0.021159
0.283360
-0.076144
-0.955986
7.972902
---
0.855439
0.105250
0.104772
-0.496155
-0.016112
-0.003837
-0.015461
-0.013142
0.011169
0.038194
0.283693
-0.076103
-0.955890
7.989934
---
0.855546
0.105115
0.104792
-0.495995
0.004284
0.007100
-0.017463
-0.029997
-0.011869
0.009098
0.283581
-0.075908
-0.955939
8.007086
---
0.855639
0.104670
0.104638
-0.495960
0.018241
0.023306
-0.008924
-0.022389
-0.058108
-0.001200
0.282890
-0.075327
-0.956190
8.025093
---
0.855647
0.104396
0.104395
-0.496055
0.017574
0.023552
-0.009141
-0.004452
-0.023962
-0.016945
0.282223
-0.075081
-0.956406
8.041210
---
0.855546
0.104365
0.104345
-0.496248
0.019430
0.011899
0.013286
0.007414
0.014774
-0.039161
0.282126
-0.075015
-0.956440
8.058241
---
0.855334
0.104613
0.104454
-0.496537
0.011090
0.004850
0.004647
0.028720
0.014060
-0.037197
0.282575
-0.075228
-0.956291
8.075391
---
0.855219
0.104667
0.104183
-0.496780
0.010707
0.004563
0.004556
0.015158
-0.048285
-0.018661
0.282192
-0.075515
-0.956381
8.093307
---
0.855177
0.104397
0.103854
-0.496978
0.001121
-0.002087
-0.027920
-0.014135
-0.048354
-0.021558
0.281394
-0.075329
-0.956631
8.109421
---
0.855105
0.104192
0.103723
-0.497173
-0.002212
0.009907
-0.006576
-0.003014
-0.026110
-0.015544
0.280991
-0.075054
-0.956771
8.127063
---
0.855015
0.104279
0.103740
-0.497307
-0.002088
0.009822
-0.006533
0.021032
0.024914
-0.007735
0.281115
-0.075139
-0.956728
8.143819
---
0.854934
0.104511
0.103900
-0.497363
-0.012330
0.006683
0.001443
0.008630
0.035159
-0.013333
0.281615
-0.075348
-0.956564
8.160789
---
0.854801
0.104742
0.104186
-0.497483
0.007917
0.014438
-0.019825
0.010725
0.035461
-0.027659
0.282331
-0.075406
-0.956349
8.176903
---
0.854736
0.104850
0.104279
-0.497553
0.008186
0.014375
-0.019741
0.004899
0.009178
-0.001065
0.282600
-0.075469
-0.956265
8.194026
---
0.854776
0.104755
0.104299
-0.497500
-0.005551
0.003795
-0.024656
-0.015777
-0.006044
0.000324
0.282535
-0.075306
-0.956296
8.211789
---
0.854807
0.104619
0.104310
-0.497474
0.010936
0.010863
-0.008107
-0.007456
-0.015373
-0.002907
0.282420
-0.075074
-0.956349
8.228240
---
0.854771
0.104528
0.104235
-0.497569
0.010730
0.010972
-0.008176
-0.005602
-0.023366
-0.012863
0.282214
-0.074966
-0.956418
8.245361
---
0.854749
0.104385
0.104176
-0.497650
0.017336
0.006295
-0.006307
-0.013450
-0.012903
-0.005190
0.281984
-0.074759
-0.956502
8.262786
---
0.854768
0.104364
0.103935
-0.497672
0.003238
0.008044
-0.010322
0.014260
-0.012826
0.005698
0.281558
-0.074964
-0.956611
8.279820
---
0.854867
0.104350
0.103974
-0.497496
0.003276
0.008051
-0.010312
-0.020194
0.020436
0.030304
0.281596
-0.074957
-0.956601
8.296302
---
0.854956
0.104297
0.104252
-0.497296
-0.006092
0.008357
-0.019984
-0.032464
0.025773
0.020892
0.281994
-0.074651
-0.956507
8.313789
---
0.855029
0.104126
0.104443
-0.497166
0.001866
0.009773
-0.022905
-0.034774
0.003270
0.011374
0.282140
-0.074212
-0.956499
8.330056
---
0.855075
0.103875
0.104570
-0.497114
0.001831
0.010309
-0.022957
-0.020093
-0.016453
0.000270
0.282105
-0.073676
-0.956550
8.347790
---
0.855017
0.103802
0.104671
-0.497208
0.021471
0.009589
0.000493
-0.005149
0.011724
-0.024099
0.282213
-0.073419
-0.956538
8.363905
---
0.854932
0.103726
0.104580
-0.497388
0.025166
0.010661
0.010189
0.002190
-0.028040
-0.020331
0.282002
-0.073323
-0.956608
8.381821
---
0.854893
0.103645
0.104377
-0.497515
0.024756
0.010632
0.010070
0.007190
-0.032719
-0.020826
0.281592
-0.073352
-0.956727
8.397934
---
0.854781
0.103599
0.104158
-0.497764
0.009715
0.007638
-0.005665
0.009321
-0.027199
-0.040508
0.281200
-0.073416
-0.956837
8.415820
---
0.854608
0.103472
0.103981
-0.498123
0.018114
0.009743
-0.005791
0.007436
-0.013145
-0.037441
0.280810
-0.073265
-0.956963
8.431936
---
0.854516
0.103583
0.103935
-0.498268
0.018156
0.009556
-0.005764
0.018350
0.004159
-0.015700
0.280852
-0.073452
-0.956936
8.448996
---
0.854471
0.103691
0.103901
-0.498329
-0.012063
0.010337
-0.007687
0.014218
-0.002392
0.004105
0.280906
-0.073648
-0.956905
8.466148
---
0.854384
0.103819
0.103935
-0.498444
-0.005037
0.006287
-0.011526
0.009378
0.019244
-0.026168
0.281096
-0.073791
-0.956839
8.483790
---
0.854272
0.103894
0.104039
-0.498600
0.006943
0.007295
-0.013405
0.001110
0.022196
-0.028032
0.281357
-0.073759
-0.956764
8.499903
---
0.854131
0.103920
0.104319
-0.498777
0.007456
0.007597
-0.013277
-0.012870
0.005796
-0.015884
0.281870
-0.073458
-0.956636
8.516936
---
0.854134
0.103782
0.104275
-0.498810
0.006275
0.006817
-0.021165
-0.007162
-0.022993
-0.005330
0.281665
-0.073261
-0.956712
8.534088
---
0.854062
0.103690
0.104081
-0.498992
0.000015
0.013671
-0.006636
0.010236
-0.006254
-0.022466
0.281265
-0.073243
-0.956831
8.551943
---
0.853963
0.103839
0.104129
-0.499122
0.000252
0.013511
-0.006554
0.019634
0.044144
-0.013320
0.281502
-0.073403
-0.956749
8.568059