---
0.182453
0.041557
0.032940
0.981784
0.004638
0.001211
0.052499
0.136288
-0.031627
-0.056744
-0.069580
-0.079844
-0.994376
0.000000
---
0.168162
0.042119
0.040062
0.984044
-0.014734
-0.003168
0.052657
0.108471
-0.004260
0.280043
-0.069421
-0.093012
-0.993242
0.100107
---
0.166679
0.042019
0.041083
0.984259
-0.008473
-0.006988
0.058665
0.154676
0.073839
0.129864
-0.069020
-0.094879
-0.993093
0.119733
---
0.166370
0.040856
0.043055
0.984275
0.007142
-0.001671
0.098843
0.174725
0.177259
-0.056646
-0.066101
-0.098350
-0.992954
0.139875
---
0.166410
0.039789
0.045521
0.984201
0.005189
-0.004214
0.092272
0.194502
0.058798
-0.009949
-0.063171
-0.102847
-0.992689
0.160018
---
0.165384
0.040251
0.047412
0.984266
-0.009842
-0.002154
0.065353
0.319224
-0.039127
0.165202
-0.063553
-0.106646
-0.992264
0.180159
---
0.163182
0.041789
0.050558
0.984413
-0.012064
-0.008687
0.066222
0.403728
-0.102032
0.096236
-0.065775
-0.113179
-0.991395
0.199296
---
0.161693
0.042664
0.053547
0.984463
0.003626
0.001866
0.049414
0.258904
0.032315
0.159675
-0.066686
-0.119228
-0.990625
0.219441
---
0.159148
0.041901
0.056012
0.984773
-0.002197
0.002321
0.041036
0.206637
0.152094
0.349752
-0.064697
-0.123656
-0.990214
0.239583
---
0.154329
0.040734
0.058303
0.985456
-0.019319
-0.005413
-0.020156
0.220926
0.191755
0.618053
-0.062288
-0.127483
-0.989883
0.259731
---
0.148925
0.041149
0.059158
0.986219
-0.016670
-0.017615
-0.081411
0.008025
-0.241972
0.537124
-0.063545
-0.128943
-0.989614
0.279871
---
0.145116
0.046958
0.056389
0.986690
-0.029424
-0.013577
-0.081028
-0.288719
-0.681056
0.123061
-0.076299
-0.124905
-0.989231
0.300107
---
0.144479
0.052261
0.053206
0.986693
0.008923
-0.003887
-0.083602
-0.261009
-0.680222
0.122067
-0.087756
-0.120098
-0.988876
0.319243
---
0.144325
0.059285
0.050676
0.986452
0.014852
0.010838
0.022908
-0.072966
-0.602254
0.032465
-0.102336
-0.117091
-0.987835
0.339390
---
0.142883
0.062069
0.049374
0.986557
-0.033164
-0.006760
0.036995
-0.088992
-0.098984
0.223114
-0.108359
-0.115158
-0.987419
0.359533
---
0.140597
0.062219
0.048556
0.986916
-0.033961
-0.004937
0.036872
-0.102250
0.037915
0.245731
-0.109157
-0.113336
-0.987542
0.379675
---
0.137856
0.061321
0.048235
0.987375
-0.035528
-0.017433
0.022916
0.123824
0.102607
0.275135
-0.107794
-0.112160
-0.987826
0.399819
---
0.134546
0.060445
0.049452
0.987825
-0.026033
-0.007520
0.007315
0.096415
0.067450
0.283834
-0.106111
-0.113965
-0.987802
0.419962
---
0.131867
0.062426
0.050663
0.988002
-0.030891
-0.011106
-0.050549
0.176954
-0.194126
0.267219
-0.109993
-0.116575
-0.987072
0.440105
---
0.130629
0.063993
0.052737
0.987957
-0.011104
0.004078
-0.037029
0.325290
-0.119360
0.115540
-0.112666
-0.120922
-0.986247
0.459240
---
0.130317
0.065806
0.057473
0.987615
-0.000745
0.015810
-0.036491
0.499513
-0.100975
-0.082916
-0.115003
-0.130674
-0.984733
0.480029
---
0.129763
0.067158
0.060388
0.987423
-0.002697
0.009799
-0.035444
0.222462
-0.150150
0.039110
-0.116955
-0.136685
-0.983686
0.499165
---
0.129282
0.070156
0.061266
0.987224
-0.008420
-0.005316
-0.079329
0.083751
-0.342885
0.073220
-0.122678
-0.139105
-0.982649
0.519308
---
0.128729
0.072991
0.061699
0.987064
-0.011020
-0.008759
-0.099895
0.111350
-0.181270
0.088318
-0.128208
-0.140595
-0.981731
0.539450
---
0.128403
0.075178
0.063522
0.986826
0.022234
0.011574
-0.001134
0.265474
-0.197673
0.074828
-0.132063
-0.144676
-0.980626
0.559593
---
0.127753
0.077724
0.065644
0.986574
0.013802
0.001983
-0.052542
0.237881
-0.239007
0.051363
-0.136588
-0.149384
-0.979300
0.579740
---
0.128015
0.079897
0.067279
0.986257
0.010018
-0.001799
-0.051422
0.167130
-0.131877
-0.045609
-0.140373
-0.153166
-0.978180
0.599882
---
0.127983
0.081137
0.068634
0.986066
-0.000843
-0.001826
-0.047725
0.108832
-0.038086
0.011472
-0.142445
-0.156123
-0.977412
0.620025
---
0.127358
0.081601
0.069840
0.986024
-0.004459
0.002619
-0.060912
0.152592
-0.012085
0.076668
-0.143131
-0.158514
-0.976927
0.640169
---
0.126805
0.082044
0.071686
0.985926
0.004839
0.010689
-0.039736
0.262619
-0.011531
0.041948
-0.143599
-0.162162
-0.976260
0.659305
---
0.126622
0.082338
0.074733
0.985699
0.005042
0.004671
-0.038747
0.367087
0.010015
-0.053659
-0.143395
-0.168181
-0.975271
0.679448
---
0.126700
0.082226
0.077858
0.985456
0.008060
0.007352
-0.036854
0.230924
0.120805
0.016578
-0.142331
-0.174288
-0.974354
0.699593
---
0.126326
0.081397
0.080137
0.985390
0.010222
0.003142
-0.036405
0.196585
0.083440
-0.000021
-0.140169
-0.178498
-0.973905
0.719736
---
0.126434
0.081140
0.082023
0.985243
0.002458
-0.005385
-0.108143
0.148674
0.012104
-0.061249
-0.139143
-0.182143
-0.973377
0.739886
---
0.127072
0.081365
0.082940
0.985065
-0.000550
-0.012207
-0.136087
0.039046
-0.026346
-0.051047
-0.139222
-0.184082
-0.973001
0.760024
---
0.127376
0.081691
0.083134
0.984983
-0.016703
-0.010755
-0.142752
0.007534
-0.029978
-0.021283
-0.139749
-0.184583
-0.972831
0.780167
---
0.127344
0.081484
0.083227
0.984996
-0.016280
-0.010881
-0.142789
0.002825
0.057112
-0.001703
-0.139327
-0.184710
-0.972867
0.799303
---
0.127108
0.080312
0.083334
0.985114
-0.003259
-0.006869
-0.114812
0.001987
0.171839
0.017101
-0.137048
-0.184603
-0.973211
0.819445
---
0.126617
0.078398
0.083495
0.985317
-0.000537
-0.002752
-0.087046
-0.003909
0.213393
0.069669
-0.133350
-0.184392
-0.973764
0.839591
---
0.125299
0.076097
0.083424
0.985672
-0.007037
-0.011653
-0.098523
-0.030604
0.260925
0.183017
-0.129107
-0.183528
-0.974499
0.859735
---
0.123505
0.073689
0.083229
0.986098
0.002182
-0.007542
-0.070989
-0.055169
0.240758
0.158242
-0.124771
-0.182347
-0.975286
0.879882
---
0.121724
0.071346
0.082370
0.986564
0.006231
-0.005091
-0.071953
-0.115504
0.209461
0.172236
-0.120722
-0.179896
-0.976250
0.900021
---
0.120185
0.068904
0.081179
0.987025
-0.004202
-0.010797
-0.087676
-0.159868
0.265253
0.146499
-0.116507
-0.176813
-0.977325
0.920169
---
0.119046
0.066666
0.079945
0.987417
-0.001292
-0.006759
-0.056454
-0.178831
0.279211
0.127249
-0.112621
-0.173751
-0.978329
0.939302
---
0.118082
0.064414
0.078850
0.987770
0.010510
0.006751
-0.045673
-0.099680
0.140841
0.005779
-0.108630
-0.170984
-0.979267
0.959445
---
0.117897
0.063054
0.077364
0.987998
0.009858
-0.011490
-0.045507
-0.262434
0.096774
0.043692
-0.106353
-0.167740
-0.980078
0.979589
---
0.117730
0.061926
0.074757
0.988290
0.011411
-0.006095
-0.046583
-0.275566
0.141065
0.078406
-0.104800
-0.162345
-0.981153
0.999736
---
0.117081
0.060593
0.072000
0.988654
-0.011155
-0.013000
-0.056508
-0.292359
0.061438
0.069612
-0.102951
-0.156555
-0.982289
1.019878
---
0.116681
0.059734
0.068111
0.989029
-0.005582
-0.019762
-0.049992
-0.342369
0.050804
0.032698
-0.102262
-0.148668
-0.983585
1.040021
---
0.116423
0.058313
0.064297
0.989399
-0.002762
-0.015809
-0.027900
-0.383607
0.123492
0.033804
-0.100419
-0.140809
-0.984931
1.060165
---
0.116448
0.057254
0.061487
0.989637
0.003538
-0.021753
-0.056195
-0.352874
0.048020
0.001486
-0.099001
-0.135034
-0.985883
1.079301
---
0.116317
0.057016
0.058107
0.989870
0.003180
-0.015020
-0.057058
-0.340154
-0.047996
0.044688
-0.099359
-0.128301
-0.986745
1.099444
---
0.116316
0.057737
0.054851
0.990014
0.000979
-0.013639
-0.066417
-0.284079
-0.132966
0.009504
-0.101560
-0.122038
-0.987316
1.119588
---
0.116773
0.059197
0.051066
0.990077
0.017755
-0.015335
-0.020979
-0.316558
-0.119143
-0.037346
-0.105292
-0.114945
-0.987776
1.139731
---
0.117410
0.059989
0.047415
0.990135
0.023199
-0.024974
-0.006861
-0.389356
-0.172579
-0.050250
-0.107660
-0.107982
-0.988306
1.159878
---
0.118710
0.061276
0.043373
0.990087
-0.001665
-0.021332
-0.022908
-0.326464
-0.079719
-0.140160
-0.111040
-0.100434
-0.988728
1.180022
---
0.120520
0.060970
0.040373
0.990014
-0.001617
-0.015533
-0.023485
-0.305922
0.050188
-0.171087
-0.110992
-0.094635
-0.989305
1.200164
---
0.121755
0.059516
0.038037
0.990044
0.001766
-0.011683
-0.006624
-0.332766
0.167579
-0.126908
-0.108585
-0.089808
-0.990022
1.219300
---
0.122427
0.056336
0.033291
0.990318
-0.013586
-0.026021
-0.015850
-0.528825
0.237364
-0.065754
-0.103430
-0.079732
-0.991436
1.239442
---
0.122738
0.052959
0.028551
0.990614
-0.034439
-0.016829
-0.023034
-0.497860
0.306789
0.025655
-0.097916
-0.069564
-0.992760
1.259586
---
0.122503
0.049043
0.024339
0.990957
-0.027759
-0.007519
-0.024278
-0.425696
0.355517
0.057240
-0.091235
-0.060254
-0.994005
1.279730
---
0.122307
0.045262
0.021590
0.991225
-0.021948
-0.002117
0.023584
-0.244638
0.252229
-0.039800
-0.084448
-0.053875
-0.994970
1.299873
---
0.122798
0.041725
0.019730
0.991358
-0.015385
0.002392
0.022815
-0.205403
0.340874
-0.003760
-0.077885
-0.049366
-0.995739
1.320017
---
0.122990
0.038890
0.018548
0.991472
-0.006148
-0.003379
0.047658
-0.184836
0.315777
-0.084211
-0.072554
-0.046348
-0.996287
1.340160
---
0.123408
0.035155
0.017127
0.991585
-0.021546
-0.007486
0.017707
-0.177993
0.392352
-0.042027
-0.065492
-0.042643
-0.996942
1.359296
---
0.123925
0.031182
0.016480
0.991665
-0.006978
0.011344
0.019089
-0.038584
0.366676
-0.078495
-0.057759
-0.040413
-0.997512
1.379440
---
0.124778
0.027827
0.016514
0.991657
-0.000285
0.012061
0.018696
-0.021567
0.266892
-0.104171
-0.051066
-0.039697
-0.997906
1.399585
---
0.125954
0.025995
0.016660
0.991555
0.013192
0.017052
0.003860
-0.022070
0.128203
-0.134318
-0.047355
-0.039588
-0.998093
1.419728
---
0.127377
0.025489
0.015784
0.991401
0.015004
0.009083
0.019376
-0.100121
-0.027241
-0.173890
-0.046519
-0.037792
-0.998202
1.439871
---
0.129214
0.025480
0.014706
0.991180
0.008954
0.009186
0.032981
-0.097520
0.028357
-0.139655
-0.046710
-0.035736
-0.998269
1.460017
---
0.130616
0.024511
0.013605
0.991037
0.023329
0.006669
0.025009
-0.141957
0.124223
-0.134833
-0.045030
-0.033370
-0.998428
1.480162
---
0.131541
0.023292
0.012394
0.990960
0.025457
0.009347
0.024830
-0.205557
0.104393
-0.112874
-0.042902
-0.030692
-0.998608
1.499297
---
0.132715
0.022914
0.009949
0.990839
0.020709
0.010330
-0.003635
-0.262467
-0.098436
-0.109960
-0.042767
-0.025803
-0.998752
1.519440
---
0.133222
0.022885
0.007552
0.990793
-0.017944
0.017022
-0.022276
-0.225213
-0.068906
-0.046467
-0.043334
-0.021064
-0.998839
1.539583
---
0.133649
0.022789
0.005418
0.990752
-0.024176
0.011490
0.036254
-0.198868
0.015439
-0.033913
-0.043708
-0.016830
-0.998903
1.559727
---
0.134599
0.022364
0.003515
0.990642
-0.022857
0.008502
0.055713
-0.175611
-0.015509
-0.072547
-0.043365
-0.012983
-0.998975
1.580118
---
0.135724
0.022349
0.002313
0.990492
-0.023137
0.010830
0.055697
-0.127502
0.019412
-0.138971
-0.043644
-0.010654
-0.998990
1.599252
---
0.137187
0.021766
0.001208
0.990305
-0.017385
0.010173
0.047825
-0.121440
0.065598
-0.146291
-0.042776
-0.008381
-0.999050
1.619395
---
0.138329
0.020459
0.000173
0.990175
-0.025826
0.006733
0.038923
-0.112613
0.132621
-0.095497
-0.040475
-0.005962
-0.999163
1.639542
---
0.139171
0.018598
-0.000366
0.990094
-0.027164
-0.001529
0.043661
-0.067410
0.210035
-0.097616
-0.036930
-0.004458
-0.999308
1.659682
---
0.140093
0.016663
-0.000598
0.989998
-0.015584
0.009223
0.034736
-0.040533
0.147682
-0.081754
-0.033162
-0.003472
-0.999444
1.679828
---
0.140837
0.015719
-0.000423
0.989908
-0.013668
0.009132
0.034674
0.020428
0.017359
-0.078672
-0.031246
-0.003563
-0.999505
1.699968
---
0.141523
0.016450
0.000244
0.989798
0.005597
0.007513
0.055229
0.073893
-0.105329
-0.050834
-0.032488
-0.005183
-0.999459
1.720115
---
0.141749
0.017415
0.000905
0.989749
-0.006866
-0.001895
0.060179
0.105356
-0.109569
-0.014541
-0.034209
-0.006778
-0.999392
1.739251
---
0.141531
0.018418
0.001638
0.989761
-0.019394
-0.016271
0.049512
0.059570
-0.065817
0.069853
-0.035995
-0.008459
-0.999316
1.759394
---
0.140906
0.019332
0.001922
0.989832
-0.019175
-0.012190
0.040794
0.038721
-0.114843
0.062231
-0.037729
-0.009260
-0.999245
1.779538
---
0.140287
0.020690
0.002121
0.989892
-0.021813
-0.012935
0.040904
0.058486
-0.154026
0.041132
-0.040368
-0.010005
-0.999135
1.799680
---
0.139428
0.021432
0.002930
0.989996
-0.007438
-0.019596
0.070272
0.108566
0.010887
0.111958
-0.041617
-0.011784
-0.999064
1.819826
---
0.138671
0.020958
0.003931
0.990109
0.008416
-0.027277
0.088800
0.126057
0.110457
0.085642
-0.040412
-0.013605
-0.999091
1.840486
---
0.137736
0.019623
0.005669
0.990258
-0.011911
-0.027375
0.059428
0.138203
0.125063
0.088566
-0.037302
-0.016633
-0.999166
1.859623
---
0.137415
0.018608
0.006818
0.990315
-0.006660
-0.017646
0.046684
0.054212
0.137637
0.014486
-0.034980
-0.018623
-0.999215
1.879768
---
0.137391
0.017343
0.007193
0.990339
-0.004053
-0.018036
0.046603
0.003677
0.111495
-0.012896
-0.032373
-0.019013
-0.999295
1.899912
---
0.137814
0.016396
0.007086
0.990297
-0.004154
-0.016598
0.048490
0.005152
0.046136
-0.069830
-0.030521
-0.018551
-0.999362
1.920055
---
0.138435
0.016139
0.007164
0.990214
0.009084
-0.012797
0.058241
0.003006
0.022362
-0.097611
-0.029978
-0.018656
-0.999376
1.939190
---
0.139408
0.016173
0.007302
0.990076
0.002238
-0.017014
0.069966
0.015541
-0.005969
-0.088496
-0.029988
-0.018967
-0.999370
1.959336
---
0.140444
0.016110
0.007624
0.989928
0.022981
-0.006922
0.085596
0.027211
0.008636
-0.109703
-0.029753
-0.019618
-0.999365
1.979478
---
0.141449
0.016342
0.007852
0.989780
0.022606
-0.007474
0.085618
0.025680
-0.046599
-0.098529
-0.030128
-0.020170
-0.999343
1.999624
---
0.142294
0.017368
0.007763
0.989642
0.017638
-0.013470
0.055411
-0.006660
-0.141664
-0.068588
-0.032166
-0.020306
-0.999276
2.019766
---
0.142808
0.020006
0.006663
0.989526
0.010160
-0.009136
0.024327
-0.068914
-0.276182
-0.044352
-0.037692
-0.018901
-0.999111
2.039910
---
0.143230
0.022937
0.004993
0.989411
0.006826
-0.016457
0.042118
-0.115939
-0.305466
-0.034250
-0.043955
-0.016457
-0.998898
2.060057
---
0.143180
0.028051
0.002646
0.989296
-0.010797
-0.012292
0.061158
-0.072710
-0.290758
0.065327
-0.054743
-0.013269
-0.998412
2.099333
---
0.142639
0.030653
0.001709
0.989299
-0.016217
-0.011152
0.061455
-0.042742
-0.247611
0.052682
-0.060162
-0.012129
-0.998115
2.119476
---
0.142454
0.032901
0.000846
0.989254
-0.006257
-0.009120
0.068573
-0.056147
-0.226024
0.010573
-0.064850
-0.011073
-0.997834
2.139623
---
0.141642
0.034368
-0.000122
0.989321
-0.017266
-0.014311
0.065839
-0.092269
-0.112103
0.097176
-0.068047
-0.009428
-0.997638
2.159765
---
0.140648
0.034471
-0.001309
0.989458
-0.024642
-0.009020
0.057067
-0.109617
0.009556
0.103893
-0.068588
-0.007067
-0.997620
2.179907
---
0.139330
0.034149
-0.001998
0.989655
-0.024203
-0.007517
0.057028
-0.028809
-0.005465
0.125679
-0.068149
-0.005564
-0.997660
2.200052
---
0.138227
0.034300
-0.002064
0.989804
-0.010855
-0.008318
0.046307
0.014493
-0.026082
0.141392
-0.068472
-0.005388
-0.997638
2.219186
---
0.137197
0.033800
-0.001678
0.989965
-0.011717
0.002821
0.038423
0.047385
0.111532
0.113543
-0.067381
-0.005968
-0.997710
2.239334
---
0.135956
0.032333
-0.001274
0.990186
-0.018480
-0.012132
0.014790
0.011960
0.145732
0.127859
-0.064379
-0.006273
-0.997906
2.259477
---
0.134731
0.031358
-0.000913
0.990386
-0.010601
0.003122
0.000015
0.040436
0.039069
0.099188
-0.062358
-0.006643
-0.998032
2.279621
---
0.133978
0.031684
-0.000712
0.990477
-0.011201
0.002710
0.000056
0.023847
-0.096669
0.045271
-0.062959
-0.007056
-0.997991
2.299763
---
0.133566
0.033118
-0.000828
0.990486
0.007413
0.003541
0.016843
0.015390
-0.164091
0.048807
-0.065829
-0.007201
-0.997805
2.319906
---
0.133407
0.034494
-0.001280
0.990460
-0.003244
-0.019347
0.022891
-0.014954
-0.129795
0.002432
-0.068674
-0.006652
-0.997617
2.340050
---
0.133669
0.036221
-0.001105
0.990363
0.015855
-0.000690
0.038759
0.068586
-0.197504
-0.032232
-0.072036
-0.007526
-0.997374
2.359189
---
0.133465
0.038531
-0.000122
0.990304
-0.008015
-0.011791
0.037149
0.150838
-0.212394
0.030153
-0.076374
-0.009838
-0.997031
2.379330
---
0.132978
0.040573
0.001500
0.990287
-0.011599
-0.015721
0.037476
0.256545
-0.146296
0.029315
-0.079958
-0.013768
-0.996703
2.399475
---
0.132553
0.041928
0.004490
0.990279
-0.008608
-0.012196
0.041642
0.337285
-0.070628
0.026126
-0.081850
-0.020008
-0.996444
2.419620
---
0.132550
0.043338
0.008406
0.990193
0.009175
-0.007628
0.059562
0.414266
-0.092560
-0.016800
-0.083599
-0.028136
-0.996102
2.439760
---
0.132811
0.044454
0.012446
0.990066
0.024657
0.008469
0.041371
0.400956
-0.007376
-0.073249
-0.084718
-0.036453
-0.995738
2.459906
---
0.132997
0.043057
0.016793
0.990038
-0.005594
-0.011502
0.026733
0.320588
0.287126
0.013098
-0.080790
-0.044705
-0.995728
2.480050
---
0.132798
0.041016
0.019809
0.990096
-0.000762
-0.016916
0.026610
0.391763
0.310192
-0.009563
-0.075958
-0.050119
-0.995851
2.499187
---
0.132499
0.038507
0.023502
0.990156
0.006145
-0.003035
0.024578
0.281815
0.262499
0.051739
-0.070026
-0.056746
-0.995930
2.519329
---
0.130865
0.036796
0.025234
0.990396
-0.039913
-0.025435
-0.058519
0.065251
0.125867
0.177249
-0.066281
-0.059614
-0.996019
2.539477
---
0.129479
0.036071
0.025158
0.990606
-0.030769
-0.006450
-0.091835
-0.034013
0.051288
0.098982
-0.064949
-0.059185
-0.996132
2.559617
---
0.128763
0.035933
0.024398
0.990724
0.012232
0.013692
-0.058727
-0.103006
-0.045083
0.028187
-0.064916
-0.057597
-0.996227
2.579763
---
0.129036
0.037055
0.023007
0.990680
0.009667
0.016141
-0.058695
-0.083583
-0.224650
-0.116752
-0.067482
-0.055148
-0.996195
2.599904
---
0.130573
0.038971
0.021809
0.990432
0.023227
0.021817
-0.053628
-0.130483
-0.085606
-0.095745
-0.071500
-0.053379
-0.996011
2.620049
---
0.131671
0.039105
0.020699
0.990306
-0.009503
0.005346
-0.029288
-0.123939
0.012172
-0.137981
-0.072003
-0.051295
-0.996085
2.640190
---
0.132610
0.038661
0.019843
0.990215
-0.008803
0.007088
-0.029426
-0.093408
-0.000414
-0.073049
-0.071303
-0.049552
-0.996223
2.659327
---
0.133173
0.039480
0.018709
0.990129
-0.038043
0.010054
-0.047940
-0.111511
-0.193137
-0.033496
-0.073199
-0.047564
-0.996183
2.679471
---
0.133408
0.041254
0.017673
0.990044
-0.041815
0.011616
-0.047729
-0.038438
-0.155668
-0.020222
-0.076971
-0.046001
-0.995972
2.699614
---
0.133556
0.042601
0.017383
0.989973
-0.014275
0.005960
-0.047524
0.002519
-0.131395
-0.008880
-0.079704
-0.045798
-0.995766
2.719759
---
0.133373
0.044266
0.017102
0.989929
-0.024485
-0.006606
-0.086316
-0.002278
-0.165580
0.034238
-0.083079
-0.045669
-0.995496
2.739902
---
0.133205
0.046397
0.017048
0.989855
-0.015044
0.006626
-0.083981
0.022148
-0.198519
-0.004805
-0.087310
-0.046109
-0.995113
2.760048
---
0.133360
0.047958
0.016921
0.989762
0.004306
0.006446
-0.075882
0.004077
-0.195677
-0.033973
-0.090421
-0.046289
-0.994827
2.779183
---
0.133652
0.049716
0.016552
0.989642
0.000750
0.006683
-0.075563
-0.024828
-0.183989
-0.030155
-0.093977
-0.046051
-0.994509
2.799328
---
0.133772
0.051432
0.015908
0.989549
-0.002808
0.010421
-0.100649
-0.048483
-0.171862
0.004613
-0.097534
-0.045243
-0.994203
2.819471
---
0.133866
0.053256
0.015534
0.989446
-0.005526
0.011642
-0.113962
0.014229
-0.191876
0.001300
-0.101229
-0.044999
-0.993845
2.839617
---
0.134072
0.054985
0.015884
0.989318
0.009723
0.017305
-0.058879
0.084237
-0.134013
-0.028210
-0.104535
-0.046171
-0.993449
2.859763
---
0.134374
0.056241
0.016765
0.989191
0.008473
0.018123
-0.051705
0.111436
-0.079265
-0.032729
-0.106762
-0.048284
-0.993112
2.879901
---
0.134543
0.056615
0.018150
0.989123
0.008121
0.015266
-0.051525
0.127437
0.023949
-0.005104
-0.107113
-0.051141
-0.992931
2.900046
---
0.134486
0.056429
0.019264
0.989120
-0.010746
0.007260
-0.055389
0.136270
0.060176
-0.001365
-0.106449
-0.053286
-0.992889
2.919183
---
0.134267
0.055789
0.020820
0.989154
-0.004190
0.002423
-0.056385
0.155161
0.093549
0.007170
-0.104776
-0.056170
-0.992908
2.939325
---
0.134069
0.054832
0.022472
0.989199
-0.004799
0.001387
-0.067196
0.155775
0.115210
0.018655
-0.102455
-0.059160
-0.992977
2.959469
---
0.133657
0.053646
0.024588
0.989269
-0.006796
0.008300
-0.061394
0.221952
0.159263
0.025873
-0.099569
-0.062989
-0.993035
2.979615
---
0.133130
0.052396
0.027436
0.989332
-0.003596
0.003052
-0.061363
0.286174
0.128245
0.018410
-0.096370
-0.068237
-0.993004
2.999754
---
0.132710
0.051520
0.030338
0.989350
0.011578
-0.001441
-0.050468
0.251272
0.128825
0.026388
-0.093891
-0.073706
-0.992850
3.019900
---
0.132399
0.049832
0.032450
0.989411
0.021311
-0.007094
-0.068123
0.122708
0.179866
0.039778
-0.090017
-0.077407
-0.992928
3.040045
---
0.131884
0.048449
0.033355
0.989518
0.005689
-0.008479
-0.103432
0.081382
0.176409
0.056515
-0.087085
-0.078792
-0.993080
3.059183
---
0.131218
0.047003
0.034285
0.989645
0.018505
-0.001093
-0.100652
0.081738
0.146537
0.042013
-0.084034
-0.080195
-0.993231
3.079324
---
0.130870
0.045605
0.035299
0.989721
0.021505
-0.002707
-0.100770
0.066457
0.139799
-0.006857
-0.081034
-0.081809
-0.993348
3.099469
---
0.130767
0.044632
0.035679
0.989765
0.030356
-0.003199
-0.092103
-0.009210
0.093268
0.006009
-0.079019
-0.082300
-0.993470
3.119612
---
0.130545
0.043894
0.035530
0.989833
0.013201
-0.013438
-0.101044
-0.030683
0.069224
0.022732
-0.077619
-0.081797
-0.993622
3.139753
---
0.130302
0.043228
0.035274
0.989903
0.009548
0.003859
-0.090454
-0.033593
0.057404
0.027784
-0.076390
-0.081101
-0.993774
3.159898
---
0.129994
0.042522
0.034882
0.989988
0.004954
0.005817
-0.083794
-0.019552
0.062111
0.029838
-0.075125
-0.080120
-0.993950
3.180042
---
0.129700
0.042048
0.034846
0.990048
0.005858
0.006031
-0.083879
-0.007890
0.054927
0.062971
-0.074220
-0.079907
-0.994035
3.199182
---
0.129358
0.041199
0.034961
0.990125
-0.008087
-0.018368
-0.060567
0.000408
0.114689
0.019899
-0.072540
-0.079891
-0.994161
3.219322
---
0.129140
0.039601
0.034745
0.990226
-0.009884
-0.011657
-0.054019
-0.079179
0.176632
-0.001678
-0.069454
-0.079040
-0.994449
3.239466
---
0.129800
0.036927
0.034111
0.990265
0.005057
0.011723
-0.049633
-0.064534
0.222928
-0.118069
-0.064279
-0.077144
-0.994946
3.259609
---
0.130754
0.035135
0.034203
0.990202
0.006744
0.016827
-0.036207
0.004421
0.201773
-0.125346
-0.060638
-0.076923
-0.995191
3.279755
---
0.131785
0.033633
0.034603
0.990103
0.009901
0.016366
-0.036359
-0.036913
0.115255
-0.067411
-0.057481
-0.077384
-0.995343
3.299895
---
0.132377
0.032771
0.033668
0.990085
-0.014963
-0.013820
-0.053202
-0.157365
0.048609
-0.051129
-0.055979
-0.075344
-0.995585
3.320041
---
0.132866
0.031870
0.032432
0.990090
-0.014451
-0.011166
-0.060318
-0.176988
0.107743
-0.070744
-0.054490
-0.072690
-0.995865
3.339180
---
0.133925
0.030317
0.031140
0.990038
0.008858
0.008345
-0.005988
-0.105345
0.137335
-0.124702
-0.051689
-0.069780
-0.996222
3.359321
---
0.135182
0.029411
0.030818
0.989905
0.027254
0.015019
0.022184
-0.004185
0.027858
-0.133607
-0.049895
-0.068966
-0.996371
3.379468
---
0.136229
0.029759
0.031677
0.989724
0.026872
0.013173
0.022333
0.135935
-0.051631
-0.090907
-0.050277
-0.070812
-0.996222
3.399610
---
0.136651
0.030223
0.033131
0.989604
-0.009748
-0.007427
0.035272
0.157911
-0.025704
-0.036466
-0.050763
-0.073833
-0.995978
3.419754
---
0.136867
0.030467
0.034903
0.989505
-0.012654
-0.017843
0.037496
0.221973
-0.019841
-0.043921
-0.050740
-0.077413
-0.995707
3.439897
---
0.137699
0.032170
0.038311
0.989210
0.017218
-0.028015
0.052857
0.353888
-0.136603
-0.086127
-0.053095
-0.084656
-0.994995
3.460041
---
0.138409
0.033612
0.040856
0.988961
0.000491
-0.021756
0.045637
0.294670
-0.133576
-0.084772
-0.055173
-0.090115
-0.994402
3.479175
---
0.139022
0.034227
0.042847
0.988770
-0.000106
-0.025889
0.046054
0.129346
0.109732
-0.029881
-0.055771
-0.094249
-0.993985
3.499322
---
0.139228
0.031862
0.043533
0.988790
-0.027451
-0.034415
0.033164
-0.023082
0.301172
-0.026363
-0.050888
-0.094962
-0.994179
3.519465
---
0.139357
0.028512
0.043135
0.988891
-0.022883
-0.023923
0.047339
-0.134460
0.302551
-0.022422
-0.044367
-0.093259
-0.994653
3.539607
---
0.140003
0.025712
0.041298
0.988955
0.015394
-0.004899
0.012546
-0.247872
0.176553
-0.095445
-0.039294
-0.088884
-0.995267
3.559751
---
0.140868
0.023924
0.038913
0.988974
0.011495
0.009066
-0.002663
-0.300523
0.146749
-0.090779
-0.036357
-0.083708
-0.995827
3.579895
---
0.142291
0.021938
0.034885
0.988967
0.014386
0.017529
-0.003439
-0.406573
0.123995
-0.108586
-0.033465
-0.075244
-0.996603
3.600039
---
0.143295
0.020689
0.031621
0.988958
-0.008421
0.012579
-0.008863
-0.433829
0.072359
-0.123325
-0.031859
-0.068476
-0.997144
3.619174
---
0.144647
0.019611
0.027081
0.988918
0.003226
0.008148
0.016884
-0.452512
0.039800
-0.162847
-0.030954
-0.059235
-0.997764
3.639319
---
0.146587
0.017800
0.022762
0.988776
0.016394
0.017150
0.061240
-0.387329
0.127214
-0.192416
-0.028527
-0.050232
-0.998330
3.659463
---
0.148139
0.016083
0.020238
0.988629
0.009352
-0.002790
0.070672
-0.276226
0.141769
-0.152517
-0.025804
-0.044782
-0.998663
3.679608
---
0.149595
0.014088
0.018573
0.988473
0.012863
0.001058
0.070423
-0.163038
0.173107
-0.141463
-0.022293
-0.040934
-0.998913
3.699750
---
0.150986
0.012295
0.017174
0.988310
0.013110
0.010191
0.066322
-0.174968
0.129084
-0.132256
-0.019116
-0.037661
-0.999108
3.719892
---
0.152278
0.010548
0.015174
0.988165
-0.008413
0.000977
0.026074
-0.192313
0.106474
-0.104242
-0.016226
-0.033202
-0.999317
3.740035
---
0.153065
0.009675
0.013928
0.988071
-0.002161
-0.001188
0.058192
-0.148806
0.075300
-0.096589
-0.014856
-0.030485
-0.999425
3.759173
---
0.154056
0.008605
0.012866
0.987941
-0.003275
-0.005611
0.067862
-0.101707
0.106968
-0.091698
-0.013040
-0.028072
-0.999521
3.779317
---
0.154968
0.007475
0.012013
0.987818
-0.001284
-0.003588
0.067783
-0.110707
0.088796
-0.093044
-0.011049
-0.026049
-0.999600
3.799461
---
0.155824
0.006562
0.011139
0.987700
0.004180
0.001341
0.044280
-0.093586
0.066950
-0.092240
-0.009491
-0.024050
-0.999666
3.819604
---
0.156574
0.005750
0.010134
0.987598
-0.016977
-0.009126
0.034451
-0.107607
0.058018
-0.077702
-0.008188
-0.021821
-0.999728
3.839748
---
0.157162
0.005033
0.009409
0.987515
-0.021630
-0.016260
0.063704
-0.048919
0.052995
-0.038200
-0.006981
-0.020166
-0.999772
3.859891
---
0.157591
0.004343
0.009455
0.987450
-0.014387
-0.017115
0.101779
0.012660
0.071453
-0.047535
-0.005597
-0.020045
-0.999783
3.880037
---
0.157942
0.003796
0.009617
0.987394
-0.013251
-0.017260
0.101776
0.000446
0.063338
-0.044654
-0.004462
-0.020190
-0.999786
3.899173
---
0.158229
0.003054
0.009524
0.987352
-0.027434
-0.013917
0.078325
-0.030264
0.077986
-0.029051
-0.003020
-0.019776
-0.999800
3.919316
---
0.158431
0.002043
0.009367
0.987324
-0.027432
-0.002540
0.062684
-0.030967
0.087121
-0.023226
-0.001065
-0.019142
-0.999816
3.939460
---
0.158680
0.001221
0.009294
0.987286
-0.014124
0.001767
0.059746
-0.011087
0.059769
-0.015040
0.000525
-0.018741
-0.999824
3.959605
---
0.158882
0.001021
0.009279
0.987253
-0.015663
-0.005949
0.050956
-0.003980
0.004297
-0.024325
0.000938
-0.018645
-0.999826
3.979748
---
0.159154
0.001239
0.009234
0.987210
-0.016100
-0.005932
0.050955
-0.006153
-0.033665
-0.027608
0.000501
-0.018627
-0.999826
3.999890
---
0.159601
0.001568
0.008975
0.987140
-0.009029
-0.003576
0.052900
-0.026677
-0.012694
-0.039256
-0.000240
-0.018224
-0.999834
4.020034
---
0.159890
0.001495
0.008664
0.987096
-0.016774
-0.000005
0.046053
-0.046860
0.015488
-0.041205
-0.000172
-0.017583
-0.999845
4.039171
---
0.160171
0.000791
0.008179
0.987055
-0.022360
-0.001748
0.038221
-0.060881
0.101008
-0.019557
0.001077
-0.016396
-0.999865
4.059318
---
0.160473
-0.000366
0.008082
0.987007
-0.002507
0.004678
0.074350
-0.004010
0.117187
-0.031685
0.003352
-0.015830
-0.999869
4.079458
---
0.160826
-0.001642
0.008544
0.986944
0.000152
0.004179
0.074370
0.039710
0.133731
-0.035349
0.006011
-0.016329
-0.999849
4.099601
---
0.161105
-0.002578
0.009078
0.986892
0.008986
0.005372
0.086116
0.022537
0.069705
-0.017710
0.008009
-0.017089
-0.999822
4.119745
---
0.161069
-0.003047
0.009008
0.986897
-0.012571
-0.003124
0.046079
-0.029028
0.020843
0.013151
0.008913
-0.016796
-0.999819
4.139890
---
0.160955
-0.003808
0.008327
0.986919
-0.015192
-0.000564
0.029465
-0.090165
0.086239
0.005385
0.010199
-0.015213
-0.999832
4.160031
---
0.160990
-0.004821
0.007652
0.986915
-0.034892
0.003053
0.018718
-0.113104
0.113585
-0.003320
0.011983
-0.013549
-0.999836
4.179169
---
0.161133
-0.005421
0.006610
0.986896
-0.034041
0.005300
0.018701
-0.097111
-0.012877
-0.030256
0.012834
-0.011302
-0.999854
4.199313
---
0.161354
-0.004790
0.005811
0.986868
-0.018949
0.020352
0.010856
-0.041649
-0.091054
-0.022302
0.011325
-0.009921
-0.999887
4.219456
---
0.161544
-0.003937
0.005397
0.986843
-0.016851
-0.001570
0.062589
-0.007072
-0.112234
-0.010431
0.009516
-0.009382
-0.999911
4.239600
---
0.161549
-0.002531
0.005480
0.986846
-0.021551
-0.009025
0.057690
0.044488
-0.144854
-0.002229
0.006769
-0.010001
-0.999927
4.259746
---
0.161581
-0.001029
0.005902
0.986841
-0.015566
-0.002523
0.030345
0.083737
-0.129178
-0.000372
0.003965
-0.011312
-0.999928
4.279889
---
0.161150
0.000772
0.006684
0.986907
-0.018924
-0.004653
0.030364
0.070244
-0.158100
0.059016
0.000608
-0.013442
-0.999910
4.300029
---
0.160533
0.002348
0.007044
0.987003
-0.028749
-0.029311
0.037220
0.078700
-0.204961
0.084303
-0.002382
-0.014662
-0.999890
4.319167
---
0.159794
0.004913
0.007949
0.987106
-0.031573
-0.017261
0.017753
0.146640
-0.247906
0.092035
-0.007159
-0.017261
-0.999825
4.339311
---
0.159167
0.007799
0.009450
0.987176
-0.013370
-0.016255
0.041316
0.212548
-0.267086
0.050439
-0.012394
-0.021138
-0.999700
4.359457
---
0.158427
0.011067
0.010849
0.987249
-0.021347
-0.024929
0.015129
0.167157
-0.319641
0.093771
-0.018417
-0.024929
-0.999520
4.379601
---
0.157465
0.015230
0.011744
0.987337
-0.029305
-0.027985
0.015388
0.164047
-0.420690
0.102412
-0.026376
-0.027985
-0.999260
4.399745
---
0.156481
0.019372
0.012904
0.987407
-0.027381
-0.028617
0.019638
0.194847
-0.329353
0.093603
-0.034217
-0.031547
-0.998916
4.419884
---
0.156176
0.022753
0.014655
0.987358
-0.003245
-0.008702
0.047363
0.241046
-0.305538
0.009898
-0.040354
-0.036046
-0.998535
4.440029
---
0.156176
0.026019
0.016475
0.987249
-0.019862
-0.003548
-0.000056
0.224244
-0.271657
-0.003229
-0.046229
-0.040657
-0.998103
4.459168
---
0.155965
0.028215
0.018014
0.987195
-0.017862
-0.036556
0.027632
0.143683
-0.131998
0.009760
-0.050089
-0.044368
-0.997759
4.479310
---
0.155893
0.029525
0.019540
0.987139
-0.019972
-0.039970
0.027898
0.230070
-0.143554
-0.032834
-0.052199
-0.047782
-0.997493
4.499454
---
0.155884
0.031568
0.021480
0.987037
0.017622
-0.014158
0.033189
0.207879
-0.197416
0.021838
-0.055621
-0.052244
-0.997084
4.519597
---
0.155411
0.034056
0.023212
0.986990
0.003465
-0.015391
0.004374
0.205357
-0.208597
0.069698
-0.060011
-0.056406
-0.996603
4.539745
---
0.154805
0.036396
0.025000
0.986958
0.012069
-0.011788
0.001946
0.209209
-0.181707
0.062059
-0.064103
-0.060616
-0.996101
4.559885
---
0.154051
0.038368
0.026610
0.986959
-0.009919
-0.008684
-0.013218
0.146130
-0.105067
0.061896
-0.067536
-0.064348
-0.995640
4.580031
---
0.153643
0.039565
0.027460
0.986952
-0.012042
-0.010697
-0.012939
0.150448
-0.159474
0.040934
-0.069659
-0.066361
-0.995361
4.599165
---
0.153166
0.041693
0.028680
0.986904
-0.011007
0.002885
-0.036871
0.158787
-0.200786
0.058400
-0.073507
-0.069380
-0.994878
4.619309
---
0.152632
0.044175
0.029463
0.986856
-0.010813
-0.018902
-0.040259
0.122340
-0.225792
0.041164
-0.078196
-0.071637
-0.994361
4.639455
---
0.152181
0.046945
0.030064
0.986779
-0.014162
-0.012097
-0.015269
0.040262
-0.212504
0.044269
-0.083498
-0.073621
-0.993785
4.659596
---
0.151881
0.048894
0.030037
0.986732
-0.020959
-0.008699
-0.057868
0.029295
-0.259792
0.037958
-0.087366
-0.074129
-0.993414
4.679742
---
0.151442
0.051109
0.029920
0.986690
-0.025390
-0.009094
-0.057438
0.019485
-0.171975
0.049484
-0.091796
-0.074524
-0.992985
4.699882
---
0.150950
0.052020
0.030048
0.986714
-0.019367
-0.009572
-0.036727
0.015130
-0.003858
0.048867
-0.093585
-0.075002
-0.992782
4.720027
---
0.150294
0.051733
0.030164
0.986826
-0.013934
-0.006724
-0.026031
0.004687
0.045007
0.072751
-0.093036
-0.075083
-0.992828
4.740170
---
0.149539
0.051638
0.030279
0.986942
-0.009865
-0.005875
-0.051427
0.019416
-0.007905
0.102851
-0.092872
-0.075211
-0.992833
4.759308
---
0.148404
0.052371
0.030427
0.987070
-0.010372
-0.002370
-0.077624
0.039642
-0.092527
0.116657
-0.094356
-0.075612
-0.992663
4.779452
---
0.147332
0.053192
0.030451
0.987186
-0.012064
-0.002553
-0.077448
-0.006807
-0.059268
0.107991
-0.096048
-0.075795
-0.992487
4.799595
---
0.146463
0.053631
0.029830
0.987311
-0.012203
-0.001370
-0.074499
-0.072191
-0.053288
0.087687
-0.097164
-0.074612
-0.992468
4.819738
---
0.145760
0.054163
0.028912
0.987413
-0.004785
0.006216
-0.095976
-0.079283
-0.080549
0.075851
-0.098535
-0.072886
-0.992461
4.839882
---
0.145123
0.055159
0.028118
0.987475
-0.002143
0.004630
-0.079248
-0.051066
-0.130919
0.071643
-0.100776
-0.071542
-0.992334
4.860027
---
0.144605
0.056373
0.027397
0.987502
0.004008
0.011619
-0.058549
-0.042412
-0.106436
0.032811
-0.103414
-0.070412
-0.992143
4.880170
---
0.144273
0.057179
0.026831
0.987520
0.002233
0.012540
-0.058428
-0.052844
-0.111197
0.044892
-0.105189
-0.069491
-0.992021
4.899307
---
0.143916
0.058164
0.026270
0.987530
0.000106
0.010475
-0.075838
-0.026938
-0.093594
0.046376
-0.107316
-0.068626
-0.991854
4.919452
---
0.143553
0.058711
0.026010
0.987557
0.007718
0.013801
-0.075737
-0.013369
-0.035848
0.031551
-0.108493
-0.068230
-0.991753
4.939595
---
0.143340
0.059157
0.025755
0.987568
0.005775
0.007366
-0.076635
-0.021820
-0.028116
0.006666
-0.109459
-0.067829
-0.991674
4.960529
---
0.143338
0.059227
0.025514
0.987570
0.022169
0.017589
-0.074690
-0.031614
-0.008913
-0.003507
-0.109667
-0.067372
-0.991683
4.979670
---
0.143251
0.059353
0.025364
0.987579
0.021872
0.017857
-0.074676
-0.000093
-0.021912
0.023528
-0.109964
-0.067104
-0.991668
4.999811
---
0.143010
0.059638
0.025394
0.987596
0.007632
0.011884
-0.062886
0.013635
-0.025925
0.028659
-0.110532
-0.067218
-0.991597
5.019955
---
0.142617
0.059441
0.025510
0.987662
0.002165
0.012733
-0.070733
0.002524
0.069845
0.027562
-0.110140
-0.067345
-0.991632
5.040099
---
0.142345
0.058799
0.025614
0.987737
0.011253
0.018598
-0.068922
0.006118
0.089620
0.022161
-0.108865
-0.067339
-0.991773
5.059235
---
0.142089
0.057704
0.025860
0.987832
0.018346
0.018449
-0.072081
0.010394
0.112481
0.033051
-0.106654
-0.067488
-0.992003
5.079378
---
0.141667
0.056486
0.026427
0.987948
0.020878
0.017715
-0.072300
0.051604
0.109150
0.027914
-0.104122
-0.068222
-0.992222
5.099521
---
0.141408
0.055665
0.027046
0.988015
0.020700
0.010892
-0.071441
0.059664
0.115977
0.026340
-0.102347
-0.069187
-0.992340
5.119666
---
0.140929
0.054109
0.027816
0.988149
0.015163
0.016690
-0.062910
0.035333
0.132001
0.046458
-0.099095
-0.070224
-0.992597
5.139809
---
0.140448
0.053444
0.028102
0.988245
0.006755
0.010498
-0.100130
0.026152
0.073697
0.058451
-0.097737
-0.070556
-0.992708
5.159953
---
0.139381
0.053140
0.028390
0.988404
0.018100
0.019884
-0.087467
0.032524
0.013494
0.086319
-0.097134
-0.070936
-0.992740
5.180097
---
0.138668
0.052993
0.028830
0.988500
0.018463
0.019126
-0.087448
0.071204
0.044592
0.080746
-0.096771
-0.071694
-0.992721
5.199235
---
0.137793
0.052071
0.030026
0.988635
0.017622
0.021007
-0.066993
0.128873
0.150039
0.079085
-0.094683
-0.073720
-0.992774
5.219378
---
0.136713
0.050633
0.031843
0.988803
-0.006464
0.024745
-0.080735
0.159160
0.166517
0.105299
-0.091425
-0.076817
-0.992845
5.239520
---
0.135671
0.049620
0.033317
0.988950
-0.014883
-0.005144
-0.122738
0.123305
0.105713
0.112774
-0.089102
-0.079363
-0.992856
5.259664
---
0.134412
0.048922
0.034682
0.989109
-0.005425
-0.016330
-0.092417
0.134602
0.074308
0.135344
-0.087456
-0.081760
-0.992808
5.279809
---
0.133020
0.048146
0.036431
0.989273
-0.003536
-0.019460
-0.092319
0.176702
0.133241
0.132779
-0.085567
-0.084890
-0.992709
5.299949
---
0.131390
0.046422
0.038304
0.989502
-0.000750
-0.005972
-0.062092
0.123780
0.196390
0.132156
-0.081805
-0.088003
-0.992756
5.320099
---
0.130263
0.044773
0.039172
0.989693
-0.010059
-0.019866
-0.064211
0.062598
0.212697
0.126043
-0.078418
-0.089202
-0.992922
5.339232
---
0.129415
0.042885
0.039651
0.989869
0.015204
-0.019286
-0.042982
-0.004656
0.127755
0.017532
-0.074639
-0.089598
-0.993177
5.359376
---
0.129481
0.041800
0.039454
0.989915
0.018282
-0.007882
-0.023666
-0.079821
0.128537
-0.024084
-0.072539
-0.088937
-0.993392
5.379520
---
0.129661
0.040316
0.038278
0.989999
0.020920
-0.005190
-0.024092
-0.201002
0.141250
-0.004450
-0.069901
-0.086245
-0.993819
5.399662
---
0.129716
0.039420
0.035571
0.990129
0.006363
-0.016215
-0.037330
-0.326707
-0.016542
0.014002
-0.068832
-0.080668
-0.994362
5.419808
---
0.129421
0.039596
0.031712
0.990291
-0.013574
-0.024229
-0.043681
-0.391062
-0.073295
0.030705
-0.070214
-0.073057
-0.994853
5.439949
---
0.129313
0.038826
0.027189
0.990470
-0.001521
-0.015073
0.028907
-0.387823
0.090834
0.004296
-0.069880
-0.063902
-0.995507
5.460096
---
0.129409
0.037322
0.024549
0.990585
0.008584
-0.000679
0.054772
-0.331598
0.159428
-0.016911
-0.067588
-0.058296
-0.996009
5.479230
---
0.129639
0.035619
0.021418
0.990690
0.011149
0.005945
0.054236
-0.345029
0.087641
-0.002970
-0.065022
-0.051672
-0.996545
5.499374
---
0.129690
0.034837
0.018291
0.990774
0.002121
-0.008171
0.010909
-0.295232
0.015738
0.005994
-0.064285
-0.045281
-0.996904
5.519518
---
0.129855
0.034101
0.015777
0.990821
0.009763
-0.000081
0.080949
-0.236512
0.057871
-0.008334
-0.063479
-0.040120
-0.997176
5.539662
---
0.130147
0.033173
0.013647
0.990846
0.018868
0.010218
0.088511
-0.204051
0.061500
-0.028377
-0.062187
-0.035681
-0.997427
5.559806
---
0.130779
0.032409
0.012049
0.990808
-0.015174
0.013546
0.049266
-0.128071
0.071083
-0.065952
-0.061073
-0.032353
-0.997609
5.579950
---
0.131801
0.031011
0.011295
0.990727
-0.012571
0.015344
0.049053
-0.058502
0.145313
-0.086624
-0.058469
-0.030554
-0.997822
5.600094
---
0.132415
0.029514
0.011354
0.990690
-0.002737
-0.005898
0.068406
-0.006238
0.208709
-0.077189
-0.055471
-0.030312
-0.998000
5.619232
---
0.133295
0.027623
0.011839
0.990621
0.016788
0.001405
0.048681
0.039433
0.176583
-0.093709
-0.051571
-0.030822
-0.998194
5.639375
---
0.134218
0.026222
0.012827
0.990522
0.007160
0.012472
0.011470
0.089237
0.120893
-0.087192
-0.048504
-0.032449
-0.998296
5.659547
---
0.135195
0.025203
0.013966
0.990400
-0.018801
0.007512
0.006543
0.096679
0.135872
-0.100778
-0.046145
-0.034480
-0.998340
5.679904
---
0.137380
0.023709
0.014877
0.990123
-0.015519
0.006016
0.006450
-0.029897
-0.032318
-0.094283
-0.042863
-0.035976
-0.998433
5.719183
---
0.138175
0.024454
0.014313
0.990002
-0.019072
-0.007755
0.008442
-0.055252
-0.101465
-0.065841
-0.044462
-0.035099
-0.998394
5.739331
---
0.138578
0.024887
0.013596
0.989945
-0.036718
-0.009401
0.021140
-0.063784
0.007391
-0.029067
-0.045507
-0.033816
-0.998392
5.759473
---
0.138945
0.024487
0.013278
0.989908
-0.014514
-0.003795
0.050380
-0.028791
0.054124
-0.045902
-0.044788
-0.033092
-0.998448
5.779621
---
0.139506
0.023865
0.013091
0.989847
-0.013320
-0.003279
0.050310
-0.036814
0.041651
-0.070341
-0.043593
-0.032576
-0.998518
5.799759
---
0.140250
0.023682
0.012706
0.989751
-0.008160
-0.001522
0.026835
-0.047667
-0.021189
-0.077784
-0.043316
-0.031796
-0.998555
5.819904
---
0.140878
0.024004
0.012198
0.989661
-0.018686
-0.003563
0.025864
-0.065949
-0.050999
-0.076868
-0.044077
-0.030907
-0.998550
5.840045
---
0.141622
0.023806
0.011659
0.989566
-0.007680
-0.009311
0.074648
-0.042522
0.049475
-0.058690
-0.043813
-0.029819
-0.998595
5.859184
---
0.142252
0.023376
0.011325
0.989490
-0.019601
-0.011484
0.052131
-0.034649
0.012757
-0.059040
-0.043038
-0.029062
-0.998651
5.879327
---
0.142968
0.023508
0.010686
0.989390
-0.020025
-0.010290
0.052115
-0.073600
-0.032773
-0.068971
-0.043462
-0.027868
-0.998666
5.899472
---
0.143503
0.023580
0.009781
0.989321
-0.014551
-0.010496
0.068686
-0.105464
-0.001901
-0.052356
-0.043848
-0.026121
-0.998697
5.919616
---
0.143963
0.023042
0.008833
0.989275
-0.013750
-0.007512
0.070554
-0.101487
0.053039
-0.053495
-0.043047
-0.024114
-0.998782
5.939758
---
0.144554
0.022554
0.008276
0.989205
-0.012933
-0.006290
0.070490
-0.050828
0.021942
-0.058427
-0.042229
-0.022892
-0.998846
5.959900
---
0.145340
0.022608
0.007690
0.989094
-0.005378
-0.011045
0.046062
-0.048125
-0.027327
-0.064249
-0.042488
-0.021787
-0.998859
5.980049
---
0.145859
0.022701
0.007357
0.989018
-0.005646
-0.010435
0.046061
-0.036854
-0.010890
-0.076125
-0.042755
-0.021177
-0.998861
5.999185
---
0.146531
0.022939
0.007092
0.988915
-0.006180
-0.016847
0.049004
-0.016970
-0.041327
-0.065765
-0.043289
-0.020753
-0.998847
6.019324
---
0.147294
0.023603
0.007139
0.988785
-0.005510
-0.008379
0.054927
0.024398
-0.076419
-0.072373
-0.044572
-0.021075
-0.998784
6.039469
---
0.147969
0.024498
0.007316
0.988662
0.000599
-0.013906
0.044276
0.031504
-0.088171
-0.061374
-0.046276
-0.021718
-0.998693
6.059614
---
0.148578
0.025244
0.007769
0.988548
-0.007562
-0.012119
0.044364
0.059661
-0.041177
-0.050337
-0.047601
-0.022862
-0.998605
6.079760
---
0.149157
0.025497
0.008370
0.988449
-0.007868
-0.013414
0.044409
0.059668
-0.016586
-0.052917
-0.047907
-0.024156
-0.998560
6.099903
---
0.149729
0.025833
0.008913
0.988349
-0.005428
-0.012656
0.036650
0.048200
-0.047931
-0.054604
-0.048397
-0.025351
-0.998506
6.120044
---
0.150158
0.026530
0.009255
0.988263
0.003076
-0.014539
0.023063
0.049165
-0.117438
-0.056438
-0.049658
-0.026258
-0.998421
6.139181
---
0.150720
0.027993
0.009464
0.988135
-0.002663
-0.009567
0.028113
0.037181
-0.142438
-0.059709
-0.052467
-0.027145
-0.998254
6.159324
---
0.151145
0.029231
0.009449
0.988034
-0.006078
-0.005048
0.039973
0.015459
-0.118929
-0.027703
-0.054906
-0.027509
-0.998113
6.179468
---
0.151634
0.030504
0.009067
0.987924
-0.008693
-0.004711
0.040111
-0.030816
-0.140501
-0.053204
-0.057521
-0.027172
-0.997975
6.199611
---
0.152118
0.031929
0.008438
0.987810
0.002964
0.007795
0.036361
-0.050618
-0.187762
-0.043848
-0.060512
-0.026385
-0.997819
6.219755
---
0.152546
0.034078
0.007482
0.987680
0.002350
-0.005649
0.040520
-0.064549
-0.248483
-0.023674
-0.065033
-0.025180
-0.997565
6.239899
---
0.152788
0.036275
0.006562
0.987571
-0.000308
-0.005494
0.063265
-0.044262
-0.170298
-0.008162
-0.069643
-0.024048
-0.997282
6.260043
---
0.152769
0.037336
0.005964
0.987538
-0.006489
-0.007560
0.062429
-0.057013
-0.126054
0.012931
-0.071918
-0.023185
-0.997141
6.279180
---
0.152548
0.038343
0.005182
0.987538
-0.008720
-0.006306
0.062564
-0.052569
-0.091181
0.032687
-0.074150
-0.021931
-0.997006
6.299323
---
0.152278
0.038696
0.004723
0.987569
-0.016400
-0.005485
0.070422
-0.034435
-0.002910
0.030727
-0.074993
-0.021110
-0.996961
6.319468
---
0.151903
0.038235
0.004384
0.987646
-0.007786
-0.010517
0.092806
-0.032369
0.038087
0.050105
-0.074192
-0.020283
-0.997038
6.339612
---
0.151423
0.037823
0.004352
0.987736
-0.005041
-0.004430
0.080048
0.004787
0.055318
0.058158
-0.073401
-0.020055
-0.997101
6.359755
---
0.150726
0.036964
0.005048
0.987871
-0.012915
-0.004520
0.074073
0.060981
0.112703
0.053812
-0.071509
-0.021121
-0.997216
6.380358
---
0.150020
0.035461
0.005885
0.988029
-0.009716
-0.005665
0.073873
0.059126
0.192284
0.077363
-0.068310
-0.022266
-0.997416
6.399982
---
0.149268
0.033935
0.006623
0.988192
-0.011380
-0.009550
0.045360
0.053068
0.111693
0.068255
-0.065091
-0.023222
-0.997609
6.420127
---
0.148746
0.033792
0.007043
0.988273
-0.003172
-0.005420
0.031680
0.056125
-0.049711
0.063686
-0.064696
-0.023975
-0.997617
6.439904
---
0.148061
0.034498
0.007685
0.988347
0.010257
-0.008805
0.032772
0.072051
-0.054988
0.060770
-0.065915
-0.025406
-0.997502
6.460048
---
0.147603
0.035135
0.008410
0.988387
-0.008378
0.008157
0.019212
0.087862
-0.048130
0.032480
-0.066971
-0.026999
-0.997390
6.479367
---
0.147353
0.036461
0.009041
0.988370
-0.010816
0.006539
0.019424
0.063910
-0.166178
0.016934
-0.069410
-0.028617
-0.997178
6.500040
---
0.147238
0.038252
0.009145
0.988319
-0.022135
-0.000044
0.010906
0.049891
-0.248380
0.009841
-0.072916
-0.029341
-0.996906
6.519166
---
0.147186
0.040939
0.009351
0.988217
-0.011755
-0.006120
0.049425
0.073520
-0.260927
0.011890
-0.078162
-0.030534
-0.996473
6.539899
---
0.146907
0.043787
0.010305
0.988127
-0.014171
-0.016630
0.051899
0.144603
-0.169306
0.020928
-0.083507
-0.033231
-0.995953
6.560001
---
0.146757
0.045467
0.011893
0.988055
0.002509
-0.010480
0.050316
0.188222
-0.130881
-0.003618
-0.086358
-0.036847
-0.995583
6.580362
---
0.146731
0.047013
0.013658
0.987964
-0.000020
-0.014415
0.050692
0.198565
-0.122778
-0.006930
-0.088887
-0.040783
-0.995206
6.600025
---
0.146547
0.048805
0.015049
0.987884
-0.005103
-0.015719
0.024748
0.141886
-0.187515
0.018166
-0.092017
-0.044039
-0.994783
6.620161
---
0.146241
0.050361
0.015725
0.987841
-0.011891
-0.020407
0.009473
0.138322
-0.232013
0.055925
-0.094898
-0.045798
-0.994433
6.639916
---
0.145610
0.053036
0.017546
0.987764
0.002875
0.000675
0.049210
0.240688
-0.157998
0.037943
-0.099664
-0.050107
-0.993759
6.660045
---
0.144996
0.054327
0.019931
0.987739
-0.004861
-0.020948
0.018416
0.213800
-0.048829
0.047918
-0.101541
-0.055127
-0.993303
6.679340
---
0.144517
0.054841
0.021277
0.987752
-0.005509
-0.023704
0.018639
0.201085
-0.042112
0.057953
-0.102188
-0.057884
-0.993080
6.700029
---
0.143635
0.055698
0.023338
0.987787
-0.022276
-0.023043
-0.010284
0.166544
-0.057739
0.061053
-0.103330
-0.062106
-0.992706
6.719168
---
0.142857
0.056795
0.024639
0.987805
-0.006533
-0.005334
-0.017725
0.120568
-0.093127
0.085489
-0.105165
-0.064904
-0.992335
6.739858
---
0.141799
0.057799
0.025205
0.987885
-0.027949
-0.016387
-0.051618
0.051772
-0.074677
0.112083
-0.107051
-0.066192
-0.992048
6.760006
---
0.140442
0.058424
0.025582
0.988033
-0.012562
-0.005439
-0.037763
0.052572
-0.024950
0.112050
-0.108265
-0.066962
-0.991864
6.780148
---
0.139610
0.058672
0.025981
0.988125
-0.012992
-0.006205
-0.037664
0.051530
-0.040818
0.076934
-0.108695
-0.067729
-0.991765
6.799284
---
0.138837
0.059949
0.025717
0.988164
0.001943
-0.017667
-0.030552
-0.041269
-0.150774
0.065787
-0.111339
-0.067472
-0.991489
6.819430
---
0.138463
0.061274
0.024965
0.988155
-0.004809
-0.002831
-0.074252
-0.104892
-0.223296
0.063856
-0.114184
-0.066308
-0.991244
6.839913
---
0.137232
0.064566
0.023184
0.988160
-0.027491
-0.007875
-0.082384
-0.061369
-0.241847
0.114119
-0.121241
-0.063539
-0.990587
6.860022
---
0.136070
0.066521
0.022662
0.988204
-0.033509
-0.009182
-0.006724
-0.006847
-0.149942
0.128425
-0.125306
-0.062893
-0.990123
6.880318
---
0.134793
0.067784
0.022250
0.988302
-0.036188
-0.008544
-0.006422
-0.025967
-0.118807
0.133032
-0.127985
-0.062255
-0.989820
6.900004
---
0.133598
0.069209
0.021600
0.988380
-0.023616
-0.007481
-0.044175
-0.030659
-0.146448
0.124087
-0.131038
-0.061192
-0.989487
6.920148
---
0.132736
0.069994
0.021403
0.988445
-0.015501
-0.005229
-0.062528
0.004354
-0.070415
0.108483
-0.132688
-0.060894
-0.989286
6.939899
---
0.131638
0.071033
0.021328
0.988519
0.005804
0.000658
-0.061264
-0.003613
-0.108688
0.087021
-0.134821
-0.060866
-0.988999
6.960008
---
0.131004
0.072627
0.020881
0.988497
0.003489
0.002187
-0.114555
-0.028841
-0.195499
0.047035
-0.138113
-0.060313
-0.988578
6.980332
---
0.130786
0.074213
0.020337
0.988420
0.000214
0.002885
-0.114134
-0.038266
-0.189868
0.021853
-0.141387
-0.059615
-0.988158
7.000020
---
0.130922
0.075905
0.019603
0.988288
0.005492
0.014620
-0.113685
-0.047592
-0.127341
-0.009725
-0.144899
-0.058622
-0.987708
7.020167
---
0.130978
0.076669
0.019183
0.988230
0.003884
0.006455
-0.087117
-0.036005
-0.085619
0.002980
-0.146507
-0.057998
-0.987508
7.039885
---
0.130972
0.076870
0.018891
0.988221
-0.001472
0.007957
-0.078289
-0.003899
0.012249
0.011141
-0.146980
-0.057472
-0.987468
7.059993
---
0.130574
0.076537
0.019087
0.988296
-0.008602
0.008692
-0.081306
0.034112
0.060335
0.045476
-0.146297
-0.057715
-0.987556
7.080322
---
0.130125
0.075923
0.019613
0.988392
-0.007284
0.007874
-0.081452
0.066902
0.103047
0.052491
-0.144980
-0.058532
-0.987702
7.100006
---
0.129269
0.074736
0.020633
0.988574
0.001124
0.005311
-0.058290
0.071463
0.105559
0.061210
-0.142431
-0.060119
-0.987977
7.120151
---
0.128761
0.074021
0.021175
0.988683
0.009476
0.004499
-0.073106
0.055659
0.093007
0.065107
-0.140914
-0.060931
-0.988145
7.139892
---
0.127939
0.073155
0.021692
0.988842
0.003451
-0.000095
-0.080153
0.036942
0.068104
0.057711
-0.139127
-0.061619
-0.988356
7.160010
---
0.127475
0.072587
0.022211
0.988933
0.002720
-0.007749
-0.048046
0.053814
0.067464
0.028921
-0.137905
-0.062436
-0.988476
7.180154
---
0.127277
0.071863
0.022848
0.988997
0.004297
-0.008801
-0.048198
0.050385
0.093912
0.003600
-0.136328
-0.063488
-0.988627
7.199992
---
0.127223
0.070889
0.023290
0.989064
0.008276
-0.002584
-0.045505
0.015125
0.100342
0.006319
-0.134302
-0.064107
-0.988865
7.220137
---
0.127182
0.070170
0.023241
0.989121
0.010654
-0.003280
-0.075986
-0.024885
0.077888
0.006534
-0.132901
-0.063827
-0.989072
7.239888
---
0.127161
0.069331
0.022837
0.989192
0.009271
-0.000313
-0.078211
-0.039764
0.059752
0.006243
-0.131354
-0.062813
-0.989344
7.259997
---
0.127253
0.068606
0.022499
0.989239
0.011592
-0.008264
-0.062816
-0.040204
0.062978
-0.015560
-0.130010
-0.061975
-0.989574
7.280294
---
0.127339
0.067744
0.022259
0.989293
0.013233
-0.007583
-0.063073
-0.034469
0.099880
-0.004611
-0.128369
-0.061294
-0.989831
7.300009
---
0.127321
0.066636
0.021914
0.989378
0.005560
-0.003691
-0.065354
-0.061387
0.111544
0.016744
-0.126276
-0.060331
-0.990159
7.320154
---
0.127122
0.065793
0.021546
0.989468
-0.007535
-0.000771
-0.087094
-0.059548
0.092204
0.033251
-0.124723
-0.059365
-0.990414
7.339896
---
0.126673
0.064621
0.021356
0.989607
-0.002371
-0.000046
-0.063002
0.009489
0.094758
0.037326
-0.122488
-0.058639
-0.990736
7.360044
---
0.126218
0.063972
0.021824
0.989697
-0.016623
-0.012474
-0.030902
0.068820
0.092076
0.059526
-0.121116
-0.059349
-0.990863
7.379272
---
0.125010
0.063287
0.023082
0.989866
-0.015029
-0.014644
-0.030963
0.118145
0.072108
0.117024
-0.119521
-0.061519
-0.990924
7.399995
---
0.123728
0.062347
0.024282
0.990058
-0.026625
-0.018587
-0.037922
0.112438
0.169420
0.125182
-0.117445
-0.063509
-0.991047
7.420140
---
0.122744
0.060879
0.025301
0.990246
-0.028422
-0.009390
-0.035252
0.118440
0.226631
0.097153
-0.114360
-0.065054
-0.991307
7.439882
---
0.121654
0.057965
0.027425
0.990499
-0.013430
-0.000072
-0.018143
0.178217
0.285434
0.044694
-0.108156
-0.068432
-0.991776
7.460029
---
0.121258
0.056067
0.029259
0.990604
0.003438
0.014373
-0.024227
0.217092
0.235943
0.013342
-0.103984
-0.071565
-0.992001
7.479258
---
0.121068
0.054196
0.031784
0.990654
0.007738
0.009839
-0.024332
0.167325
0.153323
-0.012541
-0.099683
-0.076099
-0.992105
7.500012
---
0.121219
0.053358
0.032872
0.990645
-0.001068
0.011778
-0.046832
0.030754
0.071517
-0.032221
-0.097748
-0.078066
-0.992145
7.520157
---
0.121424
0.053357
0.032803
0.990623
-0.008879
0.007011
-0.060513
-0.027281
-0.024186
-0.025847
-0.097746
-0.077950
-0.992154
7.539915
---
0.122064
0.054435
0.032406
0.990498
-0.001292
0.002593
-0.041778
-0.025209
-0.120160
-0.062695
-0.099925
-0.077485
-0.991973
7.560015
---
0.122967
0.055770
0.032112
0.990322
0.011694
0.020338
-0.024920
-0.005817
-0.143579
-0.088535
-0.102563
-0.077318
-0.991717
7.580253
---
0.123900
0.056713
0.031981
0.990156
0.009874
0.020269
-0.024725
-0.002724
-0.056496
-0.087580
-0.104384
-0.077388
-0.991522
7.599998
---
0.124803
0.056554
0.031750
0.990059
0.011175
0.003092
-0.043345
-0.055669
0.051579
-0.080578
-0.104060
-0.076987
-0.991587
7.620137
---
0.125309
0.055922
0.031349
0.990044
-0.014983
-0.008706
-0.043538
-0.093650
0.104476
-0.079434
-0.102874
-0.076089
-0.991780
7.639887
---
0.126249
0.053544
0.030698
0.990077
0.001336
-0.003019
0.010548
-0.054773
0.223152
-0.075883
-0.098273
-0.074308
-0.992381
7.660001
---
0.127090
0.050429
0.031316
0.990113
0.006732
0.015012
0.028532
0.076490
0.288130
-0.078431
-0.091900
-0.074831
-0.992952
7.680056
---
0.127656
0.048389
0.032436
0.990106
0.011094
0.013259
0.028272
0.112385
0.234945
-0.077891
-0.087539
-0.076585
-0.993213
7.699983
---
0.128090
0.046678
0.033308
0.990103
0.003991
-0.016390
-0.010025
0.006578
0.098886
-0.031169
-0.083900
-0.077913
-0.993424
7.720128
---
0.128354
0.045497
0.032509
0.990151
-0.000697
-0.026252
-0.035739
-0.148407
0.118912
-0.029487
-0.081752
-0.076057
-0.993746
7.740910
---
0.128797
0.043662
0.030852
0.990229
0.024015
-0.021568
0.001810
-0.273048
0.219261
-0.056440
-0.078524
-0.072349
-0.994283
7.760018
---
0.129513
0.040771
0.028503
0.990329
0.015497
-0.011353
0.021551
-0.247600
0.268489
-0.075917
-0.073370
-0.067017
-0.995051
7.780158
---
0.130329
0.037600
0.026765
0.990396
0.021366
-0.007155
0.020862
-0.168983
0.233116
-0.059878
-0.067501
-0.062819
-0.995740
7.800026
---
0.130918
0.035723
0.025078
0.990432
0.002209
-0.012155
0.012599
-0.236556
0.111114
-0.046584
-0.064197
-0.059030
-0.996190
7.820173
---
0.131159
0.035124
0.023573
0.990458
-0.013590
-0.017824
-0.008140
-0.269445
0.043812
-0.030132
-0.063395
-0.055910
-0.996421
7.839888
---
0.131233
0.033847
0.019631
0.990579
-0.008193
-0.020434
0.013804
-0.279655
0.098758
0.010856
-0.061904
-0.047778
-0.996938
7.860003
---
0.131096
0.031728
0.017782
0.990702
-0.009377
-0.019139
0.041708
-0.163948
0.212730
0.005715
-0.058206
-0.043553
-0.997354
7.880209
---
0.131074
0.029380
0.016879
0.990793
-0.004965
-0.016736
0.041359
-0.090974
0.205282
-0.009134
-0.053793
-0.041150
-0.997704
7.900016
---
0.131328
0.027811
0.016176
0.990817
-0.006917
-0.000298
0.026484
-0.098292
0.111203
-0.032272
-0.050863
-0.039361
-0.997930
7.920160
---
0.131561
0.027048
0.015375
0.990820
0.000250
-0.009263
0.018537
-0.113612
0.078225
-0.028140
-0.049555
-0.037583
-0.998064
7.939417
---
0.131738
0.025915
0.014520
0.990839
0.007158
-0.021932
0.043757
-0.068575
0.111034
-0.012558
-0.047529
-0.035604
-0.998235
7.959989
---
0.131944
0.024487
0.014381
0.990850
0.012886
-0.012499
0.051418
-0.009480
0.118718
-0.025786
-0.044731
-0.034960
-0.998387
7.980225
---
0.132420
0.023340
0.014468
0.990813
0.015198
-0.012393
0.051313
-0.006221
0.124336
-0.058244
-0.042419
-0.034854
-0.998492
8.000001
---
0.133021
0.022131
0.014351
0.990762
0.002932
-0.006006
0.017017
-0.046610
0.166653
-0.103900
-0.040037
-0.034326
-0.998608
8.020143
---
0.134037
0.020198
0.013864
0.990673
-0.002126
-0.009447
0.035380
-0.091005
0.177064
-0.119216
-0.036305
-0.032885
-0.998800
8.039958
---
0.135325
0.018492
0.013043
0.990543
0.001075
-0.003500
0.044969
-0.064835
0.100631
-0.099049
-0.033105
-0.030844
-0.998976
8.060036
---
0.136075
0.017771
0.012798
0.990456
-0.008282
-0.001870
0.047834
-0.033095
0.080066
-0.091094
-0.031720
-0.030191
-0.999041
8.079206
---
0.136913
0.016721
0.012721
0.990360
-0.006200
-0.001455
0.047758
-0.013290
0.081561
-0.065158
-0.029638
-0.029775
-0.999117
8.100018
---
0.137618
0.016007
0.012674
0.990275
0.002060
-0.028529
0.054545
-0.036829
0.039562
-0.081800
-0.028214
-0.029506
-0.999166
8.120162
---
0.138224
0.015985
0.012203
0.990197
0.014684
-0.033468
0.067215
-0.083182
-0.032632
-0.082004
-0.028285
-0.028585
-0.999191
8.139945
---
0.139206
0.016373
0.011042
0.990067
0.003857
-0.008844
0.051561
-0.084087
-0.052225
-0.098043
-0.029346
-0.026422
-0.999220
8.160027
---
0.140197
0.016767
0.010463
0.989926
-0.002921
-0.002955
0.066211
-0.046304
-0.043771
-0.091330
-0.030265
-0.025416
-0.999219
8.180171
---
0.140852
0.017068
0.010066
0.989832
-0.003610
-0.002275
0.066215
-0.040177
-0.050495
-0.079347
-0.030954
-0.024736
-0.999215
8.199314
---
0.141646
0.017505
0.009536
0.989717
-0.027066
0.011318
0.075014
-0.049366
-0.046600
-0.081268
-0.031949
-0.023838
-0.999205
8.219444
---
0.142284
0.017841
0.009121
0.989623
-0.013185
0.006164
0.087717
-0.044699
-0.044948
-0.068977
-0.032716
-0.023133
-0.999197
8.239862
---
0.142968
0.018451
0.008723
0.989517
-0.024257
0.001877
0.087747
-0.017133
-0.042089
-0.028686
-0.034023
-0.022538
-0.999167
8.259976
---
0.143069
0.018816
0.008509
0.989497
-0.030896
-0.011486
0.069212
-0.020280
-0.029168
-0.003936
-0.034802
-0.022229
-0.999147
8.280183
---
0.143206
0.018927
0.008315
0.989477
-0.031167
-0.011136
0.069214
-0.012625
-0.013928
-0.017880
-0.035073
-0.021878
-0.999145
8.299989
---
0.143275
0.019346
0.008247
0.989460
-0.020295
-0.013077
0.074127
0.015587
-0.055069
-0.003744
-0.035920
-0.021866
-0.999115
8.320134
---
0.143305
0.019618
0.008389
0.989449
-0.028607
-0.004648
0.059504
0.035068
-0.024580
-0.004051
-0.036420
-0.022226
-0.999089
8.339878
---
0.143141
0.020313
0.009331
0.989450
-0.034597
-0.008656
0.045921
0.094828
-0.066215
0.021428
-0.037526
-0.024281
-0.999001
8.359993
---
0.143024
0.021270
0.010085
0.989439
-0.017724
-0.008461
0.042124
0.082127
-0.074099
0.007452
-0.039208
-0.026039
-0.998892
8.380169
---
0.143065
0.021850
0.010517
0.989416
-0.018742
-0.009489
0.042192
0.038655
-0.034442
-0.004081
-0.040227
-0.027067
-0.998824
8.399975
---
0.143098
0.022116
0.010534
0.989405
-0.009500
-0.003737
0.038310
-0.011004
-0.041968
-0.001827
-0.040750
-0.027174
-0.998800
8.420118
---
0.143220
0.022619
0.010234
0.989379
-0.007645
-0.006225
0.013928
-0.034956
-0.077853
-0.015401
-0.041825
-0.026733
-0.998767
8.439895
---
0.143466
0.023532
0.009514
0.989330
-0.008676
-0.003117
0.042304
-0.059308
-0.068561
-0.030414
-0.043832
-0.025578
-0.998711
8.459979
---
0.143895
0.023550
0.008765
0.989274
-0.000129
-0.001656
0.085247
-0.096435
0.032274
-0.053545
-0.044075
-0.024116
-0.998737
8.480155
---
0.144565
0.022353
0.007622
0.989214
0.001925
0.000920
0.085100
-0.151372
0.128803
-0.065896
-0.042020
-0.021541
-0.998885
8.499988
---
0.145085
0.021297
0.006153
0.989171
-0.002263
0.000204
0.081061
-0.155406
0.052572
-0.022848
-0.040349
-0.018351
-0.999017
8.520135
---
0.145142
0.020736
0.005029
0.989181
-0.039563
-0.008157
0.071223
-0.157036
0.054071
0.010252
-0.039563
-0.015969
-0.999089
8.539880
---
0.144906
0.019834
0.003309
0.989241
-0.042190
-0.017177
0.073074
-0.142544
0.071188
0.034081
-0.038284
-0.012294
-0.999191
8.560027
---
0.144468
0.018165
0.002287
0.989340
-0.029424
-0.012694
0.118834
-0.108796
0.224907
0.046975
-0.035283
-0.009764
-0.999330
8.580141
---
0.143918
0.015889
0.001735
0.989460
-0.025082
-0.010961
0.118675
-0.076121
0.205246
0.055551
-0.030942
-0.008031
-0.999489
8.600009
---
0.143429
0.014634
0.001292
0.989552
-0.022733
-0.017498
0.094182
-0.049998
0.042821
0.045137
-0.028593
-0.006756
-0.999568
8.620153
---
0.142995
0.014704
0.001078
0.989614
-0.020004
-0.014162
0.024849
-0.011930
-0.038982
0.057372
-0.028793
-0.006349
-0.999565
8.639865
---
0.142133
0.015651
0.001354
0.989723
-0.021807
-0.008109
0.036626
0.069617
-0.090815
0.086220
-0.030596
-0.007132
-0.999506
8.660013
---
0.141351
0.016528
0.002395
0.989819
-0.037902
-0.019191
0.040597
0.137203
-0.071704
0.071697
-0.032042
-0.009426
-0.999442
8.680127
---
0.141089
0.017652
0.003786
0.989832
-0.039736
-0.022245
0.040691
0.157243
-0.109097
0.007501
-0.033877
-0.012480
-0.999348
8.699964
---
0.140973
0.019731
0.004640
0.989806
-0.014313
-0.010847
0.026212
0.090809
-0.248599
0.020759
-0.037751
-0.014753
-0.999178
8.720107
---
0.140795
0.021993
0.005006
0.989782
-0.022595
-0.016109
0.014689
0.088237
-0.271863
0.016137
-0.042126
-0.016109
-0.998982
8.739243
---
0.140829
0.024402
0.005861
0.989716
-0.019308
-0.007732
0.019814
0.137266
-0.194057
-0.007545
-0.046652
-0.018474
-0.998740
8.759999
---
0.140627
0.026569
0.007419
0.989678
-0.029016
-0.019230
-0.003361
0.165010
-0.133909
0.020037
-0.050501
-0.022160
-0.998478
8.780144
---
0.140730
0.027833
0.008831
0.989617
-0.031116
-0.022384
-0.003178
0.185922
-0.118172
-0.026402
-0.052601
-0.025313
-0.998295
8.799552
---
0.140884
0.029274
0.010619
0.989536
-0.007091
-0.018525
0.026354
0.218107
-0.104861
-0.013684
-0.054942
-0.029267
-0.998061
8.819695
---
0.140788
0.030324
0.012711
0.989494
-0.017371
-0.031741
0.007045
0.244657
-0.054906
0.023707
-0.056433
-0.033694
-0.997838
8.839898
---
0.140689
0.031451
0.015627
0.989431
-0.016823
-0.034893
-0.013158
0.251614
-0.076263
-0.005060
-0.057838
-0.039776
-0.997533
8.860014
---
0.140607
0.032999
0.017811
0.989355
-0.026107
-0.025967
-0.036250
0.230957
-0.133414
0.011735
-0.060287
-0.044522
-0.997188
8.880129
---
0.140375
0.034454
0.019588
0.989305
-0.028493
-0.029875
-0.035921
0.245658
-0.140388
0.024247
-0.062672
-0.048430
-0.996858
8.899873
---
0.140148
0.035848
0.022393
0.989228
-0.028514
-0.034821
-0.025724
0.286202
-0.055226
-0.000328
-0.064647
-0.054352
-0.996427
8.920020
---
0.140066
0.037093
0.025173
0.989127
-0.019453
-0.014290
-0.025278
0.272363
-0.100863
0.001679
-0.066328
-0.060188
-0.995981
8.940896
---
0.139920
0.038681
0.027248
0.989032
-0.022991
-0.018826
-0.041421
0.216016
-0.147658
0.007135
-0.068889
-0.064724
-0.995522
8.960001
---
0.139855
0.040389
0.028941
0.988925
-0.012219
-0.017757
-0.053656
0.193087
-0.141078
0.001644
-0.071789
-0.068539
-0.995062
8.980115
---
0.139581
0.042509
0.030686
0.988822
-0.015931
-0.021772
-0.053096
0.212605
-0.210876
0.030234
-0.075501
-0.072553
-0.994503
8.999979
---
0.139342
0.045118
0.032336
0.988687
-0.022588
-0.014015
-0.043642
0.179765
-0.257067
0.019252
-0.080205
-0.076515
-0.993837
9.020125
---
0.139305
0.046902
0.033268
0.988579
-0.007293
-0.019273
-0.047098
0.134148
-0.186963
0.000924
-0.083465
-0.078844
-0.993387
9.039871
---
0.139634
0.048330
0.034218
0.988431
-0.004932
-0.011804
-0.039862
0.060424
-0.111167
-0.048203
-0.085986
-0.081140
-0.992987
9.059987
---
0.140314
0.050176
0.034330
0.988239
-0.010435
-0.010645
-0.082451
0.027060
-0.227826
-0.064849
-0.089536
-0.081934
-0.992608
9.080101
---
0.141103
0.053048
0.033932
0.987990
-0.016144
-0.010731
-0.081913
-0.025391
-0.317528
-0.076536
-0.095246
-0.082020
-0.992069
9.099997
---
0.141969
0.055966
0.032822
0.987743
-0.004561
-0.005536
-0.092167
-0.099120
-0.278661
-0.073163
-0.101241
-0.080731
-0.991581
9.120145
---
0.142510
0.057760
0.031674
0.987599
-0.007403
-0.010667
-0.096790
-0.121491
-0.231176
-0.046162
-0.105059
-0.079026
-0.991321
9.139887
---
0.142711
0.059904
0.029980
0.987495
-0.022839
-0.012832
-0.066221
-0.107486
-0.192100
0.020559
-0.109753
-0.076309
-0.991025
9.160004
---
0.142662
0.061369
0.028904
0.987444
-0.022129
-0.003303
-0.050367
-0.080585
-0.134910
0.008606
-0.112949
-0.074592
-0.990797
9.180087
---
0.142759
0.062147
0.028063
0.987406
-0.023896
-0.001874
-0.050271
-0.088959
-0.076641
-0.013919
-0.114716
-0.073163
-0.990700
9.200048
---
0.142892
0.062426
0.027237
0.987392
-0.014907
0.009427
-0.059082
-0.076456
-0.028348
-0.005333
-0.115493
-0.071628
-0.990722
9.219122
---
0.142905
0.062461
0.026638
0.987404
-0.011243
0.003763
-0.064020
-0.054612
-0.013742
0.008758
-0.115735
-0.070456
-0.990778
9.239873
---
0.142871
0.062658
0.025931
0.987415
-0.012814
0.003151
-0.068928
-0.057149
-0.019950
0.010051
-0.116330
-0.069115
-0.990803
9.260020
---
0.142767
0.062846
0.025278
0.987436
-0.004591
0.000494
-0.081643
-0.052193
-0.030209
0.008948
-0.116896
-0.067866
-0.990823
9.280165
---
0.142634
0.063134
0.024854
0.987447
-0.005289
0.001266
-0.081613
-0.031544
-0.030156
0.015381
-0.117593
-0.067094
-0.990793
9.300002
---
0.142483
0.063406
0.024536
0.987459
-0.018620
-0.000120
-0.055209
-0.032103
-0.040633
0.026781
-0.118229
-0.066526
-0.990755
9.320147
---
0.142327
0.063877
0.024252
0.987459
-0.012803
-0.004556
-0.062929
-0.023638
-0.068855
0.017768
-0.119248
-0.066079
-0.990663
9.339890
---
0.142153
0.064689
0.023808
0.987442
-0.000866
0.000995
-0.080341
-0.035111
-0.063035
0.011493
-0.120983
-0.065412
-0.990497
9.360006
---
0.141995
0.065032
0.023520
0.987449
-0.006518
-0.005348
-0.071490
-0.017897
-0.009613
0.022370
-0.121753
-0.064919
-0.990435
9.380060
---
0.141749
0.064657
0.023522
0.987509
-0.005796
-0.005219
-0.071587
0.007404
0.048816
0.023230
-0.121030
-0.064789
-0.990532
9.400054
---
0.141575
0.064150
0.023848
0.987559
0.002120
0.000161
-0.041413
0.048983
0.078198
0.011051
-0.119950
-0.065268
-0.990632
9.419125
---
0.141360
0.063411
0.024636
0.987618
0.013549
0.009583
-0.034690
0.077362
0.091769
0.008514
-0.118287
-0.066589
-0.990744
9.439876
---
0.141235
0.061969
0.025897
0.987695
0.003066
0.012393
-0.064220
0.088555
0.148090
-0.008067
-0.115098
-0.068662
-0.990978
9.459993
---
0.141300
0.060624
0.026949
0.987741
-0.000818
-0.006895
-0.065416
0.077774
0.152507
-0.007190
-0.112146
-0.070371
-0.991197
9.480077
---
0.141393
0.059482
0.027826
0.987773
0.001688
-0.008316
-0.065594
0.061361
0.104760
-0.017543
-0.109640
-0.071793
-0.991375
9.500071
---
0.141517
0.059001
0.028275
0.987771
0.000820
-0.005177
-0.057845
0.036461
0.037488
-0.017403
-0.108555
-0.072560
-0.991439
9.519141
---
0.141669
0.058472
0.028404
0.987777
-0.012740
-0.011157
-0.065767
-0.012197
0.063494
-0.012174
-0.107467
-0.072680
-0.991549
9.539964
---
0.142010
0.057379
0.027936
0.987806
-0.025347
-0.013869
-0.053378
-0.084811
0.083586
-0.015552
-0.105425
-0.071486
-0.991855
9.560009
---
0.142095
0.056430
0.027001
0.987874
-0.027646
-0.015674
-0.058580
-0.123712
0.069023
-0.002917
-0.103817
-0.069384
-0.992173
9.580063
---
0.141966
0.055622
0.025834
0.987970
-0.026399
-0.013129
-0.058884
-0.123603
0.051982
0.036789
-0.102571
-0.066840
-0.992478
9.600089
---
0.141543
0.055216
0.024962
0.988076
-0.033690
-0.014180
-0.042461
-0.114399
0.022609
0.071859
-0.102049
-0.064961
-0.992656
9.619156
---
0.140817
0.055009
0.023841
0.988219
-0.029741
0.002817
-0.045546
-0.112393
0.003893
0.081641
-0.102007
-0.062613
-0.992811
9.639923
---
0.140199
0.053962
0.022556
0.988394
-0.003668
0.005711
-0.041010
-0.109919
0.124941
0.042003
-0.100348
-0.059719
-0.993159
9.660026
---
0.139872
0.052314
0.021680
0.988549
-0.010450
-0.002812
-0.033626
-0.117033
0.146933
0.036688
-0.097364
-0.057500
-0.993586
9.680049
---
0.139523
0.051010
0.020365
0.988694
-0.008271
0.000184
-0.034006
-0.179215
0.089755
0.044466
-0.095185
-0.054503
-0.993966
9.700008
---
0.139301
0.049971
0.018651
0.988813
-0.008666
-0.012721
-0.060716
-0.188747
0.072782
0.014153
-0.093627
-0.050807
-0.994310
9.720154
---
0.139343
0.049372
0.017654
0.988855
0.012745
-0.008634
-0.025751
-0.170758
0.078774
-0.018965
-0.092724
-0.048673
-0.994501
9.739897
---
0.139806
0.047427
0.016174
0.988910
0.008377
-0.001304
0.008928
-0.089083
0.135042
-0.025950
-0.089280
-0.045249
-0.994978
9.760012
---
0.140139
0.046329
0.015763
0.988922
-0.011040
-0.009007
-0.015718
-0.044403
0.101960
-0.030953
-0.087212
-0.044164
-0.995210
9.780034
---
0.140224
0.045966
0.016151
0.988920
-0.010213
-0.009678
-0.015760
0.063376
0.015122
0.007171
-0.086385
-0.044834
-0.995253
9.800033
---
0.139998
0.046276
0.017235
0.988920
-0.018341
-0.019703
-0.000006
0.169589
-0.019303
0.036892
-0.086701
-0.047047
-0.995123
9.819160
---
0.139532
0.046447
0.018647
0.988952
-0.009516
-0.034218
0.027471
0.196225
0.037350
0.063304
-0.086664
-0.049843
-0.994990
9.839951
---
0.138576
0.044800
0.020833
0.989119
-0.022304
-0.020426
0.018554
0.148522
0.232436
0.066220
-0.082851
-0.053629
-0.995118
9.859998
---
0.137521
0.041579
0.022589
0.989368
-0.021375
-0.012188
-0.014076
0.079413
0.302844
0.078221
-0.076062
-0.056133
-0.995522
9.880021
---
0.136760
0.038830
0.023259
0.989570
-0.015801
-0.012709
-0.014457
0.013355
0.271586
0.061076
-0.070489
-0.056654
-0.995902
9.900074
---
0.136198
0.036874
0.023597
0.989714
-0.014803
-0.007925
-0.034253
0.008472
0.228838
0.063010
-0.066560
-0.056753
-0.996167
9.919146
---
0.135694
0.035170
0.023933
0.989837
-0.010396
0.010457
-0.021771
0.005321
0.159167
0.047112
-0.063131
-0.056925
-0.996381
9.939868
---
0.134885
0.033959
0.023887
0.989991
-0.024661
-0.004700
-0.028779
-0.027025
0.057184
0.069905
-0.060794
-0.056458
-0.996552
9.959984
---
0.134140
0.033472
0.023411
0.990120
-0.014104
-0.018231
-0.014241
-0.065312
0.049071
0.082285
-0.060002
-0.055340
-0.996663
9.980006
---
0.133289
0.032540
0.022903
0.990278
-0.003656
-0.017903
0.011956
-0.056172
0.102931
0.088977
-0.058343
-0.054036
-0.996833
10.001005
---
0.132423
0.031339
0.022567
0.990441
-0.001415
-0.016870
0.011772
-0.031848
0.121573
0.083760
-0.056103
-0.053003
-0.997017
10.020142
---
0.131580
0.029529
0.022519
0.990610
-0.014490
0.006208
0.033032
-0.021561
0.202653
0.077285
-0.052576
-0.052386
-0.997242
10.040893
---
0.130669
0.027444
0.022733
0.990785
-0.009378
0.009304
0.021095
0.002912
0.224453
0.093310
-0.048440
-0.052219
-0.997460
10.060032
---
0.129726
0.025668
0.023192
0.990946
0.002998
-0.000867
0.027784
0.040278
0.166054
0.083898
-0.044853
-0.052625
-0.997607
10.079165